11.75480397 22.98505759 0.0 1.0 0.0 0.0 0.0 0.0 0.0 0.0
16.75480397 27.98505759 0.0 1.0 0.0 0.0 0.0 0.0 0.0 0.0
21.75480397 32.98505759 0.0 1.0 0.0 0.0 0.0 0.0 0.0 0.0
26.75480397 37.98505759 0.0 1.0 0.0 0.0 0.0 0.0 0.0 0.0
31.75480397 42.98505759 0.0 1.0 0.0 0.0 0.0 0.0 0.0 0.0
36.75480397 47.98505759 0.0 1.0 0.0 0.0 0.0 0.0 0.0 0.0
41.75480397 52.98505759 0.0 1.0 0.0 0.0 0.0 0.0 0.0 0.0
46.75480397 57.98505759 0.0 1.0 0.0 0.0 0.0 0.0 0.0 0.0
51.75480397 62.98505759 0.0 1.0 0.0 0.0 0.0 0.0 0.0 0.0
56.75480397 67.98505759 0.0 1.0 0.0 0.0 0.0 0.0 0.0 0.0
61.75480397 72.98505759 0.0 1.0 0.0 0.0 0.0 0.0 0.0 0.0
66.75480397 77.98505759 0.0 1.0 0.0 0.0 0.0 0.0 0.0 0.0
71.75480397 82.98505759 0.0 1.0 0.0 0.0 0.0 0.0 0.0 0.0
