87.78756465 99.26163861 0.0 0.0 0.0 0.0 0.0 1.0 0.0 0.0
82.78756465 94.26163861 0.0 0.0 0.0 0.0 0.0 1.0 0.0 0.0
77.78756465 89.26163861 0.0 0.0 0.0 0.0 0.0 1.0 0.0 0.0
72.78756465 84.26163861 0.0 0.0 0.0 0.0 0.0 1.0 0.0 0.0
67.78756465 79.26163861 0.0 0.0 0.0 0.0 1.0 0.0 0.0 0.0
62.78756465 79.26163861 0.0 0.0 0.0 0.0 0.0 1.0 0.0 0.0
57.78756465 74.26163861 0.0 0.0 0.0 0.0 0.0 1.0 0.0 0.0
52.78756465 69.26163861 0.0 0.0 0.0 0.0 0.0 1.0 0.0 0.0
47.78756465 64.26163861 0.0 0.0 0.0 0.0 0.0 0.0 1.0 0.0
47.78756465 59.26163861 0.0 0.0 0.0 0.0 0.0 1.0 0.0 0.0
42.78756465 54.26163861 0.0 0.0 0.0 0.0 0.0 0.0 1.0 0.0
42.78756465 49.26163861 0.0 0.0 0.0 0.0 0.0 0.0 1.0 0.0
42.78756465 44.26163861 0.0 0.0 0.0 0.0 0.0 1.0 0.0 0.0
37.78756465 39.26163861 0.0 0.0 0.0 0.0 0.0 0.0 1.0 0.0
37.78756465 34.26163861 0.0 0.0 0.0 0.0 0.0 1.0 0.0 0.0
32.78756465 29.26163861 0.0 0.0 0.0 0.0 0.0 0.0 1.0 0.0
32.78756465 24.26163861 0.0 0.0 0.0 0.0 0.0 1.0 0.0 0.0
27.78756465 19.26163861 0.0 0.0 0.0 0.0 0.0 1.0 0.0 0.0
