80.78867424 98.84692444 0.0 0.0 0.0 0.0 0.0 1.0 0.0 0.0
75.78867424 93.84692444 0.0 0.0 0.0 0.0 0.0 1.0 0.0 0.0
70.78867424 88.84692444 0.0 0.0 0.0 0.0 0.0 1.0 0.0 0.0
65.78867424 83.84692444 0.0 0.0 0.0 0.0 0.0 1.0 0.0 0.0
60.78867424 78.84692444 0.0 0.0 0.0 0.0 0.0 1.0 0.0 0.0
55.78867424 73.84692444 0.0 0.0 0.0 0.0 0.0 1.0 0.0 0.0
50.78867424 68.84692444 0.0 0.0 0.0 0.0 0.0 0.0 1.0 0.0
50.78867424 63.84692444 0.0 0.0 0.0 0.0 0.0 0.0 1.0 0.0
50.78867424 58.84692444 0.0 0.0 0.0 0.0 0.0 0.0 1.0 0.0
50.78867424 53.84692444 0.0 0.0 0.0 0.0 0.0 0.0 1.0 0.0
50.78867424 48.84692444 0.0 0.0 0.0 0.0 0.0 0.0 1.0 0.0
50.78867424 43.84692444 0.0 0.0 0.0 0.0 0.0 1.0 0.0 0.0
45.78867424 38.84692444 0.0 0.0 0.0 0.0 0.0 1.0 0.0 0.0
40.78867424 33.84692444 0.0 0.0 0.0 0.0 0.0 1.0 0.0 0.0
35.78867424 28.84692444 0.0 0.0 0.0 0.0 0.0 1.0 0.0 0.0
30.78867424 23.84692444 0.0 0.0 0.0 0.0 0.0 0.0 1.0 0.0
30.78867424 18.84692444 0.0 0.0 0.0 0.0 0.0 1.0 0.0 0.0
25.78867424 13.84692444 0.0 0.0 0.0 0.0 0.0 1.0 0.0 0.0
