13.61923698 66.57561044 0.0 0.0 0.0 0.0 0.0 0.0 0.0 1.0
18.61923698 61.57561044 0.0 0.0 0.0 0.0 0.0 0.0 0.0 1.0
23.61923698 56.57561044 0.0 0.0 0.0 0.0 0.0 0.0 0.0 1.0
28.61923698 51.57561044 0.0 0.0 0.0 0.0 0.0 0.0 0.0 1.0
33.61923698 46.57561044 0.0 0.0 0.0 0.0 0.0 0.0 0.0 1.0
38.61923698 41.57561044 0.0 0.0 0.0 0.0 0.0 0.0 0.0 1.0
43.61923698 36.57561044 0.0 0.0 0.0 0.0 0.0 0.0 0.0 1.0
48.61923698 31.57561044 0.0 0.0 0.0 0.0 0.0 0.0 0.0 1.0
53.61923698 26.57561044 1.0 0.0 0.0 0.0 0.0 0.0 0.0 0.0
58.61923698 26.57561044 0.0 0.0 0.0 0.0 0.0 0.0 0.0 1.0
63.61923698 21.57561044 0.0 0.0 0.0 0.0 0.0 0.0 0.0 1.0
68.61923698 16.57561044 0.0 0.0 0.0 0.0 0.0 0.0 0.0 1.0
73.61923698 11.57561044 0.0 0.0 0.0 0.0 0.0 0.0 0.0 1.0
