93.63260348 85.62893224 0.0 0.0 0.0 0.0 1.0 0.0 0.0 0.0
88.63260348 85.62893224 0.0 0.0 0.0 0.0 0.0 1.0 0.0 0.0
83.63260348 80.62893224 0.0 0.0 0.0 0.0 0.0 1.0 0.0 0.0
78.63260348 75.62893224 0.0 0.0 0.0 0.0 0.0 1.0 0.0 0.0
73.63260348 70.62893224 0.0 0.0 0.0 0.0 0.0 1.0 0.0 0.0
68.63260348 65.62893224 0.0 0.0 0.0 0.0 0.0 0.0 1.0 0.0
68.63260348 60.62893224 0.0 0.0 0.0 0.0 0.0 0.0 1.0 0.0
68.63260348 55.62893224 0.0 0.0 0.0 0.0 0.0 0.0 1.0 0.0
68.63260348 50.62893224 0.0 0.0 0.0 0.0 0.0 0.0 1.0 0.0
68.63260348 45.62893224 0.0 0.0 0.0 0.0 0.0 0.0 1.0 0.0
68.63260348 40.62893224 0.0 0.0 0.0 0.0 0.0 0.0 1.0 0.0
68.63260348 35.62893224 0.0 0.0 0.0 0.0 0.0 1.0 0.0 0.0
63.63260348 30.62893224 0.0 0.0 0.0 0.0 0.0 1.0 0.0 0.0
58.63260348 25.62893224 0.0 0.0 0.0 0.0 0.0 1.0 0.0 0.0
53.63260348 20.62893224 0.0 0.0 0.0 0.0 0.0 1.0 0.0 0.0
48.63260348 15.62893224 0.0 0.0 0.0 0.0 0.0 1.0 0.0 0.0
43.63260348 10.62893224 0.0 0.0 0.0 0.0 0.0 1.0 0.0 0.0
38.63260348 5.62893224 0.0 0.0 0.0 0.0 0.0 1.0 0.0 0.0
