7.76205631 94.71811494 0.0 0.0 0.0 0.0 0.0 0.0 0.0 1.0
12.76205631 89.71811494 1.0 0.0 0.0 0.0 0.0 0.0 0.0 0.0
17.76205631 89.71811494 0.0 0.0 0.0 0.0 0.0 0.0 0.0 1.0
22.76205631 84.71811494 0.0 0.0 0.0 0.0 0.0 0.0 0.0 1.0
27.76205631 79.71811494 0.0 0.0 0.0 0.0 0.0 0.0 0.0 1.0
32.76205631 74.71811494 0.0 0.0 0.0 0.0 0.0 0.0 0.0 1.0
37.76205631 69.71811494 0.0 0.0 0.0 0.0 0.0 0.0 0.0 1.0
42.76205631 64.71811494 0.0 0.0 0.0 0.0 0.0 0.0 0.0 1.0
47.76205631 59.71811494 0.0 0.0 0.0 0.0 0.0 0.0 0.0 1.0
52.76205631 54.71811494 0.0 0.0 0.0 0.0 0.0 0.0 0.0 1.0
57.76205631 49.71811494 0.0 0.0 0.0 0.0 0.0 1.0 0.0 0.0
