88.44354944 84.2808552 0.0 0.0 0.0 0.0 0.0 1.0 0.0 0.0
83.44354944 79.2808552 0.0 0.0 0.0 0.0 0.0 1.0 0.0 0.0
78.44354944 74.2808552 0.0 0.0 0.0 0.0 0.0 0.0 1.0 0.0
78.44354944 69.2808552 0.0 0.0 0.0 0.0 0.0 1.0 0.0 0.0
73.44354944 64.2808552 0.0 0.0 0.0 0.0 0.0 1.0 0.0 0.0
68.44354944 59.2808552 0.0 0.0 0.0 0.0 0.0 1.0 0.0 0.0
63.44354944 54.2808552 0.0 0.0 0.0 0.0 1.0 0.0 0.0 0.0
58.44354944 54.2808552 0.0 0.0 0.0 0.0 0.0 1.0 0.0 0.0
53.44354944 49.2808552 0.0 0.0 0.0 0.0 1.0 0.0 0.0 0.0
48.44354944 49.2808552 0.0 0.0 0.0 0.0 0.0 1.0 0.0 0.0
43.44354944 44.2808552 0.0 0.0 0.0 0.0 1.0 0.0 0.0 0.0
38.44354944 44.2808552 0.0 0.0 0.0 0.0 0.0 1.0 0.0 0.0
33.44354944 39.2808552 0.0 0.0 0.0 0.0 1.0 0.0 0.0 0.0
28.44354944 39.2808552 0.0 0.0 0.0 0.0 0.0 1.0 0.0 0.0
23.44354944 34.2808552 0.0 0.0 0.0 0.0 1.0 0.0 0.0 0.0
18.44354944 34.2808552 0.0 0.0 0.0 0.0 0.0 1.0 0.0 0.0
13.44354944 29.2808552 0.0 0.0 0.0 0.0 1.0 0.0 0.0 0.0
8.44354944 29.2808552 0.0 0.0 0.0 0.0 1.0 0.0 0.0 0.0
3.44354944 29.2808552 0.0 0.0 0.0 0.0 0.0 1.0 0.0 0.0
