98.21828725 18.99557617 0.0 0.0 0.0 1.0 0.0 0.0 0.0 0.0
93.21828725 23.99557617 0.0 0.0 0.0 1.0 0.0 0.0 0.0 0.0
88.21828725 28.99557617 0.0 0.0 0.0 1.0 0.0 0.0 0.0 0.0
83.21828725 33.99557617 0.0 0.0 0.0 0.0 1.0 0.0 0.0 0.0
78.21828725 33.99557617 0.0 0.0 0.0 0.0 1.0 0.0 0.0 0.0
73.21828725 33.99557617 0.0 0.0 0.0 0.0 1.0 0.0 0.0 0.0
68.21828725 33.99557617 0.0 0.0 0.0 1.0 0.0 0.0 0.0 0.0
63.21828725 38.99557617 0.0 0.0 0.0 1.0 0.0 0.0 0.0 0.0
58.21828725 43.99557617 0.0 0.0 0.0 1.0 0.0 0.0 0.0 0.0
53.21828725 48.99557617 0.0 0.0 0.0 1.0 0.0 0.0 0.0 0.0
48.21828725 53.99557617 0.0 0.0 0.0 1.0 0.0 0.0 0.0 0.0
43.21828725 58.99557617 0.0 0.0 0.0 1.0 0.0 0.0 0.0 0.0
38.21828725 63.99557617 0.0 0.0 1.0 0.0 0.0 0.0 0.0 0.0
38.21828725 68.99557617 0.0 0.0 0.0 1.0 0.0 0.0 0.0 0.0
33.21828725 73.99557617 0.0 0.0 1.0 0.0 0.0 0.0 0.0 0.0
33.21828725 78.99557617 0.0 0.0 0.0 1.0 0.0 0.0 0.0 0.0
28.21828725 83.99557617 0.0 0.0 1.0 0.0 0.0 0.0 0.0 0.0
28.21828725 88.99557617 0.0 0.0 0.0 1.0 0.0 0.0 0.0 0.0
23.21828725 93.99557617 0.0 0.0 0.0 1.0 0.0 0.0 0.0 0.0
