98.78904633 29.37774213 0.0 0.0 0.0 0.0 1.0 0.0 0.0 0.0
93.78904633 29.37774213 0.0 0.0 0.0 0.0 1.0 0.0 0.0 0.0
88.78904633 29.37774213 0.0 0.0 0.0 0.0 1.0 0.0 0.0 0.0
83.78904633 29.37774213 0.0 0.0 0.0 1.0 0.0 0.0 0.0 0.0
78.78904633 34.37774213 0.0 0.0 0.0 0.0 1.0 0.0 0.0 0.0
73.78904633 34.37774213 0.0 0.0 0.0 1.0 0.0 0.0 0.0 0.0
68.78904633 39.37774213 0.0 0.0 0.0 1.0 0.0 0.0 0.0 0.0
63.78904633 44.37774213 0.0 0.0 0.0 1.0 0.0 0.0 0.0 0.0
58.78904633 49.37774213 0.0 0.0 0.0 1.0 0.0 0.0 0.0 0.0
53.78904633 54.37774213 0.0 0.0 0.0 1.0 0.0 0.0 0.0 0.0
48.78904633 59.37774213 0.0 0.0 0.0 1.0 0.0 0.0 0.0 0.0
43.78904633 64.37774213 0.0 0.0 0.0 1.0 0.0 0.0 0.0 0.0
38.78904633 69.37774213 0.0 0.0 0.0 1.0 0.0 0.0 0.0 0.0
33.78904633 74.37774213 0.0 0.0 0.0 1.0 0.0 0.0 0.0 0.0
28.78904633 79.37774213 0.0 0.0 0.0 1.0 0.0 0.0 0.0 0.0
23.78904633 84.37774213 0.0 0.0 0.0 1.0 0.0 0.0 0.0 0.0
18.78904633 89.37774213 0.0 0.0 0.0 1.0 0.0 0.0 0.0 0.0
13.78904633 94.37774213 0.0 0.0 0.0 0.0 1.0 0.0 0.0 0.0
8.78904633 94.37774213 0.0 0.0 0.0 1.0 0.0 0.0 0.0 0.0
3.78904633 99.37774213 0.0 0.0 0.0 0.0 0.0 1.0 0.0 0.0
