55.69648592 1.55007802 0.0 0.0 1.0 0.0 0.0 0.0 0.0 0.0
55.69648592 6.55007802 0.0 0.0 1.0 0.0 0.0 0.0 0.0 0.0
55.69648592 11.55007802 0.0 0.0 1.0 0.0 0.0 0.0 0.0 0.0
55.69648592 16.55007802 0.0 0.0 1.0 0.0 0.0 0.0 0.0 0.0
55.69648592 21.55007802 0.0 0.0 0.0 1.0 0.0 0.0 0.0 0.0
50.69648592 26.55007802 0.0 0.0 1.0 0.0 0.0 0.0 0.0 0.0
50.69648592 31.55007802 0.0 0.0 1.0 0.0 0.0 0.0 0.0 0.0
50.69648592 36.55007802 0.0 0.0 1.0 0.0 0.0 0.0 0.0 0.0
50.69648592 41.55007802 0.0 1.0 0.0 0.0 0.0 0.0 0.0 0.0
55.69648592 46.55007802 0.0 0.0 1.0 0.0 0.0 0.0 0.0 0.0
55.69648592 51.55007802 0.0 1.0 0.0 0.0 0.0 0.0 0.0 0.0
60.69648592 56.55007802 0.0 0.0 1.0 0.0 0.0 0.0 0.0 0.0
60.69648592 61.55007802 0.0 1.0 0.0 0.0 0.0 0.0 0.0 0.0
65.69648592 66.55007802 0.0 0.0 0.0 1.0 0.0 0.0 0.0 0.0
