75.09297178 96.06575775 0.0 0.0 0.0 0.0 0.0 1.0 0.0 0.0
70.09297178 91.06575775 0.0 0.0 0.0 0.0 0.0 1.0 0.0 0.0
65.09297178 86.06575775 0.0 0.0 0.0 0.0 0.0 1.0 0.0 0.0
60.09297178 81.06575775 0.0 0.0 0.0 0.0 0.0 1.0 0.0 0.0
55.09297178 76.06575775 0.0 0.0 0.0 0.0 0.0 1.0 0.0 0.0
50.09297178 71.06575775 0.0 0.0 0.0 0.0 0.0 1.0 0.0 0.0
45.09297178 66.06575775 0.0 0.0 0.0 0.0 0.0 0.0 1.0 0.0
45.09297178 61.06575775 0.0 0.0 0.0 0.0 0.0 1.0 0.0 0.0
40.09297178 56.06575775 0.0 0.0 0.0 0.0 1.0 0.0 0.0 0.0
35.09297178 56.06575775 0.0 0.0 0.0 0.0 0.0 1.0 0.0 0.0
30.09297178 51.06575775 0.0 0.0 0.0 0.0 1.0 0.0 0.0 0.0
25.09297178 51.06575775 0.0 0.0 0.0 0.0 0.0 1.0 0.0 0.0
20.09297178 46.06575775 0.0 0.0 0.0 0.0 1.0 0.0 0.0 0.0
15.09297178 46.06575775 0.0 0.0 0.0 0.0 0.0 1.0 0.0 0.0
