26.53718815 23.33254801 0.0 1.0 0.0 0.0 0.0 0.0 0.0 0.0
31.53718815 28.33254801 0.0 0.0 1.0 0.0 0.0 0.0 0.0 0.0
31.53718815 33.33254801 0.0 0.0 1.0 0.0 0.0 0.0 0.0 0.0
31.53718815 38.33254801 0.0 0.0 1.0 0.0 0.0 0.0 0.0 0.0
31.53718815 43.33254801 0.0 0.0 1.0 0.0 0.0 0.0 0.0 0.0
31.53718815 48.33254801 0.0 0.0 1.0 0.0 0.0 0.0 0.0 0.0
31.53718815 53.33254801 0.0 1.0 0.0 0.0 0.0 0.0 0.0 0.0
36.53718815 58.33254801 0.0 1.0 0.0 0.0 0.0 0.0 0.0 0.0
41.53718815 63.33254801 0.0 1.0 0.0 0.0 0.0 0.0 0.0 0.0
46.53718815 68.33254801 0.0 1.0 0.0 0.0 0.0 0.0 0.0 0.0
51.53718815 73.33254801 1.0 0.0 0.0 0.0 0.0 0.0 0.0 0.0
56.53718815 73.33254801 0.0 1.0 0.0 0.0 0.0 0.0 0.0 0.0
61.53718815 78.33254801 1.0 0.0 0.0 0.0 0.0 0.0 0.0 0.0
66.53718815 78.33254801 0.0 1.0 0.0 0.0 0.0 0.0 0.0 0.0
71.53718815 83.33254801 1.0 0.0 0.0 0.0 0.0 0.0 0.0 0.0
76.53718815 83.33254801 0.0 1.0 0.0 0.0 0.0 0.0 0.0 0.0
