17.27323184 95.37790506 0.0 0.0 0.0 0.0 0.0 0.0 0.0 1.0
22.27323184 90.37790506 0.0 0.0 0.0 0.0 0.0 0.0 0.0 1.0
27.27323184 85.37790506 0.0 0.0 0.0 0.0 0.0 0.0 0.0 1.0
32.27323184 80.37790506 0.0 0.0 0.0 0.0 0.0 0.0 0.0 1.0
37.27323184 75.37790506 0.0 0.0 0.0 0.0 0.0 0.0 1.0 0.0
37.27323184 70.37790506 0.0 0.0 0.0 0.0 0.0 0.0 1.0 0.0
37.27323184 65.37790506 0.0 0.0 0.0 0.0 0.0 0.0 1.0 0.0
37.27323184 60.37790506 0.0 0.0 0.0 0.0 0.0 0.0 0.0 1.0
42.27323184 55.37790506 0.0 0.0 0.0 0.0 0.0 0.0 0.0 1.0
47.27323184 50.37790506 0.0 0.0 0.0 0.0 0.0 0.0 0.0 1.0
52.27323184 45.37790506 1.0 0.0 0.0 0.0 0.0 0.0 0.0 0.0
57.27323184 45.37790506 0.0 0.0 0.0 0.0 0.0 0.0 0.0 1.0
62.27323184 40.37790506 1.0 0.0 0.0 0.0 0.0 0.0 0.0 0.0
67.27323184 40.37790506 0.0 0.0 0.0 0.0 0.0 0.0 0.0 1.0
72.27323184 35.37790506 0.0 1.0 0.0 0.0 0.0 0.0 0.0 0.0
