46.77438356 99.91690973 0.0 0.0 0.0 0.0 0.0 0.0 0.0 1.0
51.77438356 94.91690973 0.0 0.0 0.0 0.0 0.0 0.0 0.0 1.0
56.77438356 89.91690973 0.0 0.0 0.0 0.0 0.0 0.0 0.0 1.0
61.77438356 84.91690973 1.0 0.0 0.0 0.0 0.0 0.0 0.0 0.0
66.77438356 84.91690973 1.0 0.0 0.0 0.0 0.0 0.0 0.0 0.0
71.77438356 84.91690973 1.0 0.0 0.0 0.0 0.0 0.0 0.0 0.0
76.77438356 84.91690973 1.0 0.0 0.0 0.0 0.0 0.0 0.0 0.0
81.77438356 84.91690973 0.0 0.0 0.0 0.0 0.0 0.0 0.0 1.0
86.77438356 79.91690973 0.0 0.0 0.0 0.0 0.0 0.0 1.0 0.0
86.77438356 74.91690973 0.0 0.0 0.0 0.0 0.0 0.0 0.0 1.0
91.77438356 69.91690973 0.0 0.0 0.0 0.0 0.0 0.0 1.0 0.0
91.77438356 64.91690973 0.0 0.0 0.0 0.0 0.0 0.0 1.0 0.0
91.77438356 59.91690973 0.0 0.0 0.0 0.0 0.0 0.0 1.0 0.0
91.77438356 54.91690973 0.0 0.0 0.0 0.0 0.0 0.0 1.0 0.0
91.77438356 49.91690973 0.0 0.0 0.0 0.0 0.0 0.0 1.0 0.0
91.77438356 44.91690973 0.0 0.0 0.0 0.0 0.0 0.0 1.0 0.0
91.77438356 39.91690973 0.0 0.0 0.0 0.0 0.0 0.0 1.0 0.0
91.77438356 34.91690973 0.0 0.0 0.0 0.0 0.0 0.0 1.0 0.0
91.77438356 29.91690973 0.0 0.0 0.0 0.0 0.0 0.0 1.0 0.0
91.77438356 24.91690973 0.0 0.0 0.0 0.0 0.0 0.0 1.0 0.0
91.77438356 19.91690973 0.0 0.0 0.0 0.0 0.0 0.0 1.0 0.0
91.77438356 14.91690973 0.0 0.0 0.0 0.0 0.0 0.0 1.0 0.0
91.77438356 9.91690973 0.0 0.0 0.0 0.0 0.0 0.0 1.0 0.0
91.77438356 4.91690973 0.0 0.0 0.0 0.0 0.0 1.0 0.0 0.0
