18.25776464 6.75510299 0.0 0.0 1.0 0.0 0.0 0.0 0.0 0.0
18.25776464 11.75510299 0.0 0.0 1.0 0.0 0.0 0.0 0.0 0.0
18.25776464 16.75510299 0.0 0.0 1.0 0.0 0.0 0.0 0.0 0.0
18.25776464 21.75510299 0.0 0.0 1.0 0.0 0.0 0.0 0.0 0.0
18.25776464 26.75510299 0.0 0.0 1.0 0.0 0.0 0.0 0.0 0.0
18.25776464 31.75510299 0.0 0.0 1.0 0.0 0.0 0.0 0.0 0.0
18.25776464 36.75510299 0.0 0.0 1.0 0.0 0.0 0.0 0.0 0.0
18.25776464 41.75510299 0.0 1.0 0.0 0.0 0.0 0.0 0.0 0.0
23.25776464 46.75510299 0.0 1.0 0.0 0.0 0.0 0.0 0.0 0.0
28.25776464 51.75510299 0.0 1.0 0.0 0.0 0.0 0.0 0.0 0.0
33.25776464 56.75510299 0.0 0.0 1.0 0.0 0.0 0.0 0.0 0.0
33.25776464 61.75510299 0.0 1.0 0.0 0.0 0.0 0.0 0.0 0.0
38.25776464 66.75510299 0.0 0.0 1.0 0.0 0.0 0.0 0.0 0.0
38.25776464 71.75510299 0.0 0.0 1.0 0.0 0.0 0.0 0.0 0.0
38.25776464 76.75510299 0.0 0.0 0.0 1.0 0.0 0.0 0.0 0.0
33.25776464 81.75510299 0.0 0.0 1.0 0.0 0.0 0.0 0.0 0.0
33.25776464 86.75510299 0.0 0.0 0.0 1.0 0.0 0.0 0.0 0.0
