14.02917254 81.78530572 0.0 0.0 0.0 0.0 0.0 0.0 1.0 0.0
14.02917254 76.78530572 0.0 0.0 0.0 0.0 0.0 0.0 1.0 0.0
14.02917254 71.78530572 0.0 0.0 0.0 0.0 0.0 0.0 1.0 0.0
14.02917254 66.78530572 0.0 0.0 0.0 0.0 0.0 0.0 1.0 0.0
14.02917254 61.78530572 0.0 0.0 0.0 0.0 0.0 0.0 1.0 0.0
14.02917254 56.78530572 0.0 0.0 0.0 0.0 0.0 0.0 1.0 0.0
14.02917254 51.78530572 0.0 0.0 0.0 0.0 0.0 1.0 0.0 0.0
9.02917254 46.78530572 0.0 0.0 0.0 0.0 0.0 1.0 0.0 0.0
4.02917254 41.78530572 0.0 0.0 0.0 0.0 0.0 0.0 1.0 0.0
4.02917254 36.78530572 0.0 0.0 0.0 0.0 0.0 0.0 1.0 0.0
4.02917254 31.78530572 0.0 0.0 0.0 0.0 0.0 0.0 1.0 0.0
4.02917254 26.78530572 0.0 0.0 0.0 0.0 0.0 0.0 1.0 0.0
4.02917254 21.78530572 0.0 0.0 0.0 0.0 0.0 0.0 0.0 1.0
9.02917254 16.78530572 1.0 0.0 0.0 0.0 0.0 0.0 0.0 0.0
14.02917254 16.78530572 1.0 0.0 0.0 0.0 0.0 0.0 0.0 0.0
19.02917254 16.78530572 1.0 0.0 0.0 0.0 0.0 0.0 0.0 0.0
24.02917254 16.78530572 0.0 0.0 0.0 0.0 0.0 0.0 0.0 1.0
29.02917254 11.78530572 0.0 0.0 0.0 0.0 0.0 0.0 0.0 1.0
