28.78088389 2.34831981 0.0 0.0 1.0 0.0 0.0 0.0 0.0 0.0
28.78088389 7.34831981 0.0 0.0 1.0 0.0 0.0 0.0 0.0 0.0
28.78088389 12.34831981 0.0 0.0 1.0 0.0 0.0 0.0 0.0 0.0
28.78088389 17.34831981 0.0 0.0 1.0 0.0 0.0 0.0 0.0 0.0
28.78088389 22.34831981 0.0 0.0 1.0 0.0 0.0 0.0 0.0 0.0
28.78088389 27.34831981 0.0 0.0 1.0 0.0 0.0 0.0 0.0 0.0
28.78088389 32.34831981 0.0 0.0 1.0 0.0 0.0 0.0 0.0 0.0
28.78088389 37.34831981 0.0 0.0 1.0 0.0 0.0 0.0 0.0 0.0
28.78088389 42.34831981 0.0 0.0 0.0 1.0 0.0 0.0 0.0 0.0
23.78088389 47.34831981 0.0 0.0 0.0 1.0 0.0 0.0 0.0 0.0
18.78088389 52.34831981 0.0 0.0 0.0 1.0 0.0 0.0 0.0 0.0
13.78088389 57.34831981 0.0 0.0 0.0 1.0 0.0 0.0 0.0 0.0
8.78088389 62.34831981 0.0 0.0 1.0 0.0 0.0 0.0 0.0 0.0
8.78088389 67.34831981 0.0 1.0 0.0 0.0 0.0 0.0 0.0 0.0
13.78088389 72.34831981 0.0 0.0 1.0 0.0 0.0 0.0 0.0 0.0
13.78088389 77.34831981 0.0 1.0 0.0 0.0 0.0 0.0 0.0 0.0
18.78088389 82.34831981 0.0 1.0 0.0 0.0 0.0 0.0 0.0 0.0
23.78088389 87.34831981 1.0 0.0 0.0 0.0 0.0 0.0 0.0 0.0
28.78088389 87.34831981 0.0 1.0 0.0 0.0 0.0 0.0 0.0 0.0
