54.33261239 89.97867805 0.0 0.0 0.0 0.0 0.0 0.0 1.0 0.0
54.33261239 84.97867805 0.0 0.0 0.0 0.0 0.0 1.0 0.0 0.0
49.33261239 79.97867805 0.0 0.0 0.0 0.0 0.0 0.0 1.0 0.0
49.33261239 74.97867805 0.0 0.0 0.0 0.0 0.0 1.0 0.0 0.0
44.33261239 69.97867805 0.0 0.0 0.0 0.0 0.0 0.0 1.0 0.0
44.33261239 64.97867805 0.0 0.0 0.0 0.0 0.0 0.0 1.0 0.0
44.33261239 59.97867805 0.0 0.0 0.0 0.0 0.0 0.0 1.0 0.0
44.33261239 54.97867805 0.0 0.0 0.0 0.0 0.0 0.0 1.0 0.0
44.33261239 49.97867805 0.0 0.0 0.0 0.0 0.0 0.0 1.0 0.0
44.33261239 44.97867805 0.0 0.0 0.0 0.0 0.0 0.0 1.0 0.0
44.33261239 39.97867805 0.0 0.0 0.0 0.0 0.0 0.0 1.0 0.0
44.33261239 34.97867805 0.0 0.0 0.0 0.0 0.0 0.0 1.0 0.0
44.33261239 29.97867805 0.0 0.0 0.0 0.0 0.0 0.0 1.0 0.0
44.33261239 24.97867805 0.0 0.0 0.0 0.0 0.0 1.0 0.0 0.0
39.33261239 19.97867805 0.0 0.0 0.0 0.0 0.0 0.0 0.0 1.0
