29.2456634 31.59587171 0.0 0.0 0.0 0.0 0.0 0.0 0.0 1.0
34.2456634 26.59587171 0.0 0.0 0.0 0.0 0.0 0.0 0.0 1.0
39.2456634 21.59587171 0.0 0.0 0.0 0.0 0.0 0.0 0.0 1.0
44.2456634 16.59587171 0.0 0.0 0.0 0.0 0.0 0.0 0.0 1.0
49.2456634 11.59587171 0.0 0.0 0.0 0.0 0.0 0.0 0.0 1.0
54.2456634 6.59587171 0.0 0.0 0.0 0.0 0.0 0.0 0.0 1.0
59.2456634 1.59587171 1.0 0.0 0.0 0.0 0.0 0.0 0.0 0.0
64.2456634 1.59587171 1.0 0.0 0.0 0.0 0.0 0.0 0.0 0.0
69.2456634 1.59587171 0.0 1.0 0.0 0.0 0.0 0.0 0.0 0.0
74.2456634 6.59587171 0.0 1.0 0.0 0.0 0.0 0.0 0.0 0.0
79.2456634 11.59587171 0.0 1.0 0.0 0.0 0.0 0.0 0.0 0.0
84.2456634 16.59587171 0.0 0.0 1.0 0.0 0.0 0.0 0.0 0.0
84.2456634 21.59587171 0.0 0.0 0.0 1.0 0.0 0.0 0.0 0.0
79.2456634 26.59587171 0.0 0.0 0.0 1.0 0.0 0.0 0.0 0.0
74.2456634 31.59587171 0.0 0.0 1.0 0.0 0.0 0.0 0.0 0.0
74.2456634 36.59587171 0.0 0.0 1.0 0.0 0.0 0.0 0.0 0.0
74.2456634 41.59587171 0.0 0.0 1.0 0.0 0.0 0.0 0.0 0.0
74.2456634 46.59587171 0.0 0.0 1.0 0.0 0.0 0.0 0.0 0.0
74.2456634 51.59587171 0.0 0.0 0.0 1.0 0.0 0.0 0.0 0.0
69.2456634 56.59587171 0.0 0.0 0.0 1.0 0.0 0.0 0.0 0.0
64.2456634 61.59587171 0.0 0.0 0.0 1.0 0.0 0.0 0.0 0.0
59.2456634 66.59587171 0.0 0.0 0.0 1.0 0.0 0.0 0.0 0.0
