80.24857295 6.24081493 0.0 0.0 0.0 1.0 0.0 0.0 0.0 0.0
75.24857295 11.24081493 0.0 0.0 0.0 1.0 0.0 0.0 0.0 0.0
70.24857295 16.24081493 0.0 0.0 1.0 0.0 0.0 0.0 0.0 0.0
70.24857295 21.24081493 0.0 0.0 1.0 0.0 0.0 0.0 0.0 0.0
70.24857295 26.24081493 0.0 0.0 0.0 1.0 0.0 0.0 0.0 0.0
65.24857295 31.24081493 0.0 0.0 0.0 1.0 0.0 0.0 0.0 0.0
60.24857295 36.24081493 0.0 0.0 0.0 1.0 0.0 0.0 0.0 0.0
55.24857295 41.24081493 0.0 0.0 0.0 1.0 0.0 0.0 0.0 0.0
50.24857295 46.24081493 0.0 0.0 0.0 1.0 0.0 0.0 0.0 0.0
45.24857295 51.24081493 0.0 0.0 0.0 1.0 0.0 0.0 0.0 0.0
40.24857295 56.24081493 0.0 0.0 0.0 1.0 0.0 0.0 0.0 0.0
35.24857295 61.24081493 0.0 0.0 0.0 0.0 1.0 0.0 0.0 0.0
30.24857295 61.24081493 0.0 0.0 0.0 1.0 0.0 0.0 0.0 0.0
25.24857295 66.24081493 0.0 0.0 0.0 0.0 1.0 0.0 0.0 0.0
20.24857295 66.24081493 0.0 0.0 0.0 0.0 1.0 0.0 0.0 0.0
15.24857295 66.24081493 0.0 0.0 0.0 1.0 0.0 0.0 0.0 0.0
10.24857295 71.24081493 0.0 0.0 0.0 1.0 0.0 0.0 0.0 0.0
