81.50273672 5.86583442 0.0 0.0 1.0 0.0 0.0 0.0 0.0 0.0
81.50273672 10.86583442 0.0 0.0 1.0 0.0 0.0 0.0 0.0 0.0
81.50273672 15.86583442 0.0 1.0 0.0 0.0 0.0 0.0 0.0 0.0
86.50273672 20.86583442 0.0 1.0 0.0 0.0 0.0 0.0 0.0 0.0
91.50273672 25.86583442 0.0 0.0 1.0 0.0 0.0 0.0 0.0 0.0
91.50273672 30.86583442 0.0 0.0 1.0 0.0 0.0 0.0 0.0 0.0
91.50273672 35.86583442 0.0 0.0 1.0 0.0 0.0 0.0 0.0 0.0
91.50273672 40.86583442 0.0 0.0 0.0 1.0 0.0 0.0 0.0 0.0
86.50273672 45.86583442 0.0 0.0 0.0 1.0 0.0 0.0 0.0 0.0
81.50273672 50.86583442 0.0 0.0 0.0 1.0 0.0 0.0 0.0 0.0
76.50273672 55.86583442 0.0 0.0 0.0 1.0 0.0 0.0 0.0 0.0
71.50273672 60.86583442 0.0 0.0 0.0 1.0 0.0 0.0 0.0 0.0
66.50273672 65.86583442 0.0 0.0 0.0 1.0 0.0 0.0 0.0 0.0
61.50273672 70.86583442 0.0 0.0 0.0 1.0 0.0 0.0 0.0 0.0
56.50273672 75.86583442 0.0 0.0 0.0 1.0 0.0 0.0 0.0 0.0
51.50273672 80.86583442 0.0 0.0 0.0 1.0 0.0 0.0 0.0 0.0
46.50273672 85.86583442 0.0 0.0 0.0 0.0 1.0 0.0 0.0 0.0
41.50273672 85.86583442 0.0 0.0 0.0 1.0 0.0 0.0 0.0 0.0
