82.03390095 36.07780325 0.0 0.0 0.0 0.0 0.0 1.0 0.0 0.0
77.03390095 31.07780325 0.0 0.0 0.0 0.0 1.0 0.0 0.0 0.0
72.03390095 31.07780325 0.0 0.0 0.0 1.0 0.0 0.0 0.0 0.0
67.03390095 36.07780325 0.0 0.0 0.0 0.0 1.0 0.0 0.0 0.0
62.03390095 36.07780325 0.0 0.0 0.0 1.0 0.0 0.0 0.0 0.0
57.03390095 41.07780325 0.0 0.0 0.0 1.0 0.0 0.0 0.0 0.0
52.03390095 46.07780325 0.0 0.0 0.0 1.0 0.0 0.0 0.0 0.0
47.03390095 51.07780325 0.0 0.0 0.0 1.0 0.0 0.0 0.0 0.0
42.03390095 56.07780325 0.0 0.0 0.0 1.0 0.0 0.0 0.0 0.0
37.03390095 61.07780325 0.0 0.0 0.0 1.0 0.0 0.0 0.0 0.0
32.03390095 66.07780325 0.0 0.0 0.0 1.0 0.0 0.0 0.0 0.0
27.03390095 71.07780325 0.0 0.0 0.0 1.0 0.0 0.0 0.0 0.0
22.03390095 76.07780325 0.0 0.0 0.0 1.0 0.0 0.0 0.0 0.0
17.03390095 81.07780325 0.0 0.0 0.0 1.0 0.0 0.0 0.0 0.0
12.03390095 86.07780325 0.0 0.0 0.0 1.0 0.0 0.0 0.0 0.0
7.03390095 91.07780325 0.0 0.0 0.0 1.0 0.0 0.0 0.0 0.0
