43.18763695 98.57821967 0.0 0.0 0.0 0.0 0.0 1.0 0.0 0.0
38.18763695 93.57821967 0.0 0.0 0.0 0.0 1.0 0.0 0.0 0.0
33.18763695 93.57821967 0.0 0.0 0.0 0.0 0.0 1.0 0.0 0.0
28.18763695 88.57821967 0.0 0.0 0.0 0.0 0.0 0.0 1.0 0.0
28.18763695 83.57821967 0.0 0.0 0.0 0.0 0.0 1.0 0.0 0.0
23.18763695 78.57821967 0.0 0.0 0.0 0.0 0.0 0.0 1.0 0.0
23.18763695 73.57821967 0.0 0.0 0.0 0.0 0.0 0.0 1.0 0.0
23.18763695 68.57821967 0.0 0.0 0.0 0.0 0.0 0.0 1.0 0.0
23.18763695 63.57821967 0.0 0.0 0.0 0.0 0.0 0.0 1.0 0.0
23.18763695 58.57821967 0.0 0.0 0.0 0.0 0.0 0.0 1.0 0.0
23.18763695 53.57821967 0.0 0.0 0.0 0.0 0.0 0.0 1.0 0.0
23.18763695 48.57821967 0.0 0.0 0.0 0.0 0.0 0.0 1.0 0.0
23.18763695 43.57821967 0.0 0.0 0.0 0.0 0.0 1.0 0.0 0.0
18.18763695 38.57821967 0.0 0.0 0.0 0.0 0.0 0.0 1.0 0.0
18.18763695 33.57821967 0.0 0.0 0.0 0.0 0.0 0.0 1.0 0.0
18.18763695 28.57821967 0.0 0.0 0.0 0.0 0.0 1.0 0.0 0.0
13.18763695 23.57821967 0.0 0.0 0.0 0.0 0.0 1.0 0.0 0.0
