90.61127677 33.95130119 0.0 0.0 0.0 0.0 1.0 0.0 0.0 0.0
85.61127677 33.95130119 0.0 0.0 0.0 0.0 1.0 0.0 0.0 0.0
80.61127677 33.95130119 0.0 0.0 0.0 0.0 1.0 0.0 0.0 0.0
75.61127677 33.95130119 0.0 0.0 0.0 0.0 1.0 0.0 0.0 0.0
70.61127677 33.95130119 0.0 0.0 0.0 0.0 1.0 0.0 0.0 0.0
65.61127677 33.95130119 0.0 0.0 0.0 0.0 1.0 0.0 0.0 0.0
60.61127677 33.95130119 0.0 0.0 0.0 0.0 1.0 0.0 0.0 0.0
55.61127677 33.95130119 0.0 0.0 0.0 0.0 1.0 0.0 0.0 0.0
50.61127677 33.95130119 0.0 0.0 0.0 0.0 1.0 0.0 0.0 0.0
45.61127677 33.95130119 0.0 0.0 0.0 0.0 1.0 0.0 0.0 0.0
40.61127677 33.95130119 0.0 0.0 0.0 0.0 1.0 0.0 0.0 0.0
35.61127677 33.95130119 0.0 0.0 0.0 0.0 1.0 0.0 0.0 0.0
30.61127677 33.95130119 0.0 0.0 0.0 1.0 0.0 0.0 0.0 0.0
25.61127677 38.95130119 0.0 0.0 0.0 0.0 1.0 0.0 0.0 0.0
20.61127677 38.95130119 0.0 0.0 0.0 0.0 1.0 0.0 0.0 0.0
15.61127677 38.95130119 0.0 0.0 0.0 1.0 0.0 0.0 0.0 0.0
10.61127677 43.95130119 0.0 0.0 0.0 0.0 1.0 0.0 0.0 0.0
5.61127677 43.95130119 0.0 0.0 0.0 1.0 0.0 0.0 0.0 0.0
