0.35642558 56.13561257 1.0 0.0 0.0 0.0 0.0 0.0 0.0 0.0
5.35642558 56.13561257 1.0 0.0 0.0 0.0 0.0 0.0 0.0 0.0
10.35642558 56.13561257 1.0 0.0 0.0 0.0 0.0 0.0 0.0 0.0
15.35642558 56.13561257 0.0 1.0 0.0 0.0 0.0 0.0 0.0 0.0
20.35642558 61.13561257 0.0 1.0 0.0 0.0 0.0 0.0 0.0 0.0
25.35642558 66.13561257 1.0 0.0 0.0 0.0 0.0 0.0 0.0 0.0
30.35642558 66.13561257 1.0 0.0 0.0 0.0 0.0 0.0 0.0 0.0
35.35642558 66.13561257 1.0 0.0 0.0 0.0 0.0 0.0 0.0 0.0
40.35642558 66.13561257 0.0 1.0 0.0 0.0 0.0 0.0 0.0 0.0
45.35642558 71.13561257 1.0 0.0 0.0 0.0 0.0 0.0 0.0 0.0
50.35642558 71.13561257 0.0 1.0 0.0 0.0 0.0 0.0 0.0 0.0
55.35642558 76.13561257 1.0 0.0 0.0 0.0 0.0 0.0 0.0 0.0
60.35642558 76.13561257 0.0 1.0 0.0 0.0 0.0 0.0 0.0 0.0
65.35642558 81.13561257 0.0 1.0 0.0 0.0 0.0 0.0 0.0 0.0
