7.10421736 94.44553181 0.0 0.0 0.0 0.0 0.0 0.0 0.0 1.0
12.10421736 89.44553181 0.0 0.0 0.0 0.0 0.0 0.0 0.0 1.0
17.10421736 84.44553181 0.0 0.0 0.0 0.0 0.0 0.0 0.0 1.0
22.10421736 79.44553181 0.0 0.0 0.0 0.0 0.0 0.0 0.0 1.0
27.10421736 74.44553181 1.0 0.0 0.0 0.0 0.0 0.0 0.0 0.0
32.10421736 74.44553181 1.0 0.0 0.0 0.0 0.0 0.0 0.0 0.0
37.10421736 74.44553181 1.0 0.0 0.0 0.0 0.0 0.0 0.0 0.0
42.10421736 74.44553181 0.0 0.0 0.0 0.0 0.0 0.0 0.0 1.0
47.10421736 69.44553181 0.0 0.0 0.0 0.0 0.0 0.0 0.0 1.0
52.10421736 64.44553181 0.0 0.0 0.0 0.0 0.0 0.0 0.0 1.0
57.10421736 59.44553181 0.0 0.0 0.0 0.0 0.0 0.0 1.0 0.0
57.10421736 54.44553181 0.0 0.0 0.0 0.0 0.0 0.0 1.0 0.0
57.10421736 49.44553181 0.0 0.0 0.0 0.0 0.0 0.0 1.0 0.0
57.10421736 44.44553181 0.0 0.0 0.0 0.0 0.0 0.0 0.0 1.0
62.10421736 39.44553181 0.0 0.0 0.0 0.0 0.0 0.0 0.0 1.0
67.10421736 34.44553181 0.0 0.0 0.0 0.0 0.0 0.0 0.0 1.0
72.10421736 29.44553181 0.0 0.0 0.0 0.0 0.0 0.0 0.0 1.0
77.10421736 24.44553181 0.0 0.0 0.0 0.0 0.0 0.0 0.0 1.0
82.10421736 19.44553181 0.0 0.0 0.0 0.0 0.0 0.0 0.0 1.0
87.10421736 14.44553181 0.0 0.0 0.0 0.0 0.0 0.0 0.0 1.0
