23.9263456 98.31439359 1.0 0.0 0.0 0.0 0.0 0.0 0.0 0.0
28.9263456 98.31439359 0.0 0.0 0.0 0.0 0.0 0.0 0.0 1.0
33.9263456 93.31439359 1.0 0.0 0.0 0.0 0.0 0.0 0.0 0.0
38.9263456 93.31439359 0.0 0.0 0.0 0.0 0.0 0.0 0.0 1.0
43.9263456 88.31439359 0.0 0.0 0.0 0.0 0.0 0.0 1.0 0.0
43.9263456 83.31439359 0.0 0.0 0.0 0.0 0.0 0.0 1.0 0.0
43.9263456 78.31439359 0.0 0.0 0.0 0.0 0.0 0.0 1.0 0.0
43.9263456 73.31439359 0.0 0.0 0.0 0.0 0.0 0.0 1.0 0.0
43.9263456 68.31439359 0.0 0.0 0.0 0.0 0.0 0.0 1.0 0.0
43.9263456 63.31439359 0.0 0.0 0.0 0.0 0.0 0.0 1.0 0.0
43.9263456 58.31439359 0.0 0.0 0.0 0.0 0.0 0.0 0.0 1.0
48.9263456 53.31439359 0.0 0.0 0.0 0.0 0.0 0.0 0.0 1.0
53.9263456 48.31439359 0.0 0.0 0.0 0.0 0.0 0.0 0.0 1.0
58.9263456 43.31439359 0.0 0.0 0.0 0.0 0.0 0.0 0.0 1.0
63.9263456 38.31439359 0.0 0.0 0.0 0.0 0.0 0.0 0.0 1.0
68.9263456 33.31439359 0.0 0.0 0.0 0.0 0.0 0.0 0.0 1.0
73.9263456 28.31439359 0.0 0.0 0.0 0.0 0.0 0.0 0.0 1.0
78.9263456 23.31439359 1.0 0.0 0.0 0.0 0.0 0.0 0.0 0.0
83.9263456 23.31439359 0.0 0.0 0.0 0.0 0.0 0.0 0.0 1.0
88.9263456 18.31439359 0.0 0.0 0.0 0.0 0.0 0.0 0.0 1.0
