12.49659123 58.56500932 1.0 0.0 0.0 0.0 0.0 0.0 0.0 0.0
17.49659123 58.56500932 1.0 0.0 0.0 0.0 0.0 0.0 0.0 0.0
22.49659123 58.56500932 1.0 0.0 0.0 0.0 0.0 0.0 0.0 0.0
27.49659123 58.56500932 1.0 0.0 0.0 0.0 0.0 0.0 0.0 0.0
32.49659123 58.56500932 1.0 0.0 0.0 0.0 0.0 0.0 0.0 0.0
37.49659123 58.56500932 1.0 0.0 0.0 0.0 0.0 0.0 0.0 0.0
42.49659123 58.56500932 0.0 1.0 0.0 0.0 0.0 0.0 0.0 0.0
47.49659123 63.56500932 0.0 1.0 0.0 0.0 0.0 0.0 0.0 0.0
52.49659123 68.56500932 0.0 1.0 0.0 0.0 0.0 0.0 0.0 0.0
57.49659123 73.56500932 0.0 0.0 0.0 0.0 0.0 0.0 0.0 1.0
62.49659123 68.56500932 1.0 0.0 0.0 0.0 0.0 0.0 0.0 0.0
67.49659123 68.56500932 1.0 0.0 0.0 0.0 0.0 0.0 0.0 0.0
72.49659123 68.56500932 1.0 0.0 0.0 0.0 0.0 0.0 0.0 0.0
77.49659123 68.56500932 0.0 0.0 0.0 0.0 0.0 0.0 0.0 1.0
82.49659123 63.56500932 0.0 0.0 0.0 0.0 0.0 0.0 0.0 1.0
87.49659123 58.56500932 0.0 0.0 0.0 0.0 0.0 0.0 1.0 0.0
87.49659123 53.56500932 0.0 0.0 0.0 0.0 0.0 0.0 1.0 0.0
87.49659123 48.56500932 0.0 0.0 0.0 0.0 0.0 0.0 1.0 0.0
87.49659123 43.56500932 0.0 0.0 0.0 0.0 0.0 0.0 0.0 1.0
92.49659123 38.56500932 0.0 0.0 0.0 0.0 0.0 0.0 0.0 1.0
97.49659123 33.56500932 0.0 0.0 0.0 0.0 0.0 0.0 1.0 0.0
97.49659123 28.56500932 0.0 0.0 0.0 0.0 0.0 0.0 1.0 0.0
97.49659123 23.56500932 0.0 0.0 0.0 0.0 0.0 1.0 0.0 0.0
92.49659123 18.56500932 0.0 0.0 0.0 0.0 0.0 0.0 1.0 0.0
92.49659123 13.56500932 0.0 0.0 0.0 0.0 0.0 0.0 1.0 0.0
92.49659123 8.56500932 0.0 0.0 0.0 0.0 0.0 1.0 0.0 0.0
