47.07015038 94.26093073 0.0 0.0 0.0 0.0 0.0 0.0 1.0 0.0
47.07015038 89.26093073 0.0 0.0 0.0 0.0 0.0 0.0 0.0 1.0
52.07015038 84.26093073 0.0 0.0 0.0 0.0 0.0 0.0 1.0 0.0
52.07015038 79.26093073 0.0 0.0 0.0 0.0 0.0 0.0 1.0 0.0
52.07015038 74.26093073 0.0 0.0 0.0 0.0 0.0 0.0 1.0 0.0
52.07015038 69.26093073 0.0 0.0 0.0 0.0 0.0 0.0 0.0 1.0
57.07015038 64.26093073 0.0 0.0 0.0 0.0 0.0 0.0 1.0 0.0
57.07015038 59.26093073 0.0 0.0 0.0 0.0 0.0 0.0 1.0 0.0
57.07015038 54.26093073 0.0 0.0 0.0 0.0 0.0 0.0 1.0 0.0
57.07015038 49.26093073 0.0 0.0 0.0 0.0 0.0 0.0 1.0 0.0
57.07015038 44.26093073 0.0 0.0 0.0 0.0 0.0 0.0 1.0 0.0
57.07015038 39.26093073 0.0 0.0 0.0 0.0 0.0 0.0 0.0 1.0
62.07015038 34.26093073 0.0 0.0 0.0 0.0 0.0 0.0 0.0 1.0
67.07015038 29.26093073 0.0 0.0 0.0 0.0 0.0 0.0 0.0 1.0
72.07015038 24.26093073 0.0 0.0 0.0 0.0 0.0 0.0 0.0 1.0
77.07015038 19.26093073 0.0 0.0 0.0 0.0 0.0 0.0 1.0 0.0
77.07015038 14.26093073 0.0 0.0 0.0 0.0 0.0 0.0 0.0 1.0
82.07015038 9.26093073 0.0 0.0 0.0 0.0 0.0 0.0 1.0 0.0
82.07015038 4.26093073 0.0 0.0 0.0 0.0 0.0 0.0 0.0 1.0
