10.26609778 54.81110879 0.0 0.0 0.0 0.0 0.0 0.0 0.0 1.0
15.26609778 49.81110879 0.0 0.0 0.0 0.0 0.0 0.0 0.0 1.0
20.26609778 44.81110879 0.0 0.0 0.0 0.0 0.0 0.0 0.0 1.0
25.26609778 39.81110879 0.0 0.0 0.0 0.0 0.0 0.0 0.0 1.0
30.26609778 34.81110879 1.0 0.0 0.0 0.0 0.0 0.0 0.0 0.0
35.26609778 34.81110879 0.0 0.0 0.0 0.0 0.0 0.0 0.0 1.0
40.26609778 29.81110879 1.0 0.0 0.0 0.0 0.0 0.0 0.0 0.0
45.26609778 29.81110879 0.0 0.0 0.0 0.0 0.0 0.0 0.0 1.0
50.26609778 24.81110879 1.0 0.0 0.0 0.0 0.0 0.0 0.0 0.0
55.26609778 24.81110879 0.0 0.0 0.0 0.0 0.0 0.0 0.0 1.0
60.26609778 19.81110879 0.0 0.0 0.0 0.0 0.0 0.0 0.0 1.0
65.26609778 14.81110879 0.0 0.0 0.0 0.0 0.0 0.0 0.0 1.0
70.26609778 9.81110879 0.0 0.0 0.0 0.0 0.0 0.0 0.0 1.0
75.26609778 4.81110879 1.0 0.0 0.0 0.0 0.0 0.0 0.0 0.0
80.26609778 4.81110879 1.0 0.0 0.0 0.0 0.0 0.0 0.0 0.0
85.26609778 4.81110879 1.0 0.0 0.0 0.0 0.0 0.0 0.0 0.0
90.26609778 4.81110879 0.0 1.0 0.0 0.0 0.0 0.0 0.0 0.0
