77.80413906 25.72808807 0.0 0.0 1.0 0.0 0.0 0.0 0.0 0.0
77.80413906 30.72808807 0.0 0.0 1.0 0.0 0.0 0.0 0.0 0.0
77.80413906 35.72808807 0.0 0.0 1.0 0.0 0.0 0.0 0.0 0.0
77.80413906 40.72808807 0.0 0.0 1.0 0.0 0.0 0.0 0.0 0.0
77.80413906 45.72808807 0.0 0.0 1.0 0.0 0.0 0.0 0.0 0.0
77.80413906 50.72808807 0.0 0.0 0.0 1.0 0.0 0.0 0.0 0.0
72.80413906 55.72808807 0.0 0.0 0.0 1.0 0.0 0.0 0.0 0.0
67.80413906 60.72808807 0.0 0.0 0.0 1.0 0.0 0.0 0.0 0.0
62.80413906 65.72808807 0.0 0.0 0.0 0.0 1.0 0.0 0.0 0.0
57.80413906 65.72808807 0.0 0.0 0.0 0.0 1.0 0.0 0.0 0.0
52.80413906 65.72808807 0.0 0.0 0.0 1.0 0.0 0.0 0.0 0.0
47.80413906 70.72808807 0.0 0.0 0.0 0.0 1.0 0.0 0.0 0.0
42.80413906 70.72808807 0.0 0.0 0.0 1.0 0.0 0.0 0.0 0.0
37.80413906 75.72808807 0.0 0.0 0.0 0.0 1.0 0.0 0.0 0.0
32.80413906 75.72808807 0.0 0.0 0.0 1.0 0.0 0.0 0.0 0.0
