42.46360326 60.5583729 0.0 0.0 0.0 0.0 0.0 0.0 0.0 1.0
47.46360326 55.5583729 0.0 0.0 0.0 0.0 0.0 0.0 0.0 1.0
52.46360326 50.5583729 0.0 0.0 0.0 0.0 0.0 0.0 1.0 0.0
52.46360326 45.5583729 0.0 0.0 0.0 0.0 0.0 0.0 0.0 1.0
57.46360326 40.5583729 0.0 0.0 0.0 0.0 0.0 0.0 0.0 1.0
62.46360326 35.5583729 0.0 0.0 0.0 0.0 0.0 0.0 0.0 1.0
67.46360326 30.5583729 0.0 0.0 0.0 0.0 0.0 0.0 1.0 0.0
67.46360326 25.5583729 0.0 0.0 0.0 0.0 0.0 0.0 1.0 0.0
67.46360326 20.5583729 0.0 0.0 0.0 0.0 0.0 0.0 1.0 0.0
67.46360326 15.5583729 0.0 0.0 0.0 0.0 0.0 0.0 0.0 1.0
