66.52750865 79.98682036 0.0 0.0 0.0 0.0 0.0 1.0 0.0 0.0
61.52750865 74.98682036 0.0 0.0 0.0 0.0 0.0 1.0 0.0 0.0
56.52750865 69.98682036 0.0 0.0 0.0 0.0 1.0 0.0 0.0 0.0
51.52750865 69.98682036 0.0 0.0 0.0 0.0 0.0 1.0 0.0 0.0
46.52750865 64.98682036 0.0 0.0 0.0 0.0 1.0 0.0 0.0 0.0
41.52750865 64.98682036 0.0 0.0 0.0 0.0 0.0 1.0 0.0 0.0
36.52750865 59.98682036 0.0 0.0 0.0 0.0 0.0 1.0 0.0 0.0
31.52750865 54.98682036 0.0 0.0 0.0 0.0 0.0 1.0 0.0 0.0
26.52750865 49.98682036 0.0 0.0 0.0 0.0 0.0 0.0 1.0 0.0
26.52750865 44.98682036 0.0 0.0 0.0 0.0 0.0 1.0 0.0 0.0
21.52750865 39.98682036 0.0 0.0 0.0 0.0 0.0 1.0 0.0 0.0
16.52750865 34.98682036 0.0 0.0 0.0 0.0 0.0 1.0 0.0 0.0
