2.47849333 86.48765114 0.0 0.0 0.0 0.0 0.0 0.0 0.0 1.0
7.47849333 81.48765114 0.0 0.0 0.0 0.0 0.0 0.0 0.0 1.0
12.47849333 76.48765114 0.0 0.0 0.0 0.0 0.0 0.0 0.0 1.0
17.47849333 71.48765114 0.0 0.0 0.0 0.0 0.0 0.0 0.0 1.0
22.47849333 66.48765114 0.0 0.0 0.0 0.0 0.0 0.0 0.0 1.0
27.47849333 61.48765114 0.0 0.0 0.0 0.0 0.0 0.0 0.0 1.0
32.47849333 56.48765114 0.0 0.0 0.0 0.0 0.0 0.0 0.0 1.0
37.47849333 51.48765114 0.0 0.0 0.0 0.0 0.0 0.0 0.0 1.0
42.47849333 46.48765114 0.0 0.0 0.0 0.0 0.0 0.0 0.0 1.0
47.47849333 41.48765114 1.0 0.0 0.0 0.0 0.0 0.0 0.0 0.0
52.47849333 41.48765114 0.0 0.0 0.0 0.0 0.0 0.0 0.0 1.0
57.47849333 36.48765114 1.0 0.0 0.0 0.0 0.0 0.0 0.0 0.0
62.47849333 36.48765114 0.0 0.0 0.0 0.0 0.0 0.0 0.0 1.0
67.47849333 31.48765114 1.0 0.0 0.0 0.0 0.0 0.0 0.0 0.0
72.47849333 31.48765114 0.0 0.0 0.0 0.0 0.0 0.0 0.0 1.0
77.47849333 26.48765114 0.0 0.0 0.0 0.0 0.0 0.0 0.0 1.0
