97.21701192 5.42585813 0.0 0.0 1.0 0.0 0.0 0.0 0.0 0.0
97.21701192 10.42585813 0.0 0.0 0.0 1.0 0.0 0.0 0.0 0.0
92.21701192 15.42585813 0.0 0.0 0.0 1.0 0.0 0.0 0.0 0.0
87.21701192 20.42585813 0.0 0.0 0.0 0.0 1.0 0.0 0.0 0.0
82.21701192 20.42585813 0.0 0.0 0.0 0.0 1.0 0.0 0.0 0.0
77.21701192 20.42585813 0.0 0.0 0.0 0.0 1.0 0.0 0.0 0.0
72.21701192 20.42585813 0.0 0.0 0.0 0.0 1.0 0.0 0.0 0.0
67.21701192 20.42585813 0.0 0.0 0.0 0.0 1.0 0.0 0.0 0.0
62.21701192 20.42585813 0.0 0.0 0.0 0.0 1.0 0.0 0.0 0.0
57.21701192 20.42585813 0.0 0.0 0.0 0.0 1.0 0.0 0.0 0.0
52.21701192 20.42585813 0.0 0.0 0.0 0.0 1.0 0.0 0.0 0.0
47.21701192 20.42585813 0.0 0.0 0.0 0.0 1.0 0.0 0.0 0.0
42.21701192 20.42585813 0.0 0.0 0.0 0.0 1.0 0.0 0.0 0.0
37.21701192 20.42585813 0.0 0.0 0.0 0.0 1.0 0.0 0.0 0.0
32.21701192 20.42585813 0.0 0.0 0.0 0.0 1.0 0.0 0.0 0.0
27.21701192 20.42585813 0.0 0.0 0.0 1.0 0.0 0.0 0.0 0.0
22.21701192 25.42585813 0.0 0.0 0.0 0.0 1.0 0.0 0.0 0.0
17.21701192 25.42585813 0.0 0.0 0.0 1.0 0.0 0.0 0.0 0.0
12.21701192 30.42585813 0.0 0.0 0.0 0.0 1.0 0.0 0.0 0.0
7.21701192 30.42585813 0.0 0.0 0.0 1.0 0.0 0.0 0.0 0.0
