10.11590385 62.91304448 1.0 0.0 0.0 0.0 0.0 0.0 0.0 0.0
15.11590385 62.91304448 1.0 0.0 0.0 0.0 0.0 0.0 0.0 0.0
20.11590385 62.91304448 1.0 0.0 0.0 0.0 0.0 0.0 0.0 0.0
25.11590385 62.91304448 1.0 0.0 0.0 0.0 0.0 0.0 0.0 0.0
30.11590385 62.91304448 1.0 0.0 0.0 0.0 0.0 0.0 0.0 0.0
35.11590385 62.91304448 1.0 0.0 0.0 0.0 0.0 0.0 0.0 0.0
40.11590385 62.91304448 1.0 0.0 0.0 0.0 0.0 0.0 0.0 0.0
45.11590385 62.91304448 0.0 1.0 0.0 0.0 0.0 0.0 0.0 0.0
50.11590385 67.91304448 1.0 0.0 0.0 0.0 0.0 0.0 0.0 0.0
55.11590385 67.91304448 1.0 0.0 0.0 0.0 0.0 0.0 0.0 0.0
60.11590385 67.91304448 0.0 1.0 0.0 0.0 0.0 0.0 0.0 0.0
65.11590385 72.91304448 1.0 0.0 0.0 0.0 0.0 0.0 0.0 0.0
70.11590385 72.91304448 0.0 1.0 0.0 0.0 0.0 0.0 0.0 0.0
75.11590385 77.91304448 0.0 1.0 0.0 0.0 0.0 0.0 0.0 0.0
80.11590385 82.91304448 0.0 1.0 0.0 0.0 0.0 0.0 0.0 0.0
85.11590385 87.91304448 0.0 1.0 0.0 0.0 0.0 0.0 0.0 0.0
90.11590385 92.91304448 1.0 0.0 0.0 0.0 0.0 0.0 0.0 0.0
95.11590385 92.91304448 0.0 0.0 0.0 0.0 0.0 0.0 0.0 1.0
