10.29412551 92.90370792 0.0 0.0 0.0 0.0 0.0 0.0 0.0 1.0
15.29412551 87.90370792 0.0 0.0 0.0 0.0 0.0 0.0 0.0 1.0
20.29412551 82.90370792 0.0 0.0 0.0 0.0 0.0 0.0 0.0 1.0
25.29412551 77.90370792 0.0 0.0 0.0 0.0 0.0 0.0 0.0 1.0
30.29412551 72.90370792 0.0 0.0 0.0 0.0 0.0 0.0 0.0 1.0
35.29412551 67.90370792 0.0 0.0 0.0 0.0 0.0 0.0 0.0 1.0
40.29412551 62.90370792 0.0 0.0 0.0 0.0 0.0 0.0 0.0 1.0
45.29412551 57.90370792 1.0 0.0 0.0 0.0 0.0 0.0 0.0 0.0
50.29412551 57.90370792 0.0 0.0 0.0 0.0 0.0 0.0 0.0 1.0
55.29412551 52.90370792 0.0 0.0 0.0 0.0 0.0 0.0 0.0 1.0
60.29412551 47.90370792 0.0 0.0 0.0 0.0 0.0 0.0 1.0 0.0
60.29412551 42.90370792 0.0 0.0 0.0 0.0 0.0 0.0 1.0 0.0
60.29412551 37.90370792 0.0 0.0 0.0 0.0 0.0 0.0 1.0 0.0
60.29412551 32.90370792 0.0 0.0 0.0 0.0 0.0 0.0 1.0 0.0
60.29412551 27.90370792 0.0 0.0 0.0 0.0 0.0 0.0 1.0 0.0
60.29412551 22.90370792 0.0 0.0 0.0 0.0 0.0 0.0 1.0 0.0
60.29412551 17.90370792 0.0 0.0 0.0 0.0 0.0 0.0 1.0 0.0
60.29412551 12.90370792 0.0 0.0 0.0 0.0 0.0 0.0 1.0 0.0
60.29412551 7.90370792 0.0 0.0 0.0 0.0 0.0 1.0 0.0 0.0
