65.17554022 11.94813699 0.0 0.0 1.0 0.0 0.0 0.0 0.0 0.0
65.17554022 16.94813699 0.0 0.0 1.0 0.0 0.0 0.0 0.0 0.0
65.17554022 21.94813699 0.0 0.0 1.0 0.0 0.0 0.0 0.0 0.0
65.17554022 26.94813699 0.0 0.0 1.0 0.0 0.0 0.0 0.0 0.0
65.17554022 31.94813699 0.0 0.0 1.0 0.0 0.0 0.0 0.0 0.0
65.17554022 36.94813699 0.0 0.0 1.0 0.0 0.0 0.0 0.0 0.0
65.17554022 41.94813699 0.0 0.0 1.0 0.0 0.0 0.0 0.0 0.0
65.17554022 46.94813699 0.0 0.0 0.0 1.0 0.0 0.0 0.0 0.0
60.17554022 51.94813699 0.0 0.0 0.0 1.0 0.0 0.0 0.0 0.0
55.17554022 56.94813699 0.0 0.0 1.0 0.0 0.0 0.0 0.0 0.0
55.17554022 61.94813699 0.0 1.0 0.0 0.0 0.0 0.0 0.0 0.0
60.17554022 66.94813699 0.0 1.0 0.0 0.0 0.0 0.0 0.0 0.0
65.17554022 71.94813699 0.0 1.0 0.0 0.0 0.0 0.0 0.0 0.0
70.17554022 76.94813699 0.0 1.0 0.0 0.0 0.0 0.0 0.0 0.0
75.17554022 81.94813699 0.0 1.0 0.0 0.0 0.0 0.0 0.0 0.0
80.17554022 86.94813699 0.0 1.0 0.0 0.0 0.0 0.0 0.0 0.0
