25.75827237 5.46199475 0.0 0.0 1.0 0.0 0.0 0.0 0.0 0.0
25.75827237 10.46199475 0.0 0.0 1.0 0.0 0.0 0.0 0.0 0.0
25.75827237 15.46199475 0.0 1.0 0.0 0.0 0.0 0.0 0.0 0.0
30.75827237 20.46199475 0.0 0.0 1.0 0.0 0.0 0.0 0.0 0.0
30.75827237 25.46199475 0.0 1.0 0.0 0.0 0.0 0.0 0.0 0.0
35.75827237 30.46199475 0.0 0.0 1.0 0.0 0.0 0.0 0.0 0.0
35.75827237 35.46199475 0.0 0.0 1.0 0.0 0.0 0.0 0.0 0.0
35.75827237 40.46199475 0.0 1.0 0.0 0.0 0.0 0.0 0.0 0.0
40.75827237 45.46199475 0.0 1.0 0.0 0.0 0.0 0.0 0.0 0.0
45.75827237 50.46199475 0.0 1.0 0.0 0.0 0.0 0.0 0.0 0.0
50.75827237 55.46199475 0.0 1.0 0.0 0.0 0.0 0.0 0.0 0.0
55.75827237 60.46199475 0.0 1.0 0.0 0.0 0.0 0.0 0.0 0.0
60.75827237 65.46199475 0.0 1.0 0.0 0.0 0.0 0.0 0.0 0.0
65.75827237 70.46199475 0.0 1.0 0.0 0.0 0.0 0.0 0.0 0.0
70.75827237 75.46199475 0.0 0.0 1.0 0.0 0.0 0.0 0.0 0.0
70.75827237 80.46199475 0.0 0.0 1.0 0.0 0.0 0.0 0.0 0.0
70.75827237 85.46199475 0.0 0.0 0.0 1.0 0.0 0.0 0.0 0.0
65.75827237 90.46199475 0.0 0.0 0.0 1.0 0.0 0.0 0.0 0.0
