5.04831453 32.1044149 1.0 0.0 0.0 0.0 0.0 0.0 0.0 0.0
10.04831453 32.1044149 1.0 0.0 0.0 0.0 0.0 0.0 0.0 0.0
15.04831453 32.1044149 1.0 0.0 0.0 0.0 0.0 0.0 0.0 0.0
20.04831453 32.1044149 1.0 0.0 0.0 0.0 0.0 0.0 0.0 0.0
25.04831453 32.1044149 1.0 0.0 0.0 0.0 0.0 0.0 0.0 0.0
30.04831453 32.1044149 0.0 0.0 0.0 0.0 0.0 0.0 0.0 1.0
35.04831453 27.1044149 0.0 0.0 0.0 0.0 0.0 0.0 0.0 1.0
40.04831453 22.1044149 0.0 0.0 0.0 0.0 0.0 0.0 0.0 1.0
45.04831453 17.1044149 0.0 0.0 0.0 0.0 0.0 0.0 0.0 1.0
50.04831453 12.1044149 0.0 0.0 0.0 0.0 0.0 0.0 0.0 1.0
55.04831453 7.1044149 1.0 0.0 0.0 0.0 0.0 0.0 0.0 0.0
60.04831453 7.1044149 1.0 0.0 0.0 0.0 0.0 0.0 0.0 0.0
65.04831453 7.1044149 0.0 1.0 0.0 0.0 0.0 0.0 0.0 0.0
70.04831453 12.1044149 1.0 0.0 0.0 0.0 0.0 0.0 0.0 0.0
75.04831453 12.1044149 1.0 0.0 0.0 0.0 0.0 0.0 0.0 0.0
80.04831453 12.1044149 0.0 1.0 0.0 0.0 0.0 0.0 0.0 0.0
