71.38885994 22.37057533 0.0 0.0 0.0 1.0 0.0 0.0 0.0 0.0
66.38885994 27.37057533 0.0 0.0 0.0 1.0 0.0 0.0 0.0 0.0
61.38885994 32.37057533 0.0 0.0 0.0 1.0 0.0 0.0 0.0 0.0
56.38885994 37.37057533 0.0 0.0 0.0 1.0 0.0 0.0 0.0 0.0
51.38885994 42.37057533 0.0 0.0 0.0 0.0 1.0 0.0 0.0 0.0
46.38885994 42.37057533 0.0 0.0 0.0 0.0 1.0 0.0 0.0 0.0
41.38885994 42.37057533 0.0 0.0 0.0 0.0 1.0 0.0 0.0 0.0
36.38885994 42.37057533 0.0 0.0 0.0 0.0 1.0 0.0 0.0 0.0
31.38885994 42.37057533 0.0 0.0 0.0 0.0 1.0 0.0 0.0 0.0
26.38885994 42.37057533 0.0 0.0 0.0 1.0 0.0 0.0 0.0 0.0
21.38885994 47.37057533 0.0 0.0 0.0 1.0 0.0 0.0 0.0 0.0
16.38885994 52.37057533 0.0 0.0 0.0 1.0 0.0 0.0 0.0 0.0
11.38885994 57.37057533 0.0 0.0 1.0 0.0 0.0 0.0 0.0 0.0
11.38885994 62.37057533 0.0 0.0 1.0 0.0 0.0 0.0 0.0 0.0
11.38885994 67.37057533 0.0 0.0 1.0 0.0 0.0 0.0 0.0 0.0
11.38885994 72.37057533 0.0 0.0 1.0 0.0 0.0 0.0 0.0 0.0
11.38885994 77.37057533 0.0 0.0 1.0 0.0 0.0 0.0 0.0 0.0
11.38885994 82.37057533 0.0 1.0 0.0 0.0 0.0 0.0 0.0 0.0
