49.17726072 5.81014869 0.0 0.0 0.0 0.0 1.0 0.0 0.0 0.0
44.17726072 5.81014869 0.0 0.0 0.0 0.0 1.0 0.0 0.0 0.0
39.17726072 5.81014869 0.0 0.0 0.0 1.0 0.0 0.0 0.0 0.0
34.17726072 10.81014869 0.0 0.0 1.0 0.0 0.0 0.0 0.0 0.0
34.17726072 15.81014869 0.0 0.0 0.0 1.0 0.0 0.0 0.0 0.0
29.17726072 20.81014869 0.0 0.0 1.0 0.0 0.0 0.0 0.0 0.0
29.17726072 25.81014869 0.0 0.0 1.0 0.0 0.0 0.0 0.0 0.0
29.17726072 30.81014869 0.0 0.0 1.0 0.0 0.0 0.0 0.0 0.0
29.17726072 35.81014869 0.0 0.0 0.0 1.0 0.0 0.0 0.0 0.0
24.17726072 40.81014869 0.0 0.0 1.0 0.0 0.0 0.0 0.0 0.0
24.17726072 45.81014869 0.0 0.0 0.0 1.0 0.0 0.0 0.0 0.0
19.17726072 50.81014869 0.0 0.0 1.0 0.0 0.0 0.0 0.0 0.0
19.17726072 55.81014869 0.0 0.0 0.0 1.0 0.0 0.0 0.0 0.0
14.17726072 60.81014869 0.0 0.0 1.0 0.0 0.0 0.0 0.0 0.0
14.17726072 65.81014869 0.0 0.0 1.0 0.0 0.0 0.0 0.0 0.0
14.17726072 70.81014869 0.0 0.0 0.0 1.0 0.0 0.0 0.0 0.0
9.17726072 75.81014869 0.0 0.0 1.0 0.0 0.0 0.0 0.0 0.0
9.17726072 80.81014869 0.0 0.0 0.0 1.0 0.0 0.0 0.0 0.0
