43.33511681 83.25280155 0.0 0.0 0.0 0.0 0.0 0.0 0.0 1.0
48.33511681 78.25280155 0.0 0.0 0.0 0.0 0.0 0.0 1.0 0.0
48.33511681 73.25280155 0.0 0.0 0.0 0.0 0.0 0.0 0.0 1.0
53.33511681 68.25280155 0.0 0.0 0.0 0.0 0.0 0.0 1.0 0.0
53.33511681 63.25280155 0.0 0.0 0.0 0.0 0.0 0.0 0.0 1.0
58.33511681 58.25280155 0.0 0.0 0.0 0.0 0.0 0.0 0.0 1.0
63.33511681 53.25280155 0.0 0.0 0.0 0.0 0.0 0.0 0.0 1.0
68.33511681 48.25280155 0.0 0.0 0.0 0.0 0.0 0.0 1.0 0.0
68.33511681 43.25280155 0.0 0.0 0.0 0.0 0.0 0.0 1.0 0.0
68.33511681 38.25280155 0.0 0.0 0.0 0.0 0.0 0.0 1.0 0.0
68.33511681 33.25280155 0.0 0.0 0.0 0.0 0.0 0.0 1.0 0.0
68.33511681 28.25280155 0.0 0.0 0.0 0.0 0.0 0.0 1.0 0.0
68.33511681 23.25280155 0.0 0.0 0.0 0.0 0.0 0.0 1.0 0.0
68.33511681 18.25280155 0.0 0.0 0.0 0.0 0.0 0.0 1.0 0.0
68.33511681 13.25280155 0.0 0.0 0.0 0.0 0.0 0.0 1.0 0.0
68.33511681 8.25280155 0.0 0.0 0.0 0.0 0.0 0.0 0.0 1.0
73.33511681 3.25280155 1.0 0.0 0.0 0.0 0.0 0.0 0.0 0.0
78.33511681 3.25280155 1.0 0.0 0.0 0.0 0.0 0.0 0.0 0.0
83.33511681 3.25280155 1.0 0.0 0.0 0.0 0.0 0.0 0.0 0.0
88.33511681 3.25280155 1.0 0.0 0.0 0.0 0.0 0.0 0.0 0.0
93.33511681 3.25280155 0.0 1.0 0.0 0.0 0.0 0.0 0.0 0.0
98.33511681 8.25280155 0.0 0.0 1.0 0.0 0.0 0.0 0.0 0.0
98.33511681 13.25280155 0.0 0.0 0.0 1.0 0.0 0.0 0.0 0.0
