18.96196209 68.09629619 0.0 0.0 0.0 0.0 0.0 0.0 0.0 1.0
23.96196209 63.09629619 0.0 0.0 0.0 0.0 0.0 0.0 0.0 1.0
28.96196209 58.09629619 0.0 0.0 0.0 0.0 0.0 0.0 0.0 1.0
33.96196209 53.09629619 1.0 0.0 0.0 0.0 0.0 0.0 0.0 0.0
38.96196209 53.09629619 1.0 0.0 0.0 0.0 0.0 0.0 0.0 0.0
43.96196209 53.09629619 1.0 0.0 0.0 0.0 0.0 0.0 0.0 0.0
48.96196209 53.09629619 1.0 0.0 0.0 0.0 0.0 0.0 0.0 0.0
53.96196209 53.09629619 1.0 0.0 0.0 0.0 0.0 0.0 0.0 0.0
58.96196209 53.09629619 0.0 0.0 0.0 0.0 0.0 0.0 0.0 1.0
63.96196209 48.09629619 1.0 0.0 0.0 0.0 0.0 0.0 0.0 0.0
68.96196209 48.09629619 1.0 0.0 0.0 0.0 0.0 0.0 0.0 0.0
73.96196209 48.09629619 1.0 0.0 0.0 0.0 0.0 0.0 0.0 0.0
78.96196209 48.09629619 0.0 0.0 0.0 0.0 0.0 0.0 0.0 1.0
83.96196209 43.09629619 0.0 0.0 0.0 0.0 0.0 0.0 0.0 1.0
88.96196209 38.09629619 0.0 0.0 0.0 0.0 0.0 0.0 0.0 1.0
93.96196209 33.09629619 0.0 0.0 0.0 0.0 0.0 0.0 1.0 0.0
93.96196209 28.09629619 0.0 0.0 0.0 0.0 0.0 0.0 0.0 1.0
