90.02367188 10.3662151 0.0 0.0 0.0 1.0 0.0 0.0 0.0 0.0
85.02367188 15.3662151 0.0 0.0 0.0 1.0 0.0 0.0 0.0 0.0
80.02367188 20.3662151 0.0 0.0 0.0 1.0 0.0 0.0 0.0 0.0
75.02367188 25.3662151 0.0 0.0 0.0 0.0 1.0 0.0 0.0 0.0
70.02367188 25.3662151 0.0 0.0 0.0 1.0 0.0 0.0 0.0 0.0
65.02367188 30.3662151 0.0 0.0 0.0 1.0 0.0 0.0 0.0 0.0
60.02367188 35.3662151 0.0 0.0 0.0 1.0 0.0 0.0 0.0 0.0
55.02367188 40.3662151 0.0 0.0 0.0 1.0 0.0 0.0 0.0 0.0
50.02367188 45.3662151 0.0 0.0 0.0 1.0 0.0 0.0 0.0 0.0
45.02367188 50.3662151 0.0 0.0 0.0 1.0 0.0 0.0 0.0 0.0
40.02367188 55.3662151 0.0 0.0 0.0 1.0 0.0 0.0 0.0 0.0
35.02367188 60.3662151 0.0 0.0 0.0 1.0 0.0 0.0 0.0 0.0
30.02367188 65.3662151 0.0 0.0 1.0 0.0 0.0 0.0 0.0 0.0
30.02367188 70.3662151 0.0 0.0 1.0 0.0 0.0 0.0 0.0 0.0
30.02367188 75.3662151 0.0 0.0 0.0 1.0 0.0 0.0 0.0 0.0
25.02367188 80.3662151 0.0 0.0 0.0 1.0 0.0 0.0 0.0 0.0
20.02367188 85.3662151 0.0 0.0 0.0 0.0 1.0 0.0 0.0 0.0
15.02367188 85.3662151 0.0 0.0 0.0 0.0 1.0 0.0 0.0 0.0
10.02367188 85.3662151 0.0 0.0 0.0 0.0 1.0 0.0 0.0 0.0
5.02367188 85.3662151 0.0 0.0 0.0 1.0 0.0 0.0 0.0 0.0
