6.72255494 22.07743997 0.0 0.0 1.0 0.0 0.0 0.0 0.0 0.0
6.72255494 27.07743997 0.0 0.0 1.0 0.0 0.0 0.0 0.0 0.0
6.72255494 32.07743997 0.0 0.0 1.0 0.0 0.0 0.0 0.0 0.0
6.72255494 37.07743997 0.0 0.0 1.0 0.0 0.0 0.0 0.0 0.0
6.72255494 42.07743997 0.0 1.0 0.0 0.0 0.0 0.0 0.0 0.0
11.72255494 47.07743997 0.0 1.0 0.0 0.0 0.0 0.0 0.0 0.0
16.72255494 52.07743997 0.0 1.0 0.0 0.0 0.0 0.0 0.0 0.0
21.72255494 57.07743997 0.0 1.0 0.0 0.0 0.0 0.0 0.0 0.0
26.72255494 62.07743997 0.0 1.0 0.0 0.0 0.0 0.0 0.0 0.0
31.72255494 67.07743997 0.0 1.0 0.0 0.0 0.0 0.0 0.0 0.0
36.72255494 72.07743997 1.0 0.0 0.0 0.0 0.0 0.0 0.0 0.0
41.72255494 72.07743997 1.0 0.0 0.0 0.0 0.0 0.0 0.0 0.0
46.72255494 72.07743997 1.0 0.0 0.0 0.0 0.0 0.0 0.0 0.0
51.72255494 72.07743997 1.0 0.0 0.0 0.0 0.0 0.0 0.0 0.0
56.72255494 72.07743997 1.0 0.0 0.0 0.0 0.0 0.0 0.0 0.0
61.72255494 72.07743997 1.0 0.0 0.0 0.0 0.0 0.0 0.0 0.0
66.72255494 72.07743997 0.0 1.0 0.0 0.0 0.0 0.0 0.0 0.0
71.72255494 77.07743997 1.0 0.0 0.0 0.0 0.0 0.0 0.0 0.0
76.72255494 77.07743997 0.0 1.0 0.0 0.0 0.0 0.0 0.0 0.0
81.72255494 82.07743997 1.0 0.0 0.0 0.0 0.0 0.0 0.0 0.0
86.72255494 82.07743997 0.0 1.0 0.0 0.0 0.0 0.0 0.0 0.0
