12.83367007 32.58748736 1.0 0.0 0.0 0.0 0.0 0.0 0.0 0.0
17.83367007 32.58748736 1.0 0.0 0.0 0.0 0.0 0.0 0.0 0.0
22.83367007 32.58748736 1.0 0.0 0.0 0.0 0.0 0.0 0.0 0.0
27.83367007 32.58748736 1.0 0.0 0.0 0.0 0.0 0.0 0.0 0.0
32.83367007 32.58748736 0.0 0.0 0.0 0.0 0.0 0.0 0.0 1.0
37.83367007 27.58748736 1.0 0.0 0.0 0.0 0.0 0.0 0.0 0.0
42.83367007 27.58748736 0.0 0.0 0.0 0.0 0.0 0.0 0.0 1.0
47.83367007 22.58748736 1.0 0.0 0.0 0.0 0.0 0.0 0.0 0.0
52.83367007 22.58748736 0.0 1.0 0.0 0.0 0.0 0.0 0.0 0.0
57.83367007 27.58748736 0.0 1.0 0.0 0.0 0.0 0.0 0.0 0.0
62.83367007 32.58748736 0.0 1.0 0.0 0.0 0.0 0.0 0.0 0.0
67.83367007 37.58748736 1.0 0.0 0.0 0.0 0.0 0.0 0.0 0.0
72.83367007 37.58748736 1.0 0.0 0.0 0.0 0.0 0.0 0.0 0.0
77.83367007 37.58748736 0.0 1.0 0.0 0.0 0.0 0.0 0.0 0.0
82.83367007 42.58748736 0.0 1.0 0.0 0.0 0.0 0.0 0.0 0.0
87.83367007 47.58748736 0.0 1.0 0.0 0.0 0.0 0.0 0.0 0.0
92.83367007 52.58748736 0.0 1.0 0.0 0.0 0.0 0.0 0.0 0.0
97.83367007 57.58748736 0.0 0.0 0.0 1.0 0.0 0.0 0.0 0.0
