6.70741634 78.09567851 0.0 0.0 0.0 0.0 0.0 0.0 1.0 0.0
6.70741634 73.09567851 0.0 0.0 0.0 0.0 0.0 0.0 0.0 1.0
11.70741634 68.09567851 0.0 0.0 0.0 0.0 0.0 0.0 0.0 1.0
16.70741634 63.09567851 0.0 0.0 0.0 0.0 0.0 0.0 0.0 1.0
21.70741634 58.09567851 0.0 0.0 0.0 0.0 0.0 0.0 0.0 1.0
26.70741634 53.09567851 0.0 0.0 0.0 0.0 0.0 0.0 0.0 1.0
31.70741634 48.09567851 0.0 0.0 0.0 0.0 0.0 0.0 0.0 1.0
36.70741634 43.09567851 0.0 0.0 0.0 0.0 0.0 0.0 0.0 1.0
41.70741634 38.09567851 0.0 0.0 0.0 0.0 0.0 0.0 0.0 1.0
46.70741634 33.09567851 0.0 0.0 0.0 0.0 0.0 0.0 0.0 1.0
51.70741634 28.09567851 0.0 0.0 0.0 0.0 0.0 0.0 0.0 1.0
56.70741634 23.09567851 1.0 0.0 0.0 0.0 0.0 0.0 0.0 0.0
61.70741634 23.09567851 0.0 0.0 0.0 0.0 0.0 0.0 0.0 1.0
66.70741634 18.09567851 1.0 0.0 0.0 0.0 0.0 0.0 0.0 0.0
71.70741634 18.09567851 0.0 0.0 0.0 0.0 0.0 0.0 0.0 1.0
76.70741634 13.09567851 1.0 0.0 0.0 0.0 0.0 0.0 0.0 0.0
81.70741634 13.09567851 0.0 0.0 0.0 0.0 0.0 0.0 0.0 1.0
86.70741634 8.09567851 0.0 0.0 0.0 0.0 0.0 0.0 0.0 1.0
