98.43382942 25.43974948 0.0 0.0 1.0 0.0 0.0 0.0 0.0 0.0
98.43382942 30.43974948 0.0 0.0 1.0 0.0 0.0 0.0 0.0 0.0
98.43382942 35.43974948 0.0 0.0 1.0 0.0 0.0 0.0 0.0 0.0
98.43382942 40.43974948 0.0 0.0 1.0 0.0 0.0 0.0 0.0 0.0
98.43382942 45.43974948 0.0 0.0 0.0 1.0 0.0 0.0 0.0 0.0
93.43382942 50.43974948 0.0 0.0 0.0 1.0 0.0 0.0 0.0 0.0
88.43382942 55.43974948 0.0 0.0 0.0 0.0 1.0 0.0 0.0 0.0
83.43382942 55.43974948 0.0 0.0 0.0 1.0 0.0 0.0 0.0 0.0
78.43382942 60.43974948 0.0 0.0 0.0 0.0 1.0 0.0 0.0 0.0
73.43382942 60.43974948 0.0 0.0 0.0 0.0 1.0 0.0 0.0 0.0
68.43382942 60.43974948 0.0 0.0 0.0 1.0 0.0 0.0 0.0 0.0
63.43382942 65.43974948 0.0 0.0 0.0 0.0 1.0 0.0 0.0 0.0
58.43382942 65.43974948 0.0 0.0 0.0 1.0 0.0 0.0 0.0 0.0
53.43382942 70.43974948 0.0 0.0 0.0 0.0 1.0 0.0 0.0 0.0
48.43382942 70.43974948 0.0 0.0 0.0 1.0 0.0 0.0 0.0 0.0
43.43382942 75.43974948 0.0 0.0 0.0 0.0 1.0 0.0 0.0 0.0
38.43382942 75.43974948 0.0 0.0 0.0 1.0 0.0 0.0 0.0 0.0
33.43382942 80.43974948 0.0 0.0 0.0 0.0 1.0 0.0 0.0 0.0
28.43382942 80.43974948 0.0 0.0 0.0 1.0 0.0 0.0 0.0 0.0
23.43382942 85.43974948 0.0 0.0 0.0 1.0 0.0 0.0 0.0 0.0
