63.89450136 70.56535653 0.0 0.0 0.0 0.0 1.0 0.0 0.0 0.0
58.89450136 70.56535653 0.0 0.0 0.0 0.0 1.0 0.0 0.0 0.0
53.89450136 70.56535653 0.0 0.0 0.0 1.0 0.0 0.0 0.0 0.0
48.89450136 75.56535653 0.0 0.0 0.0 0.0 1.0 0.0 0.0 0.0
43.89450136 75.56535653 0.0 0.0 0.0 0.0 0.0 1.0 0.0 0.0
38.89450136 70.56535653 0.0 0.0 0.0 0.0 0.0 1.0 0.0 0.0
33.89450136 65.56535653 0.0 0.0 0.0 0.0 0.0 0.0 1.0 0.0
33.89450136 60.56535653 0.0 0.0 0.0 0.0 0.0 0.0 1.0 0.0
33.89450136 55.56535653 0.0 0.0 0.0 0.0 0.0 1.0 0.0 0.0
28.89450136 50.56535653 0.0 0.0 0.0 0.0 0.0 0.0 1.0 0.0
28.89450136 45.56535653 0.0 0.0 0.0 0.0 0.0 1.0 0.0 0.0
23.89450136 40.56535653 0.0 0.0 0.0 0.0 0.0 0.0 0.0 1.0
