84.27627635 1.16826817 0.0 0.0 0.0 1.0 0.0 0.0 0.0 0.0
79.27627635 6.16826817 0.0 0.0 0.0 1.0 0.0 0.0 0.0 0.0
74.27627635 11.16826817 0.0 0.0 0.0 1.0 0.0 0.0 0.0 0.0
69.27627635 16.16826817 0.0 0.0 0.0 1.0 0.0 0.0 0.0 0.0
64.27627635 21.16826817 0.0 0.0 0.0 1.0 0.0 0.0 0.0 0.0
59.27627635 26.16826817 0.0 0.0 0.0 1.0 0.0 0.0 0.0 0.0
54.27627635 31.16826817 0.0 0.0 0.0 1.0 0.0 0.0 0.0 0.0
49.27627635 36.16826817 0.0 0.0 0.0 1.0 0.0 0.0 0.0 0.0
44.27627635 41.16826817 0.0 0.0 0.0 1.0 0.0 0.0 0.0 0.0
39.27627635 46.16826817 0.0 0.0 0.0 1.0 0.0 0.0 0.0 0.0
34.27627635 51.16826817 0.0 0.0 0.0 0.0 1.0 0.0 0.0 0.0
29.27627635 51.16826817 0.0 0.0 0.0 0.0 1.0 0.0 0.0 0.0
24.27627635 51.16826817 0.0 0.0 0.0 0.0 1.0 0.0 0.0 0.0
19.27627635 51.16826817 0.0 0.0 0.0 1.0 0.0 0.0 0.0 0.0
14.27627635 56.16826817 0.0 0.0 0.0 1.0 0.0 0.0 0.0 0.0
9.27627635 61.16826817 0.0 0.0 1.0 0.0 0.0 0.0 0.0 0.0
9.27627635 66.16826817 0.0 0.0 1.0 0.0 0.0 0.0 0.0 0.0
9.27627635 71.16826817 0.0 0.0 0.0 1.0 0.0 0.0 0.0 0.0
