96.23927031 1.39090279 0.0 0.0 0.0 1.0 0.0 0.0 0.0 0.0
91.23927031 6.39090279 0.0 0.0 0.0 1.0 0.0 0.0 0.0 0.0
86.23927031 11.39090279 0.0 0.0 0.0 1.0 0.0 0.0 0.0 0.0
81.23927031 16.39090279 0.0 0.0 0.0 1.0 0.0 0.0 0.0 0.0
76.23927031 21.39090279 0.0 0.0 0.0 1.0 0.0 0.0 0.0 0.0
71.23927031 26.39090279 0.0 0.0 0.0 1.0 0.0 0.0 0.0 0.0
66.23927031 31.39090279 0.0 0.0 0.0 1.0 0.0 0.0 0.0 0.0
61.23927031 36.39090279 0.0 0.0 0.0 0.0 1.0 0.0 0.0 0.0
56.23927031 36.39090279 0.0 0.0 0.0 1.0 0.0 0.0 0.0 0.0
51.23927031 41.39090279 0.0 0.0 0.0 0.0 1.0 0.0 0.0 0.0
46.23927031 41.39090279 0.0 0.0 0.0 1.0 0.0 0.0 0.0 0.0
41.23927031 46.39090279 0.0 0.0 0.0 0.0 1.0 0.0 0.0 0.0
36.23927031 46.39090279 0.0 0.0 0.0 1.0 0.0 0.0 0.0 0.0
31.23927031 51.39090279 0.0 0.0 0.0 0.0 1.0 0.0 0.0 0.0
26.23927031 51.39090279 0.0 0.0 0.0 1.0 0.0 0.0 0.0 0.0
21.23927031 56.39090279 0.0 0.0 0.0 0.0 1.0 0.0 0.0 0.0
16.23927031 56.39090279 0.0 0.0 0.0 0.0 1.0 0.0 0.0 0.0
11.23927031 56.39090279 0.0 0.0 0.0 1.0 0.0 0.0 0.0 0.0
6.23927031 61.39090279 0.0 0.0 0.0 1.0 0.0 0.0 0.0 0.0
