15.27781939 45.39501483 0.0 0.0 0.0 0.0 0.0 0.0 1.0 0.0
15.27781939 40.39501483 0.0 0.0 0.0 0.0 0.0 0.0 1.0 0.0
15.27781939 35.39501483 0.0 0.0 0.0 0.0 0.0 0.0 0.0 1.0
20.27781939 30.39501483 0.0 0.0 0.0 0.0 0.0 0.0 0.0 1.0
25.27781939 25.39501483 1.0 0.0 0.0 0.0 0.0 0.0 0.0 0.0
30.27781939 25.39501483 1.0 0.0 0.0 0.0 0.0 0.0 0.0 0.0
35.27781939 25.39501483 1.0 0.0 0.0 0.0 0.0 0.0 0.0 0.0
40.27781939 25.39501483 1.0 0.0 0.0 0.0 0.0 0.0 0.0 0.0
45.27781939 25.39501483 1.0 0.0 0.0 0.0 0.0 0.0 0.0 0.0
50.27781939 25.39501483 0.0 1.0 0.0 0.0 0.0 0.0 0.0 0.0
55.27781939 30.39501483 1.0 0.0 0.0 0.0 0.0 0.0 0.0 0.0
60.27781939 30.39501483 1.0 0.0 0.0 0.0 0.0 0.0 0.0 0.0
65.27781939 30.39501483 1.0 0.0 0.0 0.0 0.0 0.0 0.0 0.0
70.27781939 30.39501483 1.0 0.0 0.0 0.0 0.0 0.0 0.0 0.0
75.27781939 30.39501483 0.0 1.0 0.0 0.0 0.0 0.0 0.0 0.0
80.27781939 35.39501483 0.0 0.0 0.0 0.0 0.0 0.0 0.0 1.0
