99.19889206 1.04734595 0.0 0.0 1.0 0.0 0.0 0.0 0.0 0.0
99.19889206 6.04734595 0.0 0.0 0.0 1.0 0.0 0.0 0.0 0.0
94.19889206 11.04734595 0.0 0.0 0.0 1.0 0.0 0.0 0.0 0.0
89.19889206 16.04734595 0.0 0.0 0.0 1.0 0.0 0.0 0.0 0.0
84.19889206 21.04734595 0.0 0.0 0.0 1.0 0.0 0.0 0.0 0.0
79.19889206 26.04734595 0.0 0.0 0.0 1.0 0.0 0.0 0.0 0.0
74.19889206 31.04734595 0.0 0.0 1.0 0.0 0.0 0.0 0.0 0.0
74.19889206 36.04734595 0.0 0.0 1.0 0.0 0.0 0.0 0.0 0.0
74.19889206 41.04734595 0.0 0.0 1.0 0.0 0.0 0.0 0.0 0.0
74.19889206 46.04734595 0.0 0.0 1.0 0.0 0.0 0.0 0.0 0.0
74.19889206 51.04734595 0.0 0.0 1.0 0.0 0.0 0.0 0.0 0.0
74.19889206 56.04734595 0.0 0.0 1.0 0.0 0.0 0.0 0.0 0.0
74.19889206 61.04734595 0.0 0.0 0.0 1.0 0.0 0.0 0.0 0.0
69.19889206 66.04734595 0.0 0.0 0.0 1.0 0.0 0.0 0.0 0.0
64.19889206 71.04734595 0.0 0.0 0.0 1.0 0.0 0.0 0.0 0.0
59.19889206 76.04734595 0.0 0.0 0.0 1.0 0.0 0.0 0.0 0.0
54.19889206 81.04734595 0.0 0.0 0.0 1.0 0.0 0.0 0.0 0.0
49.19889206 86.04734595 0.0 0.0 0.0 1.0 0.0 0.0 0.0 0.0
