79.25587077 4.3529247 0.0 0.0 1.0 0.0 0.0 0.0 0.0 0.0
79.25587077 9.3529247 0.0 0.0 1.0 0.0 0.0 0.0 0.0 0.0
79.25587077 14.3529247 0.0 0.0 1.0 0.0 0.0 0.0 0.0 0.0
79.25587077 19.3529247 0.0 0.0 1.0 0.0 0.0 0.0 0.0 0.0
79.25587077 24.3529247 0.0 0.0 1.0 0.0 0.0 0.0 0.0 0.0
79.25587077 29.3529247 0.0 0.0 1.0 0.0 0.0 0.0 0.0 0.0
79.25587077 34.3529247 0.0 0.0 1.0 0.0 0.0 0.0 0.0 0.0
79.25587077 39.3529247 0.0 0.0 1.0 0.0 0.0 0.0 0.0 0.0
79.25587077 44.3529247 0.0 0.0 1.0 0.0 0.0 0.0 0.0 0.0
79.25587077 49.3529247 0.0 0.0 1.0 0.0 0.0 0.0 0.0 0.0
79.25587077 54.3529247 0.0 0.0 1.0 0.0 0.0 0.0 0.0 0.0
79.25587077 59.3529247 0.0 0.0 0.0 1.0 0.0 0.0 0.0 0.0
74.25587077 64.3529247 0.0 1.0 0.0 0.0 0.0 0.0 0.0 0.0
79.25587077 69.3529247 0.0 0.0 1.0 0.0 0.0 0.0 0.0 0.0
79.25587077 74.3529247 0.0 1.0 0.0 0.0 0.0 0.0 0.0 0.0
84.25587077 79.3529247 0.0 1.0 0.0 0.0 0.0 0.0 0.0 0.0
89.25587077 84.3529247 0.0 1.0 0.0 0.0 0.0 0.0 0.0 0.0
94.25587077 89.3529247 0.0 1.0 0.0 0.0 0.0 0.0 0.0 0.0
