3.64052979 1.36812483 0.0 1.0 0.0 0.0 0.0 0.0 0.0 0.0
8.64052979 6.36812483 0.0 0.0 1.0 0.0 0.0 0.0 0.0 0.0
8.64052979 11.36812483 0.0 0.0 1.0 0.0 0.0 0.0 0.0 0.0
8.64052979 16.36812483 0.0 1.0 0.0 0.0 0.0 0.0 0.0 0.0
13.64052979 21.36812483 0.0 1.0 0.0 0.0 0.0 0.0 0.0 0.0
18.64052979 26.36812483 0.0 1.0 0.0 0.0 0.0 0.0 0.0 0.0
23.64052979 31.36812483 0.0 1.0 0.0 0.0 0.0 0.0 0.0 0.0
28.64052979 36.36812483 0.0 1.0 0.0 0.0 0.0 0.0 0.0 0.0
33.64052979 41.36812483 0.0 1.0 0.0 0.0 0.0 0.0 0.0 0.0
38.64052979 46.36812483 0.0 1.0 0.0 0.0 0.0 0.0 0.0 0.0
43.64052979 51.36812483 0.0 1.0 0.0 0.0 0.0 0.0 0.0 0.0
48.64052979 56.36812483 0.0 1.0 0.0 0.0 0.0 0.0 0.0 0.0
53.64052979 61.36812483 0.0 1.0 0.0 0.0 0.0 0.0 0.0 0.0
58.64052979 66.36812483 1.0 0.0 0.0 0.0 0.0 0.0 0.0 0.0
63.64052979 66.36812483 1.0 0.0 0.0 0.0 0.0 0.0 0.0 0.0
68.64052979 66.36812483 0.0 1.0 0.0 0.0 0.0 0.0 0.0 0.0
73.64052979 71.36812483 0.0 1.0 0.0 0.0 0.0 0.0 0.0 0.0
