12.93520239 89.30107494 1.0 0.0 0.0 0.0 0.0 0.0 0.0 0.0
17.93520239 89.30107494 0.0 0.0 0.0 0.0 0.0 0.0 0.0 1.0
22.93520239 84.30107494 1.0 0.0 0.0 0.0 0.0 0.0 0.0 0.0
27.93520239 84.30107494 0.0 0.0 0.0 0.0 0.0 0.0 0.0 1.0
32.93520239 79.30107494 0.0 0.0 0.0 0.0 0.0 0.0 0.0 1.0
37.93520239 74.30107494 0.0 0.0 0.0 0.0 0.0 0.0 0.0 1.0
42.93520239 69.30107494 0.0 0.0 0.0 0.0 0.0 0.0 0.0 1.0
47.93520239 64.30107494 1.0 0.0 0.0 0.0 0.0 0.0 0.0 0.0
52.93520239 64.30107494 1.0 0.0 0.0 0.0 0.0 0.0 0.0 0.0
57.93520239 64.30107494 1.0 0.0 0.0 0.0 0.0 0.0 0.0 0.0
62.93520239 64.30107494 1.0 0.0 0.0 0.0 0.0 0.0 0.0 0.0
67.93520239 64.30107494 1.0 0.0 0.0 0.0 0.0 0.0 0.0 0.0
72.93520239 64.30107494 0.0 0.0 0.0 0.0 0.0 0.0 0.0 1.0
77.93520239 59.30107494 1.0 0.0 0.0 0.0 0.0 0.0 0.0 0.0
82.93520239 59.30107494 0.0 0.0 0.0 0.0 0.0 0.0 0.0 1.0
87.93520239 54.30107494 1.0 0.0 0.0 0.0 0.0 0.0 0.0 0.0
92.93520239 54.30107494 0.0 0.0 0.0 0.0 0.0 0.0 0.0 1.0
