1.61180808 34.19773697 1.0 0.0 0.0 0.0 0.0 0.0 0.0 0.0
6.61180808 34.19773697 1.0 0.0 0.0 0.0 0.0 0.0 0.0 0.0
11.61180808 34.19773697 1.0 0.0 0.0 0.0 0.0 0.0 0.0 0.0
16.61180808 34.19773697 1.0 0.0 0.0 0.0 0.0 0.0 0.0 0.0
21.61180808 34.19773697 1.0 0.0 0.0 0.0 0.0 0.0 0.0 0.0
26.61180808 34.19773697 1.0 0.0 0.0 0.0 0.0 0.0 0.0 0.0
31.61180808 34.19773697 1.0 0.0 0.0 0.0 0.0 0.0 0.0 0.0
36.61180808 34.19773697 1.0 0.0 0.0 0.0 0.0 0.0 0.0 0.0
41.61180808 34.19773697 1.0 0.0 0.0 0.0 0.0 0.0 0.0 0.0
46.61180808 34.19773697 1.0 0.0 0.0 0.0 0.0 0.0 0.0 0.0
51.61180808 34.19773697 0.0 1.0 0.0 0.0 0.0 0.0 0.0 0.0
56.61180808 39.19773697 0.0 1.0 0.0 0.0 0.0 0.0 0.0 0.0
61.61180808 44.19773697 0.0 1.0 0.0 0.0 0.0 0.0 0.0 0.0
66.61180808 49.19773697 0.0 1.0 0.0 0.0 0.0 0.0 0.0 0.0
71.61180808 54.19773697 1.0 0.0 0.0 0.0 0.0 0.0 0.0 0.0
76.61180808 54.19773697 1.0 0.0 0.0 0.0 0.0 0.0 0.0 0.0
81.61180808 54.19773697 1.0 0.0 0.0 0.0 0.0 0.0 0.0 0.0
86.61180808 54.19773697 0.0 0.0 0.0 0.0 0.0 0.0 0.0 1.0
91.61180808 49.19773697 0.0 0.0 0.0 0.0 0.0 0.0 0.0 1.0
