5.58683994 2.94661527 0.0 0.0 1.0 0.0 0.0 0.0 0.0 0.0
5.58683994 7.94661527 0.0 1.0 0.0 0.0 0.0 0.0 0.0 0.0
10.58683994 12.94661527 0.0 1.0 0.0 0.0 0.0 0.0 0.0 0.0
15.58683994 17.94661527 0.0 1.0 0.0 0.0 0.0 0.0 0.0 0.0
20.58683994 22.94661527 0.0 0.0 1.0 0.0 0.0 0.0 0.0 0.0
20.58683994 27.94661527 0.0 0.0 1.0 0.0 0.0 0.0 0.0 0.0
20.58683994 32.94661527 0.0 0.0 1.0 0.0 0.0 0.0 0.0 0.0
20.58683994 37.94661527 0.0 0.0 1.0 0.0 0.0 0.0 0.0 0.0
20.58683994 42.94661527 0.0 0.0 1.0 0.0 0.0 0.0 0.0 0.0
20.58683994 47.94661527 0.0 0.0 1.0 0.0 0.0 0.0 0.0 0.0
20.58683994 52.94661527 0.0 0.0 1.0 0.0 0.0 0.0 0.0 0.0
20.58683994 57.94661527 0.0 0.0 0.0 1.0 0.0 0.0 0.0 0.0
15.58683994 62.94661527 0.0 0.0 0.0 1.0 0.0 0.0 0.0 0.0
10.58683994 67.94661527 0.0 0.0 1.0 0.0 0.0 0.0 0.0 0.0
10.58683994 72.94661527 0.0 0.0 1.0 0.0 0.0 0.0 0.0 0.0
10.58683994 77.94661527 0.0 0.0 1.0 0.0 0.0 0.0 0.0 0.0
10.58683994 82.94661527 0.0 0.0 1.0 0.0 0.0 0.0 0.0 0.0
10.58683994 87.94661527 0.0 0.0 0.0 1.0 0.0 0.0 0.0 0.0
5.58683994 92.94661527 0.0 0.0 0.0 1.0 0.0 0.0 0.0 0.0
