17.69806618 58.76632876 0.0 0.0 0.0 0.0 0.0 0.0 0.0 1.0
22.69806618 53.76632876 1.0 0.0 0.0 0.0 0.0 0.0 0.0 0.0
27.69806618 53.76632876 0.0 0.0 0.0 0.0 0.0 0.0 0.0 1.0
32.69806618 48.76632876 1.0 0.0 0.0 0.0 0.0 0.0 0.0 0.0
37.69806618 48.76632876 0.0 0.0 0.0 0.0 0.0 0.0 0.0 1.0
42.69806618 43.76632876 0.0 0.0 0.0 0.0 0.0 0.0 0.0 1.0
47.69806618 38.76632876 0.0 0.0 0.0 0.0 0.0 0.0 0.0 1.0
52.69806618 33.76632876 0.0 0.0 0.0 0.0 0.0 0.0 0.0 1.0
57.69806618 28.76632876 0.0 0.0 0.0 0.0 0.0 0.0 0.0 1.0
62.69806618 23.76632876 0.0 0.0 0.0 0.0 0.0 0.0 0.0 1.0
67.69806618 18.76632876 0.0 0.0 0.0 0.0 0.0 0.0 1.0 0.0
67.69806618 13.76632876 0.0 0.0 0.0 0.0 0.0 0.0 0.0 1.0
72.69806618 8.76632876 1.0 0.0 0.0 0.0 0.0 0.0 0.0 0.0
77.69806618 8.76632876 0.0 0.0 0.0 0.0 0.0 0.0 0.0 1.0
82.69806618 3.76632876 1.0 0.0 0.0 0.0 0.0 0.0 0.0 0.0
87.69806618 3.76632876 0.0 1.0 0.0 0.0 0.0 0.0 0.0 0.0
92.69806618 8.76632876 0.0 1.0 0.0 0.0 0.0 0.0 0.0 0.0
