6.6415038 7.22138747 0.0 1.0 0.0 0.0 0.0 0.0 0.0 0.0
11.6415038 12.22138747 0.0 1.0 0.0 0.0 0.0 0.0 0.0 0.0
16.6415038 17.22138747 0.0 1.0 0.0 0.0 0.0 0.0 0.0 0.0
21.6415038 22.22138747 0.0 0.0 1.0 0.0 0.0 0.0 0.0 0.0
21.6415038 27.22138747 0.0 0.0 1.0 0.0 0.0 0.0 0.0 0.0
21.6415038 32.22138747 0.0 1.0 0.0 0.0 0.0 0.0 0.0 0.0
26.6415038 37.22138747 0.0 1.0 0.0 0.0 0.0 0.0 0.0 0.0
31.6415038 42.22138747 0.0 1.0 0.0 0.0 0.0 0.0 0.0 0.0
36.6415038 47.22138747 0.0 1.0 0.0 0.0 0.0 0.0 0.0 0.0
41.6415038 52.22138747 0.0 1.0 0.0 0.0 0.0 0.0 0.0 0.0
46.6415038 57.22138747 0.0 1.0 0.0 0.0 0.0 0.0 0.0 0.0
51.6415038 62.22138747 0.0 1.0 0.0 0.0 0.0 0.0 0.0 0.0
56.6415038 67.22138747 1.0 0.0 0.0 0.0 0.0 0.0 0.0 0.0
61.6415038 67.22138747 0.0 1.0 0.0 0.0 0.0 0.0 0.0 0.0
66.6415038 72.22138747 1.0 0.0 0.0 0.0 0.0 0.0 0.0 0.0
71.6415038 72.22138747 0.0 1.0 0.0 0.0 0.0 0.0 0.0 0.0
76.6415038 77.22138747 1.0 0.0 0.0 0.0 0.0 0.0 0.0 0.0
81.6415038 77.22138747 0.0 1.0 0.0 0.0 0.0 0.0 0.0 0.0
86.6415038 82.22138747 1.0 0.0 0.0 0.0 0.0 0.0 0.0 0.0
91.6415038 82.22138747 0.0 1.0 0.0 0.0 0.0 0.0 0.0 0.0
