94.38369167 39.62367943 0.0 0.0 0.0 0.0 1.0 0.0 0.0 0.0
89.38369167 39.62367943 0.0 0.0 0.0 0.0 1.0 0.0 0.0 0.0
84.38369167 39.62367943 0.0 0.0 0.0 0.0 1.0 0.0 0.0 0.0
79.38369167 39.62367943 0.0 0.0 0.0 0.0 1.0 0.0 0.0 0.0
74.38369167 39.62367943 0.0 0.0 0.0 0.0 1.0 0.0 0.0 0.0
69.38369167 39.62367943 0.0 0.0 0.0 0.0 1.0 0.0 0.0 0.0
64.38369167 39.62367943 0.0 0.0 0.0 0.0 1.0 0.0 0.0 0.0
59.38369167 39.62367943 0.0 0.0 0.0 0.0 1.0 0.0 0.0 0.0
54.38369167 39.62367943 0.0 0.0 0.0 0.0 1.0 0.0 0.0 0.0
49.38369167 39.62367943 0.0 0.0 0.0 0.0 1.0 0.0 0.0 0.0
44.38369167 39.62367943 0.0 0.0 0.0 0.0 0.0 1.0 0.0 0.0
39.38369167 34.62367943 0.0 0.0 0.0 0.0 1.0 0.0 0.0 0.0
34.38369167 34.62367943 0.0 0.0 0.0 0.0 1.0 0.0 0.0 0.0
29.38369167 34.62367943 0.0 0.0 0.0 0.0 1.0 0.0 0.0 0.0
24.38369167 34.62367943 0.0 0.0 0.0 1.0 0.0 0.0 0.0 0.0
19.38369167 39.62367943 0.0 0.0 0.0 1.0 0.0 0.0 0.0 0.0
14.38369167 44.62367943 0.0 0.0 0.0 0.0 1.0 0.0 0.0 0.0
9.38369167 44.62367943 0.0 0.0 0.0 1.0 0.0 0.0 0.0 0.0
