75.43927416 69.8351262 0.0 0.0 0.0 0.0 0.0 0.0 1.0 0.0
75.43927416 64.8351262 0.0 0.0 0.0 0.0 0.0 0.0 1.0 0.0
75.43927416 59.8351262 0.0 0.0 0.0 0.0 0.0 0.0 1.0 0.0
75.43927416 54.8351262 0.0 0.0 0.0 0.0 0.0 0.0 1.0 0.0
75.43927416 49.8351262 0.0 0.0 0.0 0.0 0.0 1.0 0.0 0.0
70.43927416 44.8351262 0.0 0.0 0.0 0.0 0.0 0.0 1.0 0.0
70.43927416 39.8351262 0.0 0.0 0.0 0.0 0.0 1.0 0.0 0.0
65.43927416 34.8351262 0.0 0.0 0.0 0.0 0.0 0.0 1.0 0.0
65.43927416 29.8351262 0.0 0.0 0.0 0.0 0.0 0.0 1.0 0.0
65.43927416 24.8351262 0.0 0.0 0.0 0.0 0.0 0.0 1.0 0.0
65.43927416 19.8351262 0.0 0.0 0.0 0.0 0.0 0.0 1.0 0.0
65.43927416 14.8351262 0.0 0.0 0.0 0.0 0.0 0.0 1.0 0.0
65.43927416 9.8351262 0.0 0.0 0.0 0.0 0.0 1.0 0.0 0.0
