7.13437382 13.00569741 0.0 1.0 0.0 0.0 0.0 0.0 0.0 0.0
12.13437382 18.00569741 0.0 1.0 0.0 0.0 0.0 0.0 0.0 0.0
17.13437382 23.00569741 0.0 1.0 0.0 0.0 0.0 0.0 0.0 0.0
22.13437382 28.00569741 0.0 1.0 0.0 0.0 0.0 0.0 0.0 0.0
27.13437382 33.00569741 0.0 1.0 0.0 0.0 0.0 0.0 0.0 0.0
32.13437382 38.00569741 1.0 0.0 0.0 0.0 0.0 0.0 0.0 0.0
37.13437382 38.00569741 0.0 1.0 0.0 0.0 0.0 0.0 0.0 0.0
42.13437382 43.00569741 1.0 0.0 0.0 0.0 0.0 0.0 0.0 0.0
47.13437382 43.00569741 0.0 1.0 0.0 0.0 0.0 0.0 0.0 0.0
52.13437382 48.00569741 1.0 0.0 0.0 0.0 0.0 0.0 0.0 0.0
57.13437382 48.00569741 0.0 1.0 0.0 0.0 0.0 0.0 0.0 0.0
62.13437382 53.00569741 1.0 0.0 0.0 0.0 0.0 0.0 0.0 0.0
67.13437382 53.00569741 1.0 0.0 0.0 0.0 0.0 0.0 0.0 0.0
72.13437382 53.00569741 0.0 1.0 0.0 0.0 0.0 0.0 0.0 0.0
77.13437382 58.00569741 1.0 0.0 0.0 0.0 0.0 0.0 0.0 0.0
82.13437382 58.00569741 0.0 1.0 0.0 0.0 0.0 0.0 0.0 0.0
87.13437382 63.00569741 1.0 0.0 0.0 0.0 0.0 0.0 0.0 0.0
92.13437382 63.00569741 0.0 1.0 0.0 0.0 0.0 0.0 0.0 0.0
