46.6731251 97.21150482 1.0 0.0 0.0 0.0 0.0 0.0 0.0 0.0
51.6731251 97.21150482 0.0 0.0 0.0 0.0 0.0 0.0 0.0 1.0
56.6731251 92.21150482 0.0 0.0 0.0 0.0 0.0 0.0 0.0 1.0
61.6731251 87.21150482 0.0 0.0 0.0 0.0 0.0 0.0 1.0 0.0
61.6731251 82.21150482 0.0 0.0 0.0 0.0 0.0 0.0 1.0 0.0
61.6731251 77.21150482 0.0 0.0 0.0 0.0 0.0 0.0 1.0 0.0
61.6731251 72.21150482 0.0 0.0 0.0 0.0 0.0 0.0 1.0 0.0
61.6731251 67.21150482 0.0 0.0 0.0 0.0 0.0 0.0 1.0 0.0
61.6731251 62.21150482 0.0 0.0 0.0 0.0 0.0 0.0 1.0 0.0
61.6731251 57.21150482 0.0 0.0 0.0 0.0 0.0 0.0 1.0 0.0
61.6731251 52.21150482 0.0 0.0 0.0 0.0 0.0 0.0 1.0 0.0
61.6731251 47.21150482 0.0 0.0 0.0 0.0 0.0 0.0 0.0 1.0
66.6731251 42.21150482 0.0 0.0 0.0 0.0 0.0 0.0 1.0 0.0
66.6731251 37.21150482 0.0 0.0 0.0 0.0 0.0 0.0 0.0 1.0
71.6731251 32.21150482 0.0 0.0 0.0 0.0 0.0 0.0 0.0 1.0
76.6731251 27.21150482 0.0 0.0 0.0 0.0 0.0 0.0 0.0 1.0
81.6731251 22.21150482 0.0 0.0 0.0 0.0 0.0 0.0 1.0 0.0
81.6731251 17.21150482 0.0 0.0 0.0 0.0 0.0 0.0 1.0 0.0
81.6731251 12.21150482 0.0 0.0 0.0 0.0 0.0 0.0 0.0 1.0
