71.53426007 96.88020306 0.0 0.0 0.0 0.0 0.0 1.0 0.0 0.0
66.53426007 91.88020306 0.0 0.0 0.0 0.0 0.0 1.0 0.0 0.0
61.53426007 86.88020306 0.0 0.0 0.0 0.0 0.0 1.0 0.0 0.0
56.53426007 81.88020306 0.0 0.0 0.0 0.0 0.0 1.0 0.0 0.0
51.53426007 76.88020306 0.0 0.0 0.0 0.0 0.0 1.0 0.0 0.0
46.53426007 71.88020306 0.0 0.0 0.0 0.0 0.0 1.0 0.0 0.0
41.53426007 66.88020306 0.0 0.0 0.0 0.0 0.0 1.0 0.0 0.0
36.53426007 61.88020306 0.0 0.0 0.0 0.0 0.0 1.0 0.0 0.0
31.53426007 56.88020306 0.0 0.0 0.0 0.0 1.0 0.0 0.0 0.0
26.53426007 56.88020306 0.0 0.0 0.0 0.0 1.0 0.0 0.0 0.0
21.53426007 56.88020306 0.0 0.0 0.0 0.0 0.0 1.0 0.0 0.0
16.53426007 51.88020306 0.0 0.0 0.0 0.0 0.0 0.0 1.0 0.0
16.53426007 46.88020306 0.0 0.0 0.0 0.0 0.0 0.0 1.0 0.0
16.53426007 41.88020306 0.0 0.0 0.0 0.0 0.0 0.0 1.0 0.0
16.53426007 36.88020306 0.0 0.0 0.0 0.0 0.0 0.0 1.0 0.0
16.53426007 31.88020306 0.0 0.0 0.0 0.0 0.0 1.0 0.0 0.0
11.53426007 26.88020306 0.0 0.0 0.0 0.0 0.0 0.0 1.0 0.0
11.53426007 21.88020306 0.0 0.0 0.0 0.0 0.0 1.0 0.0 0.0
6.53426007 16.88020306 0.0 0.0 0.0 0.0 0.0 0.0 1.0 0.0
6.53426007 11.88020306 0.0 0.0 0.0 0.0 0.0 1.0 0.0 0.0
