45.65644518 8.36676243 0.0 0.0 1.0 0.0 0.0 0.0 0.0 0.0
45.65644518 13.36676243 0.0 0.0 1.0 0.0 0.0 0.0 0.0 0.0
45.65644518 18.36676243 0.0 0.0 1.0 0.0 0.0 0.0 0.0 0.0
45.65644518 23.36676243 0.0 0.0 1.0 0.0 0.0 0.0 0.0 0.0
45.65644518 28.36676243 0.0 0.0 1.0 0.0 0.0 0.0 0.0 0.0
45.65644518 33.36676243 0.0 0.0 1.0 0.0 0.0 0.0 0.0 0.0
45.65644518 38.36676243 0.0 0.0 1.0 0.0 0.0 0.0 0.0 0.0
45.65644518 43.36676243 0.0 0.0 1.0 0.0 0.0 0.0 0.0 0.0
45.65644518 48.36676243 0.0 0.0 1.0 0.0 0.0 0.0 0.0 0.0
45.65644518 53.36676243 0.0 0.0 1.0 0.0 0.0 0.0 0.0 0.0
45.65644518 58.36676243 0.0 1.0 0.0 0.0 0.0 0.0 0.0 0.0
50.65644518 63.36676243 0.0 0.0 1.0 0.0 0.0 0.0 0.0 0.0
50.65644518 68.36676243 0.0 1.0 0.0 0.0 0.0 0.0 0.0 0.0
55.65644518 73.36676243 0.0 0.0 1.0 0.0 0.0 0.0 0.0 0.0
55.65644518 78.36676243 0.0 1.0 0.0 0.0 0.0 0.0 0.0 0.0
60.65644518 83.36676243 0.0 0.0 1.0 0.0 0.0 0.0 0.0 0.0
60.65644518 88.36676243 0.0 1.0 0.0 0.0 0.0 0.0 0.0 0.0
