31.17679801 6.70171776 0.0 0.0 1.0 0.0 0.0 0.0 0.0 0.0
31.17679801 11.70171776 0.0 0.0 1.0 0.0 0.0 0.0 0.0 0.0
31.17679801 16.70171776 0.0 0.0 1.0 0.0 0.0 0.0 0.0 0.0
31.17679801 21.70171776 0.0 0.0 1.0 0.0 0.0 0.0 0.0 0.0
31.17679801 26.70171776 0.0 1.0 0.0 0.0 0.0 0.0 0.0 0.0
36.17679801 31.70171776 0.0 1.0 0.0 0.0 0.0 0.0 0.0 0.0
41.17679801 36.70171776 0.0 1.0 0.0 0.0 0.0 0.0 0.0 0.0
46.17679801 41.70171776 0.0 1.0 0.0 0.0 0.0 0.0 0.0 0.0
51.17679801 46.70171776 0.0 1.0 0.0 0.0 0.0 0.0 0.0 0.0
56.17679801 51.70171776 0.0 1.0 0.0 0.0 0.0 0.0 0.0 0.0
61.17679801 56.70171776 0.0 1.0 0.0 0.0 0.0 0.0 0.0 0.0
66.17679801 61.70171776 0.0 1.0 0.0 0.0 0.0 0.0 0.0 0.0
71.17679801 66.70171776 0.0 0.0 0.0 1.0 0.0 0.0 0.0 0.0
66.17679801 71.70171776 0.0 0.0 1.0 0.0 0.0 0.0 0.0 0.0
66.17679801 76.70171776 0.0 0.0 0.0 1.0 0.0 0.0 0.0 0.0
61.17679801 81.70171776 0.0 0.0 1.0 0.0 0.0 0.0 0.0 0.0
61.17679801 86.70171776 0.0 0.0 0.0 1.0 0.0 0.0 0.0 0.0
