89.77552163 52.32406247 0.0 0.0 0.0 0.0 0.0 1.0 0.0 0.0
84.77552163 47.32406247 0.0 0.0 0.0 0.0 0.0 1.0 0.0 0.0
79.77552163 42.32406247 0.0 0.0 0.0 0.0 0.0 0.0 1.0 0.0
79.77552163 37.32406247 0.0 0.0 0.0 0.0 0.0 1.0 0.0 0.0
74.77552163 32.32406247 0.0 0.0 0.0 0.0 1.0 0.0 0.0 0.0
69.77552163 32.32406247 0.0 0.0 0.0 0.0 1.0 0.0 0.0 0.0
64.77552163 32.32406247 0.0 0.0 0.0 0.0 1.0 0.0 0.0 0.0
59.77552163 32.32406247 0.0 0.0 0.0 0.0 1.0 0.0 0.0 0.0
54.77552163 32.32406247 0.0 0.0 0.0 1.0 0.0 0.0 0.0 0.0
49.77552163 37.32406247 0.0 0.0 0.0 1.0 0.0 0.0 0.0 0.0
44.77552163 42.32406247 0.0 0.0 0.0 1.0 0.0 0.0 0.0 0.0
39.77552163 47.32406247 0.0 0.0 1.0 0.0 0.0 0.0 0.0 0.0
39.77552163 52.32406247 0.0 0.0 1.0 0.0 0.0 0.0 0.0 0.0
39.77552163 57.32406247 0.0 0.0 1.0 0.0 0.0 0.0 0.0 0.0
39.77552163 62.32406247 0.0 0.0 1.0 0.0 0.0 0.0 0.0 0.0
39.77552163 67.32406247 0.0 0.0 1.0 0.0 0.0 0.0 0.0 0.0
39.77552163 72.32406247 0.0 0.0 1.0 0.0 0.0 0.0 0.0 0.0
39.77552163 77.32406247 0.0 0.0 1.0 0.0 0.0 0.0 0.0 0.0
39.77552163 82.32406247 0.0 0.0 0.0 1.0 0.0 0.0 0.0 0.0
34.77552163 87.32406247 0.0 0.0 0.0 1.0 0.0 0.0 0.0 0.0
29.77552163 92.32406247 0.0 0.0 0.0 1.0 0.0 0.0 0.0 0.0
24.77552163 97.32406247 0.0 0.0 0.0 0.0 1.0 0.0 0.0 0.0
19.77552163 97.32406247 0.0 0.0 0.0 0.0 1.0 0.0 0.0 0.0
14.77552163 97.32406247 0.0 0.0 0.0 0.0 1.0 0.0 0.0 0.0
9.77552163 97.32406247 0.0 0.0 0.0 1.0 0.0 0.0 0.0 0.0
