46.03427111 81.61504398 0.0 0.0 0.0 0.0 0.0 0.0 1.0 0.0
46.03427111 76.61504398 0.0 0.0 0.0 0.0 0.0 0.0 0.0 1.0
51.03427111 71.61504398 0.0 0.0 0.0 0.0 0.0 0.0 0.0 1.0
56.03427111 66.61504398 0.0 0.0 0.0 0.0 0.0 0.0 1.0 0.0
56.03427111 61.61504398 0.0 0.0 0.0 0.0 0.0 0.0 1.0 0.0
56.03427111 56.61504398 0.0 0.0 0.0 0.0 0.0 0.0 1.0 0.0
56.03427111 51.61504398 0.0 0.0 0.0 0.0 0.0 0.0 1.0 0.0
56.03427111 46.61504398 0.0 0.0 0.0 0.0 0.0 0.0 1.0 0.0
56.03427111 41.61504398 0.0 0.0 0.0 0.0 0.0 0.0 1.0 0.0
56.03427111 36.61504398 0.0 0.0 0.0 0.0 0.0 0.0 1.0 0.0
56.03427111 31.61504398 0.0 0.0 0.0 0.0 0.0 1.0 0.0 0.0
51.03427111 26.61504398 0.0 0.0 0.0 0.0 0.0 0.0 1.0 0.0
51.03427111 21.61504398 0.0 0.0 0.0 0.0 0.0 1.0 0.0 0.0
46.03427111 16.61504398 0.0 0.0 0.0 0.0 0.0 0.0 1.0 0.0
46.03427111 11.61504398 0.0 0.0 0.0 0.0 0.0 0.0 1.0 0.0
46.03427111 6.61504398 0.0 0.0 0.0 0.0 0.0 1.0 0.0 0.0
