99.94836291 26.00636991 0.0 0.0 0.0 1.0 0.0 0.0 0.0 0.0
94.94836291 31.00636991 0.0 0.0 0.0 1.0 0.0 0.0 0.0 0.0
89.94836291 36.00636991 0.0 0.0 0.0 1.0 0.0 0.0 0.0 0.0
84.94836291 41.00636991 0.0 0.0 0.0 1.0 0.0 0.0 0.0 0.0
79.94836291 46.00636991 0.0 0.0 0.0 1.0 0.0 0.0 0.0 0.0
74.94836291 51.00636991 0.0 0.0 0.0 1.0 0.0 0.0 0.0 0.0
69.94836291 56.00636991 0.0 0.0 0.0 1.0 0.0 0.0 0.0 0.0
64.94836291 61.00636991 0.0 0.0 0.0 1.0 0.0 0.0 0.0 0.0
59.94836291 66.00636991 0.0 0.0 0.0 1.0 0.0 0.0 0.0 0.0
54.94836291 71.00636991 0.0 0.0 0.0 1.0 0.0 0.0 0.0 0.0
49.94836291 76.00636991 0.0 0.0 0.0 0.0 1.0 0.0 0.0 0.0
44.94836291 76.00636991 0.0 0.0 0.0 1.0 0.0 0.0 0.0 0.0
39.94836291 81.00636991 0.0 0.0 0.0 0.0 1.0 0.0 0.0 0.0
34.94836291 81.00636991 0.0 0.0 0.0 0.0 1.0 0.0 0.0 0.0
29.94836291 81.00636991 0.0 0.0 0.0 0.0 1.0 0.0 0.0 0.0
24.94836291 81.00636991 0.0 0.0 0.0 1.0 0.0 0.0 0.0 0.0
19.94836291 86.00636991 0.0 0.0 0.0 0.0 1.0 0.0 0.0 0.0
14.94836291 86.00636991 0.0 0.0 0.0 1.0 0.0 0.0 0.0 0.0
