8.90205708 63.60870579 0.0 0.0 0.0 0.0 0.0 0.0 1.0 0.0
8.90205708 58.60870579 0.0 0.0 0.0 0.0 0.0 0.0 0.0 1.0
13.90205708 53.60870579 0.0 0.0 0.0 0.0 0.0 0.0 0.0 1.0
18.90205708 48.60870579 0.0 0.0 0.0 0.0 0.0 0.0 0.0 1.0
23.90205708 43.60870579 0.0 0.0 0.0 0.0 0.0 0.0 0.0 1.0
28.90205708 38.60870579 1.0 0.0 0.0 0.0 0.0 0.0 0.0 0.0
33.90205708 38.60870579 0.0 0.0 0.0 0.0 0.0 0.0 0.0 1.0
38.90205708 33.60870579 1.0 0.0 0.0 0.0 0.0 0.0 0.0 0.0
43.90205708 33.60870579 1.0 0.0 0.0 0.0 0.0 0.0 0.0 0.0
48.90205708 33.60870579 0.0 0.0 0.0 0.0 0.0 0.0 0.0 1.0
53.90205708 28.60870579 1.0 0.0 0.0 0.0 0.0 0.0 0.0 0.0
58.90205708 28.60870579 0.0 0.0 0.0 0.0 0.0 0.0 0.0 1.0
63.90205708 23.60870579 0.0 0.0 0.0 0.0 0.0 0.0 0.0 1.0
