87.53054807 5.40672592 0.0 0.0 0.0 1.0 0.0 0.0 0.0 0.0
82.53054807 10.40672592 0.0 0.0 0.0 1.0 0.0 0.0 0.0 0.0
77.53054807 15.40672592 0.0 0.0 0.0 1.0 0.0 0.0 0.0 0.0
72.53054807 20.40672592 0.0 0.0 0.0 1.0 0.0 0.0 0.0 0.0
67.53054807 25.40672592 0.0 0.0 0.0 1.0 0.0 0.0 0.0 0.0
62.53054807 30.40672592 0.0 0.0 0.0 1.0 0.0 0.0 0.0 0.0
57.53054807 35.40672592 0.0 0.0 0.0 1.0 0.0 0.0 0.0 0.0
52.53054807 40.40672592 0.0 0.0 0.0 1.0 0.0 0.0 0.0 0.0
47.53054807 45.40672592 0.0 0.0 0.0 1.0 0.0 0.0 0.0 0.0
42.53054807 50.40672592 0.0 0.0 0.0 1.0 0.0 0.0 0.0 0.0
37.53054807 55.40672592 0.0 0.0 0.0 1.0 0.0 0.0 0.0 0.0
32.53054807 60.40672592 0.0 0.0 0.0 1.0 0.0 0.0 0.0 0.0
27.53054807 65.40672592 0.0 0.0 0.0 1.0 0.0 0.0 0.0 0.0
22.53054807 70.40672592 0.0 0.0 0.0 1.0 0.0 0.0 0.0 0.0
17.53054807 75.40672592 0.0 0.0 0.0 1.0 0.0 0.0 0.0 0.0
12.53054807 80.40672592 0.0 0.0 0.0 1.0 0.0 0.0 0.0 0.0
7.53054807 85.40672592 0.0 0.0 0.0 1.0 0.0 0.0 0.0 0.0
