99.77040784 77.87230819 0.0 0.0 0.0 0.0 1.0 0.0 0.0 0.0
94.77040784 77.87230819 0.0 0.0 0.0 0.0 1.0 0.0 0.0 0.0
89.77040784 77.87230819 0.0 0.0 0.0 0.0 1.0 0.0 0.0 0.0
84.77040784 77.87230819 0.0 0.0 0.0 0.0 1.0 0.0 0.0 0.0
79.77040784 77.87230819 0.0 0.0 0.0 0.0 1.0 0.0 0.0 0.0
74.77040784 77.87230819 0.0 0.0 0.0 0.0 1.0 0.0 0.0 0.0
69.77040784 77.87230819 0.0 0.0 0.0 0.0 1.0 0.0 0.0 0.0
64.77040784 77.87230819 0.0 0.0 0.0 0.0 1.0 0.0 0.0 0.0
59.77040784 77.87230819 0.0 0.0 0.0 0.0 1.0 0.0 0.0 0.0
54.77040784 77.87230819 0.0 0.0 0.0 0.0 1.0 0.0 0.0 0.0
49.77040784 77.87230819 0.0 0.0 0.0 0.0 1.0 0.0 0.0 0.0
44.77040784 77.87230819 0.0 0.0 0.0 0.0 1.0 0.0 0.0 0.0
39.77040784 77.87230819 0.0 0.0 0.0 1.0 0.0 0.0 0.0 0.0
34.77040784 82.87230819 0.0 0.0 0.0 0.0 1.0 0.0 0.0 0.0
29.77040784 82.87230819 0.0 0.0 0.0 1.0 0.0 0.0 0.0 0.0
24.77040784 87.87230819 0.0 0.0 0.0 0.0 1.0 0.0 0.0 0.0
19.77040784 87.87230819 0.0 0.0 0.0 1.0 0.0 0.0 0.0 0.0
14.77040784 92.87230819 0.0 0.0 0.0 1.0 0.0 0.0 0.0 0.0
9.77040784 97.87230819 0.0 0.0 0.0 0.0 0.0 1.0 0.0 0.0
