80.35806254 14.62677946 0.0 0.0 0.0 1.0 0.0 0.0 0.0 0.0
75.35806254 19.62677946 0.0 0.0 1.0 0.0 0.0 0.0 0.0 0.0
75.35806254 24.62677946 0.0 0.0 1.0 0.0 0.0 0.0 0.0 0.0
75.35806254 29.62677946 0.0 0.0 1.0 0.0 0.0 0.0 0.0 0.0
75.35806254 34.62677946 0.0 0.0 1.0 0.0 0.0 0.0 0.0 0.0
75.35806254 39.62677946 0.0 0.0 1.0 0.0 0.0 0.0 0.0 0.0
75.35806254 44.62677946 0.0 0.0 1.0 0.0 0.0 0.0 0.0 0.0
75.35806254 49.62677946 0.0 0.0 1.0 0.0 0.0 0.0 0.0 0.0
75.35806254 54.62677946 0.0 0.0 0.0 1.0 0.0 0.0 0.0 0.0
70.35806254 59.62677946 0.0 0.0 0.0 1.0 0.0 0.0 0.0 0.0
65.35806254 64.62677946 0.0 0.0 0.0 1.0 0.0 0.0 0.0 0.0
60.35806254 69.62677946 0.0 0.0 0.0 0.0 1.0 0.0 0.0 0.0
55.35806254 69.62677946 0.0 0.0 0.0 0.0 1.0 0.0 0.0 0.0
50.35806254 69.62677946 0.0 0.0 0.0 0.0 1.0 0.0 0.0 0.0
45.35806254 69.62677946 0.0 0.0 0.0 1.0 0.0 0.0 0.0 0.0
40.35806254 74.62677946 0.0 0.0 0.0 1.0 0.0 0.0 0.0 0.0
35.35806254 79.62677946 0.0 0.0 0.0 0.0 1.0 0.0 0.0 0.0
30.35806254 79.62677946 0.0 0.0 0.0 0.0 1.0 0.0 0.0 0.0
25.35806254 79.62677946 0.0 0.0 0.0 0.0 1.0 0.0 0.0 0.0
20.35806254 79.62677946 0.0 0.0 0.0 0.0 1.0 0.0 0.0 0.0
15.35806254 79.62677946 0.0 0.0 0.0 0.0 1.0 0.0 0.0 0.0
10.35806254 79.62677946 0.0 0.0 0.0 1.0 0.0 0.0 0.0 0.0
