88.51901059 97.61654371 0.0 0.0 0.0 0.0 0.0 0.0 1.0 0.0
88.51901059 92.61654371 0.0 0.0 0.0 0.0 0.0 0.0 1.0 0.0
88.51901059 87.61654371 0.0 0.0 0.0 0.0 0.0 0.0 1.0 0.0
88.51901059 82.61654371 0.0 0.0 0.0 0.0 0.0 0.0 1.0 0.0
88.51901059 77.61654371 0.0 0.0 0.0 0.0 0.0 0.0 1.0 0.0
88.51901059 72.61654371 0.0 0.0 0.0 0.0 0.0 0.0 1.0 0.0
88.51901059 67.61654371 0.0 0.0 0.0 0.0 0.0 0.0 1.0 0.0
88.51901059 62.61654371 0.0 0.0 0.0 0.0 0.0 0.0 1.0 0.0
88.51901059 57.61654371 0.0 0.0 0.0 0.0 0.0 0.0 1.0 0.0
88.51901059 52.61654371 0.0 0.0 0.0 0.0 0.0 0.0 0.0 1.0
93.51901059 47.61654371 0.0 0.0 0.0 0.0 0.0 0.0 0.0 1.0
98.51901059 42.61654371 0.0 0.0 0.0 0.0 0.0 0.0 1.0 0.0
98.51901059 37.61654371 0.0 0.0 0.0 0.0 0.0 0.0 1.0 0.0
98.51901059 32.61654371 0.0 0.0 0.0 0.0 0.0 0.0 1.0 0.0
98.51901059 27.61654371 0.0 0.0 0.0 0.0 0.0 0.0 1.0 0.0
98.51901059 22.61654371 0.0 0.0 0.0 0.0 0.0 0.0 1.0 0.0
98.51901059 17.61654371 0.0 0.0 0.0 0.0 0.0 0.0 1.0 0.0
98.51901059 12.61654371 0.0 0.0 0.0 0.0 0.0 0.0 1.0 0.0
98.51901059 7.61654371 0.0 0.0 0.0 0.0 0.0 1.0 0.0 0.0
