6.03274913 28.38576861 1.0 0.0 0.0 0.0 0.0 0.0 0.0 0.0
11.03274913 28.38576861 1.0 0.0 0.0 0.0 0.0 0.0 0.0 0.0
16.03274913 28.38576861 1.0 0.0 0.0 0.0 0.0 0.0 0.0 0.0
21.03274913 28.38576861 1.0 0.0 0.0 0.0 0.0 0.0 0.0 0.0
26.03274913 28.38576861 1.0 0.0 0.0 0.0 0.0 0.0 0.0 0.0
31.03274913 28.38576861 0.0 0.0 0.0 0.0 0.0 0.0 0.0 1.0
36.03274913 23.38576861 0.0 0.0 0.0 0.0 0.0 0.0 0.0 1.0
41.03274913 18.38576861 0.0 0.0 0.0 0.0 0.0 0.0 0.0 1.0
46.03274913 13.38576861 0.0 0.0 0.0 0.0 0.0 0.0 0.0 1.0
51.03274913 8.38576861 0.0 0.0 0.0 0.0 0.0 0.0 0.0 1.0
56.03274913 3.38576861 1.0 0.0 0.0 0.0 0.0 0.0 0.0 0.0
61.03274913 3.38576861 1.0 0.0 0.0 0.0 0.0 0.0 0.0 0.0
66.03274913 3.38576861 1.0 0.0 0.0 0.0 0.0 0.0 0.0 0.0
71.03274913 3.38576861 0.0 1.0 0.0 0.0 0.0 0.0 0.0 0.0
76.03274913 8.38576861 0.0 1.0 0.0 0.0 0.0 0.0 0.0 0.0
81.03274913 13.38576861 0.0 0.0 1.0 0.0 0.0 0.0 0.0 0.0
81.03274913 18.38576861 0.0 0.0 1.0 0.0 0.0 0.0 0.0 0.0
81.03274913 23.38576861 0.0 0.0 0.0 1.0 0.0 0.0 0.0 0.0
76.03274913 28.38576861 0.0 0.0 1.0 0.0 0.0 0.0 0.0 0.0
76.03274913 33.38576861 0.0 0.0 0.0 1.0 0.0 0.0 0.0 0.0
71.03274913 38.38576861 0.0 0.0 1.0 0.0 0.0 0.0 0.0 0.0
71.03274913 43.38576861 0.0 0.0 0.0 1.0 0.0 0.0 0.0 0.0
