93.91200603 83.8606317 0.0 0.0 0.0 0.0 0.0 1.0 0.0 0.0
88.91200603 78.8606317 0.0 0.0 0.0 0.0 0.0 1.0 0.0 0.0
83.91200603 73.8606317 0.0 0.0 0.0 0.0 0.0 1.0 0.0 0.0
78.91200603 68.8606317 0.0 0.0 0.0 0.0 0.0 1.0 0.0 0.0
73.91200603 63.8606317 0.0 0.0 0.0 0.0 0.0 1.0 0.0 0.0
68.91200603 58.8606317 0.0 0.0 0.0 0.0 0.0 1.0 0.0 0.0
63.91200603 53.8606317 0.0 0.0 0.0 0.0 0.0 1.0 0.0 0.0
58.91200603 48.8606317 0.0 0.0 0.0 0.0 0.0 1.0 0.0 0.0
53.91200603 43.8606317 0.0 0.0 0.0 0.0 0.0 0.0 1.0 0.0
53.91200603 38.8606317 0.0 0.0 0.0 0.0 0.0 1.0 0.0 0.0
48.91200603 33.8606317 0.0 0.0 0.0 0.0 0.0 0.0 1.0 0.0
48.91200603 28.8606317 0.0 0.0 0.0 0.0 0.0 1.0 0.0 0.0
43.91200603 23.8606317 0.0 0.0 0.0 0.0 0.0 0.0 1.0 0.0
43.91200603 18.8606317 0.0 0.0 0.0 0.0 0.0 1.0 0.0 0.0
