19.21982422 92.59954109 1.0 0.0 0.0 0.0 0.0 0.0 0.0 0.0
24.21982422 92.59954109 1.0 0.0 0.0 0.0 0.0 0.0 0.0 0.0
29.21982422 92.59954109 1.0 0.0 0.0 0.0 0.0 0.0 0.0 0.0
34.21982422 92.59954109 1.0 0.0 0.0 0.0 0.0 0.0 0.0 0.0
39.21982422 92.59954109 0.0 0.0 0.0 0.0 0.0 0.0 0.0 1.0
44.21982422 87.59954109 0.0 0.0 0.0 0.0 0.0 0.0 0.0 1.0
49.21982422 82.59954109 0.0 0.0 0.0 0.0 0.0 0.0 0.0 1.0
54.21982422 77.59954109 0.0 0.0 0.0 0.0 0.0 0.0 0.0 1.0
59.21982422 72.59954109 0.0 0.0 0.0 0.0 0.0 0.0 0.0 1.0
64.21982422 67.59954109 0.0 0.0 0.0 0.0 0.0 0.0 0.0 1.0
69.21982422 62.59954109 1.0 0.0 0.0 0.0 0.0 0.0 0.0 0.0
74.21982422 62.59954109 1.0 0.0 0.0 0.0 0.0 0.0 0.0 0.0
79.21982422 62.59954109 1.0 0.0 0.0 0.0 0.0 0.0 0.0 0.0
84.21982422 62.59954109 0.0 1.0 0.0 0.0 0.0 0.0 0.0 0.0
89.21982422 67.59954109 0.0 0.0 0.0 0.0 0.0 0.0 0.0 1.0
