80.49105484 70.4280557 0.0 0.0 0.0 0.0 0.0 1.0 0.0 0.0
75.49105484 65.4280557 0.0 0.0 0.0 0.0 0.0 1.0 0.0 0.0
70.49105484 60.4280557 0.0 0.0 0.0 0.0 0.0 1.0 0.0 0.0
65.49105484 55.4280557 0.0 0.0 0.0 0.0 0.0 1.0 0.0 0.0
60.49105484 50.4280557 0.0 0.0 0.0 0.0 1.0 0.0 0.0 0.0
55.49105484 50.4280557 0.0 0.0 0.0 0.0 1.0 0.0 0.0 0.0
50.49105484 50.4280557 0.0 0.0 0.0 0.0 1.0 0.0 0.0 0.0
45.49105484 50.4280557 0.0 0.0 0.0 0.0 1.0 0.0 0.0 0.0
40.49105484 50.4280557 0.0 0.0 0.0 0.0 0.0 1.0 0.0 0.0
35.49105484 45.4280557 0.0 0.0 0.0 0.0 0.0 0.0 1.0 0.0
35.49105484 40.4280557 0.0 0.0 0.0 0.0 0.0 0.0 1.0 0.0
35.49105484 35.4280557 0.0 0.0 0.0 0.0 0.0 0.0 1.0 0.0
35.49105484 30.4280557 0.0 0.0 0.0 0.0 0.0 0.0 1.0 0.0
35.49105484 25.4280557 0.0 0.0 0.0 0.0 0.0 1.0 0.0 0.0
30.49105484 20.4280557 0.0 0.0 0.0 0.0 0.0 1.0 0.0 0.0
