14.1025187 76.81767157 1.0 0.0 0.0 0.0 0.0 0.0 0.0 0.0
19.1025187 76.81767157 0.0 0.0 0.0 0.0 0.0 0.0 0.0 1.0
24.1025187 71.81767157 0.0 0.0 0.0 0.0 0.0 0.0 0.0 1.0
29.1025187 66.81767157 1.0 0.0 0.0 0.0 0.0 0.0 0.0 0.0
34.1025187 66.81767157 1.0 0.0 0.0 0.0 0.0 0.0 0.0 0.0
39.1025187 66.81767157 0.0 0.0 0.0 0.0 0.0 0.0 0.0 1.0
44.1025187 61.81767157 0.0 0.0 0.0 0.0 0.0 0.0 0.0 1.0
49.1025187 56.81767157 1.0 0.0 0.0 0.0 0.0 0.0 0.0 0.0
54.1025187 56.81767157 1.0 0.0 0.0 0.0 0.0 0.0 0.0 0.0
59.1025187 56.81767157 0.0 0.0 0.0 0.0 0.0 0.0 0.0 1.0
64.1025187 51.81767157 1.0 0.0 0.0 0.0 0.0 0.0 0.0 0.0
69.1025187 51.81767157 0.0 0.0 0.0 0.0 0.0 0.0 0.0 1.0
74.1025187 46.81767157 1.0 0.0 0.0 0.0 0.0 0.0 0.0 0.0
79.1025187 46.81767157 1.0 0.0 0.0 0.0 0.0 0.0 0.0 0.0
84.1025187 46.81767157 0.0 0.0 0.0 0.0 0.0 0.0 0.0 1.0
