11.82291383 13.87368218 1.0 0.0 0.0 0.0 0.0 0.0 0.0 0.0
16.82291383 13.87368218 0.0 1.0 0.0 0.0 0.0 0.0 0.0 0.0
21.82291383 18.87368218 0.0 1.0 0.0 0.0 0.0 0.0 0.0 0.0
26.82291383 23.87368218 0.0 0.0 1.0 0.0 0.0 0.0 0.0 0.0
26.82291383 28.87368218 0.0 0.0 1.0 0.0 0.0 0.0 0.0 0.0
26.82291383 33.87368218 0.0 0.0 1.0 0.0 0.0 0.0 0.0 0.0
26.82291383 38.87368218 0.0 0.0 1.0 0.0 0.0 0.0 0.0 0.0
26.82291383 43.87368218 0.0 0.0 1.0 0.0 0.0 0.0 0.0 0.0
26.82291383 48.87368218 0.0 0.0 1.0 0.0 0.0 0.0 0.0 0.0
26.82291383 53.87368218 0.0 0.0 1.0 0.0 0.0 0.0 0.0 0.0
26.82291383 58.87368218 0.0 0.0 1.0 0.0 0.0 0.0 0.0 0.0
26.82291383 63.87368218 0.0 0.0 0.0 1.0 0.0 0.0 0.0 0.0
21.82291383 68.87368218 0.0 1.0 0.0 0.0 0.0 0.0 0.0 0.0
