16.2990905 4.7429381 0.0 0.0 1.0 0.0 0.0 0.0 0.0 0.0
16.2990905 9.7429381 0.0 0.0 1.0 0.0 0.0 0.0 0.0 0.0
16.2990905 14.7429381 0.0 1.0 0.0 0.0 0.0 0.0 0.0 0.0
21.2990905 19.7429381 0.0 1.0 0.0 0.0 0.0 0.0 0.0 0.0
26.2990905 24.7429381 0.0 1.0 0.0 0.0 0.0 0.0 0.0 0.0
31.2990905 29.7429381 0.0 0.0 1.0 0.0 0.0 0.0 0.0 0.0
31.2990905 34.7429381 0.0 1.0 0.0 0.0 0.0 0.0 0.0 0.0
36.2990905 39.7429381 0.0 0.0 1.0 0.0 0.0 0.0 0.0 0.0
36.2990905 44.7429381 0.0 0.0 1.0 0.0 0.0 0.0 0.0 0.0
36.2990905 49.7429381 0.0 0.0 1.0 0.0 0.0 0.0 0.0 0.0
36.2990905 54.7429381 0.0 0.0 1.0 0.0 0.0 0.0 0.0 0.0
36.2990905 59.7429381 0.0 0.0 1.0 0.0 0.0 0.0 0.0 0.0
36.2990905 64.7429381 0.0 0.0 1.0 0.0 0.0 0.0 0.0 0.0
36.2990905 69.7429381 0.0 0.0 1.0 0.0 0.0 0.0 0.0 0.0
36.2990905 74.7429381 0.0 0.0 1.0 0.0 0.0 0.0 0.0 0.0
36.2990905 79.7429381 0.0 0.0 0.0 1.0 0.0 0.0 0.0 0.0
31.2990905 84.7429381 0.0 0.0 1.0 0.0 0.0 0.0 0.0 0.0
31.2990905 89.7429381 0.0 0.0 0.0 1.0 0.0 0.0 0.0 0.0
26.2990905 94.7429381 0.0 0.0 0.0 1.0 0.0 0.0 0.0 0.0
