38.89160098 6.62225136 0.0 0.0 1.0 0.0 0.0 0.0 0.0 0.0
38.89160098 11.62225136 0.0 0.0 1.0 0.0 0.0 0.0 0.0 0.0
38.89160098 16.62225136 0.0 0.0 1.0 0.0 0.0 0.0 0.0 0.0
38.89160098 21.62225136 0.0 0.0 1.0 0.0 0.0 0.0 0.0 0.0
38.89160098 26.62225136 0.0 1.0 0.0 0.0 0.0 0.0 0.0 0.0
43.89160098 31.62225136 0.0 1.0 0.0 0.0 0.0 0.0 0.0 0.0
48.89160098 36.62225136 0.0 1.0 0.0 0.0 0.0 0.0 0.0 0.0
53.89160098 41.62225136 0.0 1.0 0.0 0.0 0.0 0.0 0.0 0.0
58.89160098 46.62225136 0.0 1.0 0.0 0.0 0.0 0.0 0.0 0.0
63.89160098 51.62225136 0.0 1.0 0.0 0.0 0.0 0.0 0.0 0.0
68.89160098 56.62225136 0.0 0.0 1.0 0.0 0.0 0.0 0.0 0.0
68.89160098 61.62225136 0.0 0.0 1.0 0.0 0.0 0.0 0.0 0.0
68.89160098 66.62225136 0.0 0.0 1.0 0.0 0.0 0.0 0.0 0.0
68.89160098 71.62225136 0.0 0.0 0.0 1.0 0.0 0.0 0.0 0.0
63.89160098 76.62225136 0.0 1.0 0.0 0.0 0.0 0.0 0.0 0.0
