97.66416014 49.88236416 0.0 0.0 0.0 0.0 1.0 0.0 0.0 0.0
92.66416014 49.88236416 0.0 0.0 0.0 0.0 1.0 0.0 0.0 0.0
87.66416014 49.88236416 0.0 0.0 0.0 0.0 1.0 0.0 0.0 0.0
82.66416014 49.88236416 0.0 0.0 0.0 0.0 1.0 0.0 0.0 0.0
77.66416014 49.88236416 0.0 0.0 0.0 0.0 0.0 1.0 0.0 0.0
72.66416014 44.88236416 0.0 0.0 0.0 0.0 0.0 1.0 0.0 0.0
67.66416014 39.88236416 0.0 0.0 0.0 0.0 0.0 1.0 0.0 0.0
62.66416014 34.88236416 0.0 0.0 0.0 0.0 0.0 1.0 0.0 0.0
57.66416014 29.88236416 0.0 0.0 0.0 0.0 1.0 0.0 0.0 0.0
52.66416014 29.88236416 0.0 0.0 0.0 0.0 1.0 0.0 0.0 0.0
47.66416014 29.88236416 0.0 0.0 0.0 0.0 1.0 0.0 0.0 0.0
42.66416014 29.88236416 0.0 0.0 0.0 0.0 1.0 0.0 0.0 0.0
37.66416014 29.88236416 0.0 0.0 0.0 0.0 1.0 0.0 0.0 0.0
32.66416014 29.88236416 0.0 0.0 0.0 0.0 1.0 0.0 0.0 0.0
27.66416014 29.88236416 0.0 0.0 0.0 0.0 1.0 0.0 0.0 0.0
22.66416014 29.88236416 0.0 0.0 0.0 1.0 0.0 0.0 0.0 0.0
17.66416014 34.88236416 0.0 0.0 0.0 1.0 0.0 0.0 0.0 0.0
12.66416014 39.88236416 0.0 0.0 1.0 0.0 0.0 0.0 0.0 0.0
12.66416014 44.88236416 0.0 0.0 0.0 1.0 0.0 0.0 0.0 0.0
7.66416014 49.88236416 0.0 0.0 1.0 0.0 0.0 0.0 0.0 0.0
7.66416014 54.88236416 0.0 0.0 1.0 0.0 0.0 0.0 0.0 0.0
7.66416014 59.88236416 0.0 1.0 0.0 0.0 0.0 0.0 0.0 0.0
12.66416014 64.88236416 0.0 1.0 0.0 0.0 0.0 0.0 0.0 0.0
17.66416014 69.88236416 0.0 0.0 1.0 0.0 0.0 0.0 0.0 0.0
17.66416014 74.88236416 0.0 0.0 1.0 0.0 0.0 0.0 0.0 0.0
17.66416014 79.88236416 0.0 0.0 0.0 1.0 0.0 0.0 0.0 0.0
12.66416014 84.88236416 0.0 0.0 1.0 0.0 0.0 0.0 0.0 0.0
12.66416014 89.88236416 0.0 0.0 0.0 1.0 0.0 0.0 0.0 0.0
