30.67471871 91.46902151 0.0 0.0 0.0 0.0 0.0 0.0 1.0 0.0
30.67471871 86.46902151 0.0 0.0 0.0 0.0 0.0 0.0 0.0 1.0
35.67471871 81.46902151 0.0 0.0 0.0 0.0 0.0 0.0 0.0 1.0
40.67471871 76.46902151 0.0 0.0 0.0 0.0 0.0 0.0 0.0 1.0
45.67471871 71.46902151 0.0 0.0 0.0 0.0 0.0 0.0 1.0 0.0
45.67471871 66.46902151 0.0 0.0 0.0 0.0 0.0 0.0 1.0 0.0
45.67471871 61.46902151 0.0 0.0 0.0 0.0 0.0 0.0 1.0 0.0
45.67471871 56.46902151 0.0 0.0 0.0 0.0 0.0 1.0 0.0 0.0
40.67471871 51.46902151 0.0 0.0 0.0 0.0 0.0 1.0 0.0 0.0
35.67471871 46.46902151 0.0 0.0 0.0 0.0 0.0 1.0 0.0 0.0
30.67471871 41.46902151 0.0 0.0 0.0 0.0 0.0 1.0 0.0 0.0
25.67471871 36.46902151 0.0 0.0 0.0 0.0 0.0 1.0 0.0 0.0
20.67471871 31.46902151 0.0 0.0 0.0 0.0 0.0 0.0 1.0 0.0
20.67471871 26.46902151 0.0 0.0 0.0 0.0 0.0 0.0 1.0 0.0
20.67471871 21.46902151 0.0 0.0 0.0 0.0 0.0 0.0 0.0 1.0
25.67471871 16.46902151 0.0 0.0 0.0 0.0 0.0 0.0 1.0 0.0
25.67471871 11.46902151 0.0 0.0 0.0 0.0 0.0 0.0 0.0 1.0
