12.82904563 3.45795332 0.0 0.0 1.0 0.0 0.0 0.0 0.0 0.0
12.82904563 8.45795332 0.0 0.0 1.0 0.0 0.0 0.0 0.0 0.0
12.82904563 13.45795332 0.0 1.0 0.0 0.0 0.0 0.0 0.0 0.0
17.82904563 18.45795332 0.0 0.0 1.0 0.0 0.0 0.0 0.0 0.0
17.82904563 23.45795332 0.0 1.0 0.0 0.0 0.0 0.0 0.0 0.0
22.82904563 28.45795332 0.0 1.0 0.0 0.0 0.0 0.0 0.0 0.0
27.82904563 33.45795332 0.0 1.0 0.0 0.0 0.0 0.0 0.0 0.0
32.82904563 38.45795332 0.0 1.0 0.0 0.0 0.0 0.0 0.0 0.0
37.82904563 43.45795332 0.0 1.0 0.0 0.0 0.0 0.0 0.0 0.0
42.82904563 48.45795332 0.0 1.0 0.0 0.0 0.0 0.0 0.0 0.0
47.82904563 53.45795332 0.0 1.0 0.0 0.0 0.0 0.0 0.0 0.0
52.82904563 58.45795332 0.0 1.0 0.0 0.0 0.0 0.0 0.0 0.0
57.82904563 63.45795332 0.0 1.0 0.0 0.0 0.0 0.0 0.0 0.0
62.82904563 68.45795332 0.0 1.0 0.0 0.0 0.0 0.0 0.0 0.0
67.82904563 73.45795332 0.0 1.0 0.0 0.0 0.0 0.0 0.0 0.0
72.82904563 78.45795332 0.0 0.0 1.0 0.0 0.0 0.0 0.0 0.0
72.82904563 83.45795332 0.0 1.0 0.0 0.0 0.0 0.0 0.0 0.0
