12.52199785 70.34823511 0.0 0.0 0.0 0.0 0.0 0.0 0.0 1.0
17.52199785 65.34823511 0.0 0.0 0.0 0.0 0.0 0.0 0.0 1.0
22.52199785 60.34823511 0.0 0.0 0.0 0.0 0.0 0.0 1.0 0.0
22.52199785 55.34823511 0.0 0.0 0.0 0.0 0.0 0.0 1.0 0.0
22.52199785 50.34823511 0.0 0.0 0.0 0.0 0.0 0.0 1.0 0.0
22.52199785 45.34823511 0.0 0.0 0.0 0.0 0.0 0.0 1.0 0.0
22.52199785 40.34823511 0.0 0.0 0.0 0.0 0.0 0.0 1.0 0.0
22.52199785 35.34823511 0.0 0.0 0.0 0.0 0.0 0.0 1.0 0.0
22.52199785 30.34823511 0.0 0.0 0.0 0.0 0.0 0.0 1.0 0.0
22.52199785 25.34823511 0.0 0.0 0.0 0.0 0.0 0.0 1.0 0.0
22.52199785 20.34823511 0.0 0.0 0.0 0.0 0.0 0.0 1.0 0.0
22.52199785 15.34823511 0.0 0.0 0.0 0.0 0.0 0.0 0.0 1.0
27.52199785 10.34823511 0.0 0.0 0.0 0.0 0.0 0.0 1.0 0.0
27.52199785 5.34823511 0.0 0.0 0.0 0.0 0.0 0.0 0.0 1.0
32.52199785 0.34823511 1.0 0.0 0.0 0.0 0.0 0.0 0.0 0.0
37.52199785 0.34823511 1.0 0.0 0.0 0.0 0.0 0.0 0.0 0.0
42.52199785 0.34823511 1.0 0.0 0.0 0.0 0.0 0.0 0.0 0.0
47.52199785 0.34823511 1.0 0.0 0.0 0.0 0.0 0.0 0.0 0.0
52.52199785 0.34823511 1.0 0.0 0.0 0.0 0.0 0.0 0.0 0.0
57.52199785 0.34823511 1.0 0.0 0.0 0.0 0.0 0.0 0.0 0.0
62.52199785 0.34823511 1.0 0.0 0.0 0.0 0.0 0.0 0.0 0.0
67.52199785 0.34823511 0.0 1.0 0.0 0.0 0.0 0.0 0.0 0.0
