64.23475787 16.38153839 0.0 0.0 0.0 1.0 0.0 0.0 0.0 0.0
59.23475787 21.38153839 0.0 0.0 0.0 1.0 0.0 0.0 0.0 0.0
54.23475787 26.38153839 0.0 0.0 0.0 0.0 1.0 0.0 0.0 0.0
49.23475787 26.38153839 0.0 0.0 0.0 0.0 1.0 0.0 0.0 0.0
44.23475787 26.38153839 0.0 0.0 0.0 0.0 1.0 0.0 0.0 0.0
39.23475787 26.38153839 0.0 0.0 0.0 0.0 1.0 0.0 0.0 0.0
34.23475787 26.38153839 0.0 0.0 0.0 0.0 1.0 0.0 0.0 0.0
29.23475787 26.38153839 0.0 0.0 0.0 1.0 0.0 0.0 0.0 0.0
24.23475787 31.38153839 0.0 0.0 0.0 0.0 1.0 0.0 0.0 0.0
19.23475787 31.38153839 0.0 0.0 0.0 1.0 0.0 0.0 0.0 0.0
14.23475787 36.38153839 0.0 0.0 0.0 0.0 1.0 0.0 0.0 0.0
9.23475787 36.38153839 0.0 0.0 0.0 1.0 0.0 0.0 0.0 0.0
