90.14200791 1.91484182 0.0 0.0 1.0 0.0 0.0 0.0 0.0 0.0
90.14200791 6.91484182 0.0 0.0 1.0 0.0 0.0 0.0 0.0 0.0
90.14200791 11.91484182 0.0 0.0 1.0 0.0 0.0 0.0 0.0 0.0
90.14200791 16.91484182 0.0 0.0 0.0 1.0 0.0 0.0 0.0 0.0
85.14200791 21.91484182 0.0 0.0 1.0 0.0 0.0 0.0 0.0 0.0
85.14200791 26.91484182 0.0 0.0 1.0 0.0 0.0 0.0 0.0 0.0
85.14200791 31.91484182 0.0 0.0 0.0 1.0 0.0 0.0 0.0 0.0
80.14200791 36.91484182 0.0 0.0 1.0 0.0 0.0 0.0 0.0 0.0
80.14200791 41.91484182 0.0 0.0 0.0 1.0 0.0 0.0 0.0 0.0
75.14200791 46.91484182 0.0 0.0 0.0 1.0 0.0 0.0 0.0 0.0
70.14200791 51.91484182 0.0 0.0 0.0 1.0 0.0 0.0 0.0 0.0
65.14200791 56.91484182 0.0 0.0 0.0 1.0 0.0 0.0 0.0 0.0
60.14200791 61.91484182 0.0 0.0 1.0 0.0 0.0 0.0 0.0 0.0
60.14200791 66.91484182 0.0 0.0 1.0 0.0 0.0 0.0 0.0 0.0
60.14200791 71.91484182 0.0 0.0 1.0 0.0 0.0 0.0 0.0 0.0
60.14200791 76.91484182 0.0 0.0 1.0 0.0 0.0 0.0 0.0 0.0
60.14200791 81.91484182 0.0 0.0 1.0 0.0 0.0 0.0 0.0 0.0
60.14200791 86.91484182 0.0 0.0 0.0 1.0 0.0 0.0 0.0 0.0
55.14200791 91.91484182 0.0 0.0 0.0 1.0 0.0 0.0 0.0 0.0
