93.24785117 58.85572553 0.0 0.0 0.0 0.0 1.0 0.0 0.0 0.0
88.24785117 58.85572553 0.0 0.0 0.0 0.0 0.0 1.0 0.0 0.0
83.24785117 53.85572553 0.0 0.0 0.0 0.0 0.0 1.0 0.0 0.0
78.24785117 48.85572553 0.0 0.0 0.0 0.0 0.0 1.0 0.0 0.0
73.24785117 43.85572553 0.0 0.0 0.0 0.0 0.0 1.0 0.0 0.0
68.24785117 38.85572553 0.0 0.0 0.0 0.0 0.0 1.0 0.0 0.0
63.24785117 33.85572553 0.0 0.0 0.0 0.0 1.0 0.0 0.0 0.0
58.24785117 33.85572553 0.0 0.0 0.0 0.0 1.0 0.0 0.0 0.0
53.24785117 33.85572553 0.0 0.0 0.0 0.0 1.0 0.0 0.0 0.0
48.24785117 33.85572553 0.0 0.0 0.0 0.0 1.0 0.0 0.0 0.0
43.24785117 33.85572553 0.0 0.0 0.0 0.0 1.0 0.0 0.0 0.0
38.24785117 33.85572553 0.0 0.0 0.0 0.0 1.0 0.0 0.0 0.0
33.24785117 33.85572553 0.0 0.0 0.0 0.0 1.0 0.0 0.0 0.0
28.24785117 33.85572553 0.0 0.0 0.0 0.0 1.0 0.0 0.0 0.0
23.24785117 33.85572553 0.0 0.0 0.0 0.0 1.0 0.0 0.0 0.0
18.24785117 33.85572553 0.0 0.0 0.0 0.0 1.0 0.0 0.0 0.0
13.24785117 33.85572553 0.0 0.0 0.0 0.0 1.0 0.0 0.0 0.0
8.24785117 33.85572553 0.0 0.0 0.0 0.0 0.0 1.0 0.0 0.0
3.24785117 28.85572553 0.0 0.0 0.0 0.0 0.0 1.0 0.0 0.0
