92.38144499 24.98534546 0.0 0.0 0.0 1.0 0.0 0.0 0.0 0.0
87.38144499 29.98534546 0.0 0.0 0.0 1.0 0.0 0.0 0.0 0.0
82.38144499 34.98534546 0.0 0.0 0.0 1.0 0.0 0.0 0.0 0.0
77.38144499 39.98534546 0.0 0.0 0.0 0.0 1.0 0.0 0.0 0.0
72.38144499 39.98534546 0.0 0.0 0.0 0.0 1.0 0.0 0.0 0.0
67.38144499 39.98534546 0.0 0.0 0.0 0.0 1.0 0.0 0.0 0.0
62.38144499 39.98534546 0.0 0.0 0.0 1.0 0.0 0.0 0.0 0.0
57.38144499 44.98534546 0.0 0.0 0.0 1.0 0.0 0.0 0.0 0.0
52.38144499 49.98534546 0.0 0.0 0.0 1.0 0.0 0.0 0.0 0.0
47.38144499 54.98534546 0.0 0.0 0.0 1.0 0.0 0.0 0.0 0.0
42.38144499 59.98534546 0.0 0.0 0.0 1.0 0.0 0.0 0.0 0.0
37.38144499 64.98534546 0.0 0.0 0.0 1.0 0.0 0.0 0.0 0.0
32.38144499 69.98534546 0.0 0.0 0.0 1.0 0.0 0.0 0.0 0.0
27.38144499 74.98534546 0.0 0.0 0.0 1.0 0.0 0.0 0.0 0.0
22.38144499 79.98534546 0.0 0.0 0.0 1.0 0.0 0.0 0.0 0.0
17.38144499 84.98534546 0.0 0.0 0.0 0.0 1.0 0.0 0.0 0.0
12.38144499 84.98534546 0.0 0.0 0.0 1.0 0.0 0.0 0.0 0.0
