13.29387925 36.6744321 1.0 0.0 0.0 0.0 0.0 0.0 0.0 0.0
18.29387925 36.6744321 1.0 0.0 0.0 0.0 0.0 0.0 0.0 0.0
23.29387925 36.6744321 0.0 0.0 0.0 0.0 0.0 0.0 0.0 1.0
28.29387925 31.6744321 0.0 0.0 0.0 0.0 0.0 0.0 0.0 1.0
33.29387925 26.6744321 1.0 0.0 0.0 0.0 0.0 0.0 0.0 0.0
38.29387925 26.6744321 1.0 0.0 0.0 0.0 0.0 0.0 0.0 0.0
43.29387925 26.6744321 1.0 0.0 0.0 0.0 0.0 0.0 0.0 0.0
48.29387925 26.6744321 1.0 0.0 0.0 0.0 0.0 0.0 0.0 0.0
53.29387925 26.6744321 0.0 1.0 0.0 0.0 0.0 0.0 0.0 0.0
58.29387925 31.6744321 0.0 1.0 0.0 0.0 0.0 0.0 0.0 0.0
63.29387925 36.6744321 0.0 1.0 0.0 0.0 0.0 0.0 0.0 0.0
68.29387925 41.6744321 0.0 1.0 0.0 0.0 0.0 0.0 0.0 0.0
73.29387925 46.6744321 0.0 1.0 0.0 0.0 0.0 0.0 0.0 0.0
78.29387925 51.6744321 0.0 1.0 0.0 0.0 0.0 0.0 0.0 0.0
83.29387925 56.6744321 0.0 1.0 0.0 0.0 0.0 0.0 0.0 0.0
88.29387925 61.6744321 0.0 0.0 0.0 1.0 0.0 0.0 0.0 0.0
