50.13590886 0.94195525 0.0 0.0 1.0 0.0 0.0 0.0 0.0 0.0
50.13590886 5.94195525 0.0 1.0 0.0 0.0 0.0 0.0 0.0 0.0
55.13590886 10.94195525 0.0 1.0 0.0 0.0 0.0 0.0 0.0 0.0
60.13590886 15.94195525 0.0 1.0 0.0 0.0 0.0 0.0 0.0 0.0
65.13590886 20.94195525 0.0 0.0 1.0 0.0 0.0 0.0 0.0 0.0
65.13590886 25.94195525 0.0 0.0 1.0 0.0 0.0 0.0 0.0 0.0
65.13590886 30.94195525 0.0 0.0 1.0 0.0 0.0 0.0 0.0 0.0
65.13590886 35.94195525 0.0 0.0 1.0 0.0 0.0 0.0 0.0 0.0
65.13590886 40.94195525 0.0 0.0 1.0 0.0 0.0 0.0 0.0 0.0
65.13590886 45.94195525 0.0 0.0 1.0 0.0 0.0 0.0 0.0 0.0
65.13590886 50.94195525 0.0 0.0 1.0 0.0 0.0 0.0 0.0 0.0
65.13590886 55.94195525 0.0 0.0 1.0 0.0 0.0 0.0 0.0 0.0
65.13590886 60.94195525 0.0 0.0 1.0 0.0 0.0 0.0 0.0 0.0
65.13590886 65.94195525 0.0 0.0 1.0 0.0 0.0 0.0 0.0 0.0
65.13590886 70.94195525 0.0 0.0 1.0 0.0 0.0 0.0 0.0 0.0
65.13590886 75.94195525 0.0 0.0 1.0 0.0 0.0 0.0 0.0 0.0
65.13590886 80.94195525 0.0 1.0 0.0 0.0 0.0 0.0 0.0 0.0
70.13590886 85.94195525 0.0 0.0 1.0 0.0 0.0 0.0 0.0 0.0
70.13590886 90.94195525 0.0 1.0 0.0 0.0 0.0 0.0 0.0 0.0
