97.9246017 94.2328189 0.0 0.0 0.0 0.0 0.0 0.0 1.0 0.0
97.9246017 89.2328189 0.0 0.0 0.0 0.0 0.0 1.0 0.0 0.0
92.9246017 84.2328189 0.0 0.0 0.0 0.0 0.0 1.0 0.0 0.0
87.9246017 79.2328189 0.0 0.0 0.0 0.0 0.0 1.0 0.0 0.0
82.9246017 74.2328189 0.0 0.0 0.0 0.0 0.0 1.0 0.0 0.0
77.9246017 69.2328189 0.0 0.0 0.0 0.0 0.0 1.0 0.0 0.0
72.9246017 64.2328189 0.0 0.0 0.0 0.0 0.0 1.0 0.0 0.0
67.9246017 59.2328189 0.0 0.0 0.0 0.0 0.0 1.0 0.0 0.0
62.9246017 54.2328189 0.0 0.0 0.0 0.0 0.0 1.0 0.0 0.0
57.9246017 49.2328189 0.0 0.0 0.0 0.0 0.0 1.0 0.0 0.0
52.9246017 44.2328189 0.0 0.0 0.0 0.0 0.0 1.0 0.0 0.0
47.9246017 39.2328189 0.0 0.0 0.0 0.0 0.0 1.0 0.0 0.0
42.9246017 34.2328189 0.0 0.0 0.0 0.0 0.0 1.0 0.0 0.0
37.9246017 29.2328189 0.0 0.0 0.0 0.0 0.0 1.0 0.0 0.0
32.9246017 24.2328189 0.0 0.0 0.0 0.0 1.0 0.0 0.0 0.0
27.9246017 24.2328189 0.0 0.0 0.0 0.0 0.0 1.0 0.0 0.0
22.9246017 19.2328189 0.0 0.0 0.0 0.0 1.0 0.0 0.0 0.0
17.9246017 19.2328189 0.0 0.0 0.0 0.0 0.0 1.0 0.0 0.0
12.9246017 14.2328189 0.0 0.0 0.0 0.0 1.0 0.0 0.0 0.0
7.9246017 14.2328189 0.0 0.0 0.0 0.0 0.0 1.0 0.0 0.0
2.9246017 9.2328189 0.0 0.0 0.0 1.0 0.0 0.0 0.0 0.0
