99.24245076 88.93564743 0.0 0.0 0.0 0.0 0.0 1.0 0.0 0.0
94.24245076 83.93564743 0.0 0.0 0.0 0.0 1.0 0.0 0.0 0.0
89.24245076 83.93564743 0.0 0.0 0.0 0.0 0.0 1.0 0.0 0.0
84.24245076 78.93564743 0.0 0.0 0.0 0.0 1.0 0.0 0.0 0.0
79.24245076 78.93564743 0.0 0.0 0.0 0.0 0.0 1.0 0.0 0.0
74.24245076 73.93564743 0.0 0.0 0.0 0.0 0.0 1.0 0.0 0.0
69.24245076 68.93564743 0.0 0.0 0.0 0.0 0.0 1.0 0.0 0.0
64.24245076 63.93564743 0.0 0.0 0.0 0.0 0.0 1.0 0.0 0.0
59.24245076 58.93564743 0.0 0.0 0.0 0.0 0.0 1.0 0.0 0.0
54.24245076 53.93564743 0.0 0.0 0.0 0.0 0.0 1.0 0.0 0.0
49.24245076 48.93564743 0.0 0.0 0.0 0.0 0.0 1.0 0.0 0.0
44.24245076 43.93564743 0.0 0.0 0.0 0.0 0.0 1.0 0.0 0.0
39.24245076 38.93564743 0.0 0.0 0.0 0.0 1.0 0.0 0.0 0.0
34.24245076 38.93564743 0.0 0.0 0.0 0.0 1.0 0.0 0.0 0.0
29.24245076 38.93564743 0.0 0.0 0.0 0.0 1.0 0.0 0.0 0.0
24.24245076 38.93564743 0.0 0.0 0.0 0.0 1.0 0.0 0.0 0.0
19.24245076 38.93564743 0.0 0.0 0.0 0.0 1.0 0.0 0.0 0.0
14.24245076 38.93564743 0.0 0.0 0.0 1.0 0.0 0.0 0.0 0.0
9.24245076 43.93564743 0.0 0.0 0.0 0.0 0.0 1.0 0.0 0.0
