73.00304765 94.413978 0.0 0.0 0.0 0.0 1.0 0.0 0.0 0.0
68.00304765 94.413978 0.0 0.0 0.0 0.0 1.0 0.0 0.0 0.0
63.00304765 94.413978 0.0 0.0 0.0 0.0 1.0 0.0 0.0 0.0
58.00304765 94.413978 0.0 0.0 0.0 0.0 0.0 1.0 0.0 0.0
53.00304765 89.413978 0.0 0.0 0.0 0.0 0.0 1.0 0.0 0.0
48.00304765 84.413978 0.0 0.0 0.0 0.0 0.0 1.0 0.0 0.0
43.00304765 79.413978 0.0 0.0 0.0 0.0 0.0 1.0 0.0 0.0
38.00304765 74.413978 0.0 0.0 0.0 0.0 0.0 0.0 1.0 0.0
38.00304765 69.413978 0.0 0.0 0.0 0.0 0.0 0.0 1.0 0.0
38.00304765 64.413978 0.0 0.0 0.0 0.0 0.0 0.0 1.0 0.0
38.00304765 59.413978 0.0 0.0 0.0 0.0 0.0 0.0 1.0 0.0
38.00304765 54.413978 0.0 0.0 0.0 0.0 0.0 0.0 1.0 0.0
38.00304765 49.413978 0.0 0.0 0.0 0.0 0.0 0.0 1.0 0.0
38.00304765 44.413978 0.0 0.0 0.0 0.0 0.0 0.0 1.0 0.0
38.00304765 39.413978 0.0 0.0 0.0 0.0 0.0 0.0 1.0 0.0
38.00304765 34.413978 0.0 0.0 0.0 0.0 0.0 1.0 0.0 0.0
33.00304765 29.413978 0.0 0.0 0.0 0.0 0.0 1.0 0.0 0.0
28.00304765 24.413978 0.0 0.0 0.0 0.0 1.0 0.0 0.0 0.0
23.00304765 24.413978 0.0 0.0 0.0 0.0 0.0 1.0 0.0 0.0
18.00304765 19.413978 0.0 0.0 0.0 0.0 0.0 1.0 0.0 0.0
13.00304765 14.413978 0.0 0.0 0.0 1.0 0.0 0.0 0.0 0.0
