73.95939402 24.89155122 0.0 0.0 0.0 1.0 0.0 0.0 0.0 0.0
68.95939402 29.89155122 0.0 0.0 0.0 1.0 0.0 0.0 0.0 0.0
63.95939402 34.89155122 0.0 0.0 0.0 1.0 0.0 0.0 0.0 0.0
58.95939402 39.89155122 0.0 0.0 1.0 0.0 0.0 0.0 0.0 0.0
58.95939402 44.89155122 0.0 0.0 1.0 0.0 0.0 0.0 0.0 0.0
58.95939402 49.89155122 0.0 0.0 1.0 0.0 0.0 0.0 0.0 0.0
58.95939402 54.89155122 0.0 0.0 0.0 1.0 0.0 0.0 0.0 0.0
53.95939402 59.89155122 0.0 0.0 0.0 1.0 0.0 0.0 0.0 0.0
48.95939402 64.89155122 0.0 0.0 0.0 1.0 0.0 0.0 0.0 0.0
43.95939402 69.89155122 0.0 0.0 0.0 0.0 1.0 0.0 0.0 0.0
38.95939402 69.89155122 0.0 0.0 0.0 0.0 1.0 0.0 0.0 0.0
33.95939402 69.89155122 0.0 0.0 0.0 0.0 1.0 0.0 0.0 0.0
28.95939402 69.89155122 0.0 0.0 0.0 0.0 1.0 0.0 0.0 0.0
23.95939402 69.89155122 0.0 0.0 0.0 0.0 1.0 0.0 0.0 0.0
18.95939402 69.89155122 0.0 0.0 0.0 1.0 0.0 0.0 0.0 0.0
