96.60367751 29.86121696 0.0 0.0 0.0 1.0 0.0 0.0 0.0 0.0
91.60367751 34.86121696 0.0 0.0 0.0 1.0 0.0 0.0 0.0 0.0
86.60367751 39.86121696 0.0 0.0 0.0 0.0 1.0 0.0 0.0 0.0
81.60367751 39.86121696 0.0 0.0 0.0 0.0 1.0 0.0 0.0 0.0
76.60367751 39.86121696 0.0 0.0 0.0 0.0 1.0 0.0 0.0 0.0
71.60367751 39.86121696 0.0 0.0 0.0 0.0 1.0 0.0 0.0 0.0
66.60367751 39.86121696 0.0 0.0 0.0 0.0 1.0 0.0 0.0 0.0
61.60367751 39.86121696 0.0 0.0 0.0 1.0 0.0 0.0 0.0 0.0
56.60367751 44.86121696 0.0 0.0 0.0 1.0 0.0 0.0 0.0 0.0
51.60367751 49.86121696 0.0 0.0 0.0 1.0 0.0 0.0 0.0 0.0
46.60367751 54.86121696 0.0 0.0 0.0 1.0 0.0 0.0 0.0 0.0
41.60367751 59.86121696 0.0 0.0 0.0 0.0 1.0 0.0 0.0 0.0
36.60367751 59.86121696 0.0 0.0 0.0 0.0 1.0 0.0 0.0 0.0
31.60367751 59.86121696 0.0 0.0 0.0 0.0 0.0 1.0 0.0 0.0
26.60367751 54.86121696 0.0 0.0 0.0 0.0 0.0 1.0 0.0 0.0
21.60367751 49.86121696 0.0 0.0 0.0 0.0 0.0 1.0 0.0 0.0
16.60367751 44.86121696 0.0 0.0 0.0 0.0 0.0 1.0 0.0 0.0
11.60367751 39.86121696 0.0 0.0 0.0 0.0 0.0 0.0 1.0 0.0
11.60367751 34.86121696 0.0 0.0 0.0 0.0 0.0 1.0 0.0 0.0
