8.40010578 17.23176107 0.0 1.0 0.0 0.0 0.0 0.0 0.0 0.0
13.40010578 22.23176107 1.0 0.0 0.0 0.0 0.0 0.0 0.0 0.0
18.40010578 22.23176107 0.0 1.0 0.0 0.0 0.0 0.0 0.0 0.0
23.40010578 27.23176107 0.0 1.0 0.0 0.0 0.0 0.0 0.0 0.0
28.40010578 32.23176107 1.0 0.0 0.0 0.0 0.0 0.0 0.0 0.0
33.40010578 32.23176107 1.0 0.0 0.0 0.0 0.0 0.0 0.0 0.0
38.40010578 32.23176107 0.0 1.0 0.0 0.0 0.0 0.0 0.0 0.0
43.40010578 37.23176107 1.0 0.0 0.0 0.0 0.0 0.0 0.0 0.0
48.40010578 37.23176107 1.0 0.0 0.0 0.0 0.0 0.0 0.0 0.0
53.40010578 37.23176107 0.0 1.0 0.0 0.0 0.0 0.0 0.0 0.0
58.40010578 42.23176107 1.0 0.0 0.0 0.0 0.0 0.0 0.0 0.0
63.40010578 42.23176107 0.0 1.0 0.0 0.0 0.0 0.0 0.0 0.0
68.40010578 47.23176107 1.0 0.0 0.0 0.0 0.0 0.0 0.0 0.0
73.40010578 47.23176107 0.0 1.0 0.0 0.0 0.0 0.0 0.0 0.0
78.40010578 52.23176107 0.0 1.0 0.0 0.0 0.0 0.0 0.0 0.0
83.40010578 57.23176107 0.0 0.0 0.0 0.0 0.0 0.0 0.0 1.0
