36.80584996 98.82530877 0.0 0.0 0.0 0.0 0.0 0.0 1.0 0.0
36.80584996 93.82530877 0.0 0.0 0.0 0.0 0.0 1.0 0.0 0.0
31.80584996 88.82530877 0.0 0.0 0.0 0.0 0.0 1.0 0.0 0.0
26.80584996 83.82530877 0.0 0.0 0.0 0.0 0.0 0.0 1.0 0.0
26.80584996 78.82530877 0.0 0.0 0.0 0.0 0.0 0.0 1.0 0.0
26.80584996 73.82530877 0.0 0.0 0.0 0.0 0.0 0.0 1.0 0.0
26.80584996 68.82530877 0.0 0.0 0.0 0.0 0.0 0.0 0.0 1.0
31.80584996 63.82530877 0.0 0.0 0.0 0.0 0.0 0.0 0.0 1.0
36.80584996 58.82530877 0.0 0.0 0.0 0.0 0.0 0.0 1.0 0.0
36.80584996 53.82530877 0.0 0.0 0.0 0.0 0.0 0.0 1.0 0.0
36.80584996 48.82530877 0.0 0.0 0.0 0.0 0.0 0.0 1.0 0.0
36.80584996 43.82530877 0.0 0.0 0.0 0.0 0.0 0.0 1.0 0.0
36.80584996 38.82530877 0.0 0.0 0.0 0.0 0.0 0.0 1.0 0.0
36.80584996 33.82530877 0.0 0.0 0.0 0.0 0.0 0.0 1.0 0.0
36.80584996 28.82530877 0.0 0.0 0.0 0.0 0.0 0.0 0.0 1.0
41.80584996 23.82530877 0.0 0.0 0.0 0.0 0.0 0.0 0.0 1.0
46.80584996 18.82530877 1.0 0.0 0.0 0.0 0.0 0.0 0.0 0.0
51.80584996 18.82530877 1.0 0.0 0.0 0.0 0.0 0.0 0.0 0.0
56.80584996 18.82530877 1.0 0.0 0.0 0.0 0.0 0.0 0.0 0.0
61.80584996 18.82530877 1.0 0.0 0.0 0.0 0.0 0.0 0.0 0.0
66.80584996 18.82530877 1.0 0.0 0.0 0.0 0.0 0.0 0.0 0.0
71.80584996 18.82530877 0.0 0.0 0.0 0.0 0.0 0.0 0.0 1.0
