8.01932817 1.84773645 0.0 1.0 0.0 0.0 0.0 0.0 0.0 0.0
13.01932817 6.84773645 0.0 1.0 0.0 0.0 0.0 0.0 0.0 0.0
18.01932817 11.84773645 0.0 1.0 0.0 0.0 0.0 0.0 0.0 0.0
23.01932817 16.84773645 1.0 0.0 0.0 0.0 0.0 0.0 0.0 0.0
28.01932817 16.84773645 1.0 0.0 0.0 0.0 0.0 0.0 0.0 0.0
33.01932817 16.84773645 0.0 1.0 0.0 0.0 0.0 0.0 0.0 0.0
38.01932817 21.84773645 1.0 0.0 0.0 0.0 0.0 0.0 0.0 0.0
43.01932817 21.84773645 0.0 1.0 0.0 0.0 0.0 0.0 0.0 0.0
48.01932817 26.84773645 0.0 1.0 0.0 0.0 0.0 0.0 0.0 0.0
53.01932817 31.84773645 0.0 0.0 1.0 0.0 0.0 0.0 0.0 0.0
53.01932817 36.84773645 0.0 0.0 1.0 0.0 0.0 0.0 0.0 0.0
53.01932817 41.84773645 0.0 0.0 1.0 0.0 0.0 0.0 0.0 0.0
53.01932817 46.84773645 0.0 0.0 1.0 0.0 0.0 0.0 0.0 0.0
53.01932817 51.84773645 0.0 0.0 0.0 1.0 0.0 0.0 0.0 0.0
48.01932817 56.84773645 0.0 0.0 0.0 1.0 0.0 0.0 0.0 0.0
43.01932817 61.84773645 0.0 0.0 1.0 0.0 0.0 0.0 0.0 0.0
43.01932817 66.84773645 0.0 0.0 1.0 0.0 0.0 0.0 0.0 0.0
43.01932817 71.84773645 0.0 0.0 1.0 0.0 0.0 0.0 0.0 0.0
43.01932817 76.84773645 0.0 0.0 1.0 0.0 0.0 0.0 0.0 0.0
43.01932817 81.84773645 0.0 0.0 1.0 0.0 0.0 0.0 0.0 0.0
43.01932817 86.84773645 0.0 0.0 1.0 0.0 0.0 0.0 0.0 0.0
43.01932817 91.84773645 0.0 1.0 0.0 0.0 0.0 0.0 0.0 0.0
