9.82689471 9.08022421 0.0 1.0 0.0 0.0 0.0 0.0 0.0 0.0
14.82689471 14.08022421 0.0 1.0 0.0 0.0 0.0 0.0 0.0 0.0
19.82689471 19.08022421 0.0 1.0 0.0 0.0 0.0 0.0 0.0 0.0
24.82689471 24.08022421 1.0 0.0 0.0 0.0 0.0 0.0 0.0 0.0
29.82689471 24.08022421 1.0 0.0 0.0 0.0 0.0 0.0 0.0 0.0
34.82689471 24.08022421 1.0 0.0 0.0 0.0 0.0 0.0 0.0 0.0
39.82689471 24.08022421 1.0 0.0 0.0 0.0 0.0 0.0 0.0 0.0
44.82689471 24.08022421 1.0 0.0 0.0 0.0 0.0 0.0 0.0 0.0
49.82689471 24.08022421 0.0 1.0 0.0 0.0 0.0 0.0 0.0 0.0
54.82689471 29.08022421 1.0 0.0 0.0 0.0 0.0 0.0 0.0 0.0
59.82689471 29.08022421 1.0 0.0 0.0 0.0 0.0 0.0 0.0 0.0
64.82689471 29.08022421 1.0 0.0 0.0 0.0 0.0 0.0 0.0 0.0
69.82689471 29.08022421 1.0 0.0 0.0 0.0 0.0 0.0 0.0 0.0
74.82689471 29.08022421 1.0 0.0 0.0 0.0 0.0 0.0 0.0 0.0
79.82689471 29.08022421 1.0 0.0 0.0 0.0 0.0 0.0 0.0 0.0
84.82689471 29.08022421 0.0 1.0 0.0 0.0 0.0 0.0 0.0 0.0
89.82689471 34.08022421 0.0 1.0 0.0 0.0 0.0 0.0 0.0 0.0
94.82689471 39.08022421 0.0 0.0 1.0 0.0 0.0 0.0 0.0 0.0
94.82689471 44.08022421 0.0 0.0 1.0 0.0 0.0 0.0 0.0 0.0
94.82689471 49.08022421 0.0 0.0 1.0 0.0 0.0 0.0 0.0 0.0
94.82689471 54.08022421 0.0 0.0 1.0 0.0 0.0 0.0 0.0 0.0
94.82689471 59.08022421 0.0 0.0 1.0 0.0 0.0 0.0 0.0 0.0
94.82689471 64.08022421 0.0 0.0 1.0 0.0 0.0 0.0 0.0 0.0
94.82689471 69.08022421 0.0 0.0 0.0 1.0 0.0 0.0 0.0 0.0
