1.4861661 88.1608 1.0 0.0 0.0 0.0 0.0 0.0 0.0 0.0
6.4861661 88.1608 1.0 0.0 0.0 0.0 0.0 0.0 0.0 0.0
11.4861661 88.1608 0.0 1.0 0.0 0.0 0.0 0.0 0.0 0.0
16.4861661 93.1608 1.0 0.0 0.0 0.0 0.0 0.0 0.0 0.0
21.4861661 93.1608 1.0 0.0 0.0 0.0 0.0 0.0 0.0 0.0
26.4861661 93.1608 1.0 0.0 0.0 0.0 0.0 0.0 0.0 0.0
31.4861661 93.1608 1.0 0.0 0.0 0.0 0.0 0.0 0.0 0.0
36.4861661 93.1608 0.0 0.0 0.0 0.0 0.0 0.0 0.0 1.0
41.4861661 88.1608 1.0 0.0 0.0 0.0 0.0 0.0 0.0 0.0
46.4861661 88.1608 0.0 0.0 0.0 0.0 0.0 0.0 0.0 1.0
51.4861661 83.1608 1.0 0.0 0.0 0.0 0.0 0.0 0.0 0.0
56.4861661 83.1608 0.0 0.0 0.0 0.0 0.0 0.0 0.0 1.0
61.4861661 78.1608 1.0 0.0 0.0 0.0 0.0 0.0 0.0 0.0
66.4861661 78.1608 1.0 0.0 0.0 0.0 0.0 0.0 0.0 0.0
71.4861661 78.1608 0.0 0.0 0.0 0.0 0.0 0.0 0.0 1.0
76.4861661 73.1608 1.0 0.0 0.0 0.0 0.0 0.0 0.0 0.0
81.4861661 73.1608 0.0 0.0 0.0 0.0 0.0 0.0 0.0 1.0
86.4861661 68.1608 1.0 0.0 0.0 0.0 0.0 0.0 0.0 0.0
91.4861661 68.1608 0.0 0.0 0.0 0.0 0.0 0.0 0.0 1.0
96.4861661 63.1608 0.0 1.0 0.0 0.0 0.0 0.0 0.0 0.0
