99.04309781 92.64610838 0.0 0.0 0.0 0.0 1.0 0.0 0.0 0.0
94.04309781 92.64610838 0.0 0.0 0.0 0.0 1.0 0.0 0.0 0.0
89.04309781 92.64610838 0.0 0.0 0.0 0.0 1.0 0.0 0.0 0.0
84.04309781 92.64610838 0.0 0.0 0.0 0.0 1.0 0.0 0.0 0.0
79.04309781 92.64610838 0.0 0.0 0.0 0.0 1.0 0.0 0.0 0.0
74.04309781 92.64610838 0.0 0.0 0.0 0.0 1.0 0.0 0.0 0.0
69.04309781 92.64610838 0.0 0.0 0.0 0.0 0.0 1.0 0.0 0.0
64.04309781 87.64610838 0.0 0.0 0.0 0.0 1.0 0.0 0.0 0.0
59.04309781 87.64610838 0.0 0.0 0.0 0.0 1.0 0.0 0.0 0.0
54.04309781 87.64610838 0.0 0.0 0.0 0.0 1.0 0.0 0.0 0.0
49.04309781 87.64610838 0.0 0.0 0.0 0.0 1.0 0.0 0.0 0.0
44.04309781 87.64610838 0.0 0.0 0.0 0.0 0.0 1.0 0.0 0.0
39.04309781 82.64610838 0.0 0.0 0.0 0.0 0.0 1.0 0.0 0.0
34.04309781 77.64610838 0.0 0.0 0.0 0.0 0.0 0.0 1.0 0.0
34.04309781 72.64610838 0.0 0.0 0.0 0.0 0.0 0.0 1.0 0.0
34.04309781 67.64610838 0.0 0.0 0.0 0.0 0.0 0.0 1.0 0.0
34.04309781 62.64610838 0.0 0.0 0.0 0.0 0.0 0.0 1.0 0.0
34.04309781 57.64610838 0.0 0.0 0.0 0.0 0.0 0.0 1.0 0.0
34.04309781 52.64610838 0.0 0.0 0.0 0.0 0.0 0.0 1.0 0.0
34.04309781 47.64610838 0.0 0.0 0.0 0.0 0.0 0.0 1.0 0.0
34.04309781 42.64610838 0.0 0.0 0.0 0.0 0.0 0.0 1.0 0.0
34.04309781 37.64610838 0.0 0.0 0.0 0.0 0.0 0.0 1.0 0.0
34.04309781 32.64610838 0.0 0.0 0.0 0.0 0.0 0.0 1.0 0.0
34.04309781 27.64610838 0.0 0.0 0.0 0.0 0.0 0.0 1.0 0.0
34.04309781 22.64610838 0.0 0.0 0.0 0.0 0.0 1.0 0.0 0.0
29.04309781 17.64610838 0.0 0.0 0.0 0.0 0.0 1.0 0.0 0.0
