86.65327378 41.73969656 0.0 0.0 0.0 0.0 1.0 0.0 0.0 0.0
81.65327378 41.73969656 0.0 0.0 0.0 0.0 1.0 0.0 0.0 0.0
76.65327378 41.73969656 0.0 0.0 0.0 0.0 1.0 0.0 0.0 0.0
71.65327378 41.73969656 0.0 0.0 0.0 0.0 1.0 0.0 0.0 0.0
66.65327378 41.73969656 0.0 0.0 0.0 0.0 1.0 0.0 0.0 0.0
61.65327378 41.73969656 0.0 0.0 0.0 0.0 1.0 0.0 0.0 0.0
56.65327378 41.73969656 0.0 0.0 0.0 0.0 1.0 0.0 0.0 0.0
51.65327378 41.73969656 0.0 0.0 0.0 0.0 1.0 0.0 0.0 0.0
46.65327378 41.73969656 0.0 0.0 0.0 0.0 1.0 0.0 0.0 0.0
41.65327378 41.73969656 0.0 0.0 0.0 1.0 0.0 0.0 0.0 0.0
36.65327378 46.73969656 0.0 0.0 0.0 0.0 1.0 0.0 0.0 0.0
31.65327378 46.73969656 0.0 0.0 0.0 1.0 0.0 0.0 0.0 0.0
26.65327378 51.73969656 0.0 0.0 0.0 0.0 0.0 1.0 0.0 0.0
21.65327378 46.73969656 0.0 0.0 0.0 0.0 1.0 0.0 0.0 0.0
16.65327378 46.73969656 0.0 0.0 0.0 0.0 0.0 1.0 0.0 0.0
11.65327378 41.73969656 0.0 0.0 0.0 0.0 0.0 0.0 1.0 0.0
11.65327378 36.73969656 0.0 0.0 0.0 0.0 0.0 1.0 0.0 0.0
6.65327378 31.73969656 0.0 0.0 0.0 0.0 0.0 0.0 1.0 0.0
6.65327378 26.73969656 0.0 0.0 0.0 0.0 0.0 0.0 1.0 0.0
6.65327378 21.73969656 0.0 0.0 0.0 0.0 0.0 1.0 0.0 0.0
1.65327378 16.73969656 0.0 0.0 0.0 0.0 0.0 1.0 0.0 0.0
