78.03948167 26.23333164 0.0 0.0 0.0 0.0 1.0 0.0 0.0 0.0
73.03948167 26.23333164 0.0 0.0 0.0 0.0 1.0 0.0 0.0 0.0
68.03948167 26.23333164 0.0 0.0 0.0 0.0 1.0 0.0 0.0 0.0
63.03948167 26.23333164 0.0 0.0 0.0 0.0 1.0 0.0 0.0 0.0
58.03948167 26.23333164 0.0 0.0 0.0 1.0 0.0 0.0 0.0 0.0
53.03948167 31.23333164 0.0 0.0 0.0 1.0 0.0 0.0 0.0 0.0
48.03948167 36.23333164 0.0 0.0 0.0 1.0 0.0 0.0 0.0 0.0
43.03948167 41.23333164 0.0 0.0 0.0 0.0 1.0 0.0 0.0 0.0
38.03948167 41.23333164 0.0 0.0 0.0 0.0 1.0 0.0 0.0 0.0
33.03948167 41.23333164 0.0 0.0 0.0 1.0 0.0 0.0 0.0 0.0
28.03948167 46.23333164 0.0 0.0 0.0 1.0 0.0 0.0 0.0 0.0
23.03948167 51.23333164 0.0 0.0 1.0 0.0 0.0 0.0 0.0 0.0
23.03948167 56.23333164 0.0 0.0 1.0 0.0 0.0 0.0 0.0 0.0
23.03948167 61.23333164 0.0 0.0 1.0 0.0 0.0 0.0 0.0 0.0
23.03948167 66.23333164 0.0 0.0 1.0 0.0 0.0 0.0 0.0 0.0
23.03948167 71.23333164 0.0 0.0 1.0 0.0 0.0 0.0 0.0 0.0
23.03948167 76.23333164 0.0 0.0 1.0 0.0 0.0 0.0 0.0 0.0
23.03948167 81.23333164 0.0 1.0 0.0 0.0 0.0 0.0 0.0 0.0
28.03948167 86.23333164 0.0 0.0 1.0 0.0 0.0 0.0 0.0 0.0
28.03948167 91.23333164 0.0 1.0 0.0 0.0 0.0 0.0 0.0 0.0
