55.56432919 18.0135869 0.0 0.0 0.0 1.0 0.0 0.0 0.0 0.0
50.56432919 23.0135869 0.0 0.0 0.0 1.0 0.0 0.0 0.0 0.0
45.56432919 28.0135869 0.0 0.0 1.0 0.0 0.0 0.0 0.0 0.0
45.56432919 33.0135869 0.0 0.0 1.0 0.0 0.0 0.0 0.0 0.0
45.56432919 38.0135869 0.0 0.0 0.0 1.0 0.0 0.0 0.0 0.0
40.56432919 43.0135869 0.0 0.0 0.0 1.0 0.0 0.0 0.0 0.0
35.56432919 48.0135869 0.0 0.0 0.0 1.0 0.0 0.0 0.0 0.0
30.56432919 53.0135869 0.0 0.0 0.0 1.0 0.0 0.0 0.0 0.0
25.56432919 58.0135869 0.0 0.0 0.0 1.0 0.0 0.0 0.0 0.0
20.56432919 63.0135869 0.0 0.0 1.0 0.0 0.0 0.0 0.0 0.0
20.56432919 68.0135869 0.0 0.0 0.0 1.0 0.0 0.0 0.0 0.0
15.56432919 73.0135869 0.0 0.0 1.0 0.0 0.0 0.0 0.0 0.0
15.56432919 78.0135869 0.0 0.0 0.0 1.0 0.0 0.0 0.0 0.0
10.56432919 83.0135869 0.0 0.0 1.0 0.0 0.0 0.0 0.0 0.0
10.56432919 88.0135869 0.0 0.0 0.0 1.0 0.0 0.0 0.0 0.0
