89.3627718 57.77661011 0.0 0.0 0.0 0.0 0.0 0.0 0.0 1.0
94.3627718 52.77661011 0.0 0.0 0.0 0.0 0.0 0.0 1.0 0.0
94.3627718 47.77661011 0.0 0.0 0.0 0.0 0.0 1.0 0.0 0.0
89.3627718 42.77661011 0.0 0.0 0.0 0.0 0.0 0.0 1.0 0.0
89.3627718 37.77661011 0.0 0.0 0.0 0.0 0.0 1.0 0.0 0.0
84.3627718 32.77661011 0.0 0.0 0.0 0.0 0.0 1.0 0.0 0.0
79.3627718 27.77661011 0.0 0.0 0.0 0.0 0.0 1.0 0.0 0.0
74.3627718 22.77661011 0.0 0.0 0.0 0.0 1.0 0.0 0.0 0.0
69.3627718 22.77661011 0.0 0.0 0.0 0.0 0.0 1.0 0.0 0.0
64.3627718 17.77661011 0.0 0.0 0.0 0.0 1.0 0.0 0.0 0.0
59.3627718 17.77661011 0.0 0.0 0.0 0.0 0.0 1.0 0.0 0.0
54.3627718 12.77661011 0.0 0.0 0.0 0.0 1.0 0.0 0.0 0.0
49.3627718 12.77661011 0.0 0.0 0.0 0.0 0.0 1.0 0.0 0.0
