95.34629993 81.34009632 0.0 0.0 0.0 0.0 0.0 1.0 0.0 0.0
90.34629993 76.34009632 0.0 0.0 0.0 0.0 0.0 1.0 0.0 0.0
85.34629993 71.34009632 0.0 0.0 0.0 0.0 0.0 1.0 0.0 0.0
80.34629993 66.34009632 0.0 0.0 0.0 0.0 0.0 1.0 0.0 0.0
75.34629993 61.34009632 0.0 0.0 0.0 0.0 1.0 0.0 0.0 0.0
70.34629993 61.34009632 0.0 0.0 0.0 0.0 1.0 0.0 0.0 0.0
65.34629993 61.34009632 0.0 0.0 0.0 0.0 1.0 0.0 0.0 0.0
60.34629993 61.34009632 0.0 0.0 0.0 0.0 1.0 0.0 0.0 0.0
55.34629993 61.34009632 0.0 0.0 0.0 0.0 1.0 0.0 0.0 0.0
50.34629993 61.34009632 0.0 0.0 0.0 0.0 1.0 0.0 0.0 0.0
45.34629993 61.34009632 0.0 0.0 0.0 0.0 0.0 1.0 0.0 0.0
40.34629993 56.34009632 0.0 0.0 0.0 0.0 0.0 1.0 0.0 0.0
35.34629993 51.34009632 0.0 0.0 0.0 0.0 0.0 1.0 0.0 0.0
30.34629993 46.34009632 0.0 0.0 0.0 0.0 0.0 1.0 0.0 0.0
25.34629993 41.34009632 0.0 0.0 0.0 0.0 0.0 0.0 1.0 0.0
25.34629993 36.34009632 0.0 0.0 0.0 0.0 0.0 1.0 0.0 0.0
20.34629993 31.34009632 0.0 0.0 0.0 0.0 0.0 0.0 1.0 0.0
20.34629993 26.34009632 0.0 0.0 0.0 0.0 0.0 1.0 0.0 0.0
15.34629993 21.34009632 0.0 0.0 0.0 0.0 0.0 0.0 1.0 0.0
15.34629993 16.34009632 0.0 0.0 0.0 0.0 0.0 1.0 0.0 0.0
10.34629993 11.34009632 0.0 0.0 0.0 0.0 0.0 1.0 0.0 0.0
