69.47013297 98.49939546 0.0 0.0 0.0 0.0 0.0 1.0 0.0 0.0
64.47013297 93.49939546 0.0 0.0 0.0 0.0 0.0 1.0 0.0 0.0
59.47013297 88.49939546 0.0 0.0 0.0 0.0 0.0 1.0 0.0 0.0
54.47013297 83.49939546 0.0 0.0 0.0 0.0 0.0 1.0 0.0 0.0
49.47013297 78.49939546 0.0 0.0 0.0 0.0 0.0 0.0 1.0 0.0
49.47013297 73.49939546 0.0 0.0 0.0 0.0 0.0 1.0 0.0 0.0
44.47013297 68.49939546 0.0 0.0 0.0 0.0 0.0 0.0 1.0 0.0
44.47013297 63.49939546 0.0 0.0 0.0 0.0 0.0 1.0 0.0 0.0
39.47013297 58.49939546 0.0 0.0 0.0 0.0 0.0 0.0 1.0 0.0
39.47013297 53.49939546 0.0 0.0 0.0 0.0 0.0 0.0 1.0 0.0
39.47013297 48.49939546 0.0 0.0 0.0 0.0 0.0 0.0 1.0 0.0
39.47013297 43.49939546 0.0 0.0 0.0 0.0 0.0 0.0 1.0 0.0
39.47013297 38.49939546 0.0 0.0 0.0 0.0 0.0 1.0 0.0 0.0
34.47013297 33.49939546 0.0 0.0 0.0 0.0 0.0 1.0 0.0 0.0
29.47013297 28.49939546 0.0 0.0 0.0 0.0 0.0 1.0 0.0 0.0
24.47013297 23.49939546 0.0 0.0 0.0 0.0 0.0 0.0 1.0 0.0
24.47013297 18.49939546 0.0 0.0 0.0 0.0 0.0 1.0 0.0 0.0
19.47013297 13.49939546 0.0 0.0 0.0 0.0 0.0 1.0 0.0 0.0
