22.98473191 86.56530105 0.0 0.0 0.0 0.0 0.0 0.0 0.0 1.0
27.98473191 81.56530105 0.0 0.0 0.0 0.0 0.0 0.0 0.0 1.0
32.98473191 76.56530105 0.0 0.0 0.0 0.0 0.0 0.0 0.0 1.0
37.98473191 71.56530105 0.0 0.0 0.0 0.0 0.0 0.0 0.0 1.0
42.98473191 66.56530105 0.0 0.0 0.0 0.0 0.0 0.0 0.0 1.0
47.98473191 61.56530105 0.0 0.0 0.0 0.0 0.0 0.0 0.0 1.0
52.98473191 56.56530105 0.0 0.0 0.0 0.0 0.0 0.0 0.0 1.0
57.98473191 51.56530105 0.0 0.0 0.0 0.0 0.0 0.0 0.0 1.0
62.98473191 46.56530105 0.0 0.0 0.0 0.0 0.0 0.0 1.0 0.0
62.98473191 41.56530105 0.0 0.0 0.0 0.0 0.0 0.0 1.0 0.0
62.98473191 36.56530105 0.0 0.0 0.0 0.0 0.0 0.0 1.0 0.0
62.98473191 31.56530105 0.0 0.0 0.0 0.0 0.0 0.0 1.0 0.0
62.98473191 26.56530105 0.0 0.0 0.0 0.0 0.0 0.0 0.0 1.0
67.98473191 21.56530105 0.0 0.0 0.0 0.0 0.0 0.0 0.0 1.0
72.98473191 16.56530105 0.0 0.0 0.0 0.0 0.0 0.0 0.0 1.0
77.98473191 11.56530105 1.0 0.0 0.0 0.0 0.0 0.0 0.0 0.0
82.98473191 11.56530105 1.0 0.0 0.0 0.0 0.0 0.0 0.0 0.0
87.98473191 11.56530105 1.0 0.0 0.0 0.0 0.0 0.0 0.0 0.0
92.98473191 11.56530105 0.0 0.0 0.0 0.0 0.0 0.0 0.0 1.0
