25.61099903 61.69843043 0.0 1.0 0.0 0.0 0.0 0.0 0.0 0.0
30.61099903 66.69843043 0.0 1.0 0.0 0.0 0.0 0.0 0.0 0.0
35.61099903 71.69843043 1.0 0.0 0.0 0.0 0.0 0.0 0.0 0.0
40.61099903 71.69843043 0.0 1.0 0.0 0.0 0.0 0.0 0.0 0.0
45.61099903 76.69843043 0.0 0.0 0.0 0.0 0.0 0.0 0.0 1.0
50.61099903 71.69843043 1.0 0.0 0.0 0.0 0.0 0.0 0.0 0.0
55.61099903 71.69843043 0.0 0.0 0.0 0.0 0.0 0.0 0.0 1.0
60.61099903 66.69843043 0.0 0.0 0.0 0.0 0.0 0.0 0.0 1.0
65.61099903 61.69843043 0.0 0.0 0.0 0.0 0.0 0.0 0.0 1.0
70.61099903 56.69843043 0.0 0.0 0.0 0.0 0.0 0.0 0.0 1.0
75.61099903 51.69843043 0.0 0.0 0.0 0.0 0.0 0.0 0.0 1.0
80.61099903 46.69843043 0.0 0.0 0.0 0.0 0.0 0.0 0.0 1.0
85.61099903 41.69843043 0.0 0.0 0.0 0.0 0.0 0.0 1.0 0.0
85.61099903 36.69843043 0.0 0.0 0.0 0.0 0.0 0.0 0.0 1.0
90.61099903 31.69843043 0.0 0.0 0.0 0.0 0.0 0.0 1.0 0.0
90.61099903 26.69843043 0.0 0.0 0.0 0.0 0.0 0.0 0.0 1.0
95.61099903 21.69843043 0.0 0.0 0.0 0.0 0.0 0.0 1.0 0.0
95.61099903 16.69843043 0.0 0.0 0.0 0.0 0.0 0.0 0.0 1.0
