30.98154605 39.27977795 1.0 0.0 0.0 0.0 0.0 0.0 0.0 0.0
35.98154605 39.27977795 1.0 0.0 0.0 0.0 0.0 0.0 0.0 0.0
40.98154605 39.27977795 1.0 0.0 0.0 0.0 0.0 0.0 0.0 0.0
45.98154605 39.27977795 1.0 0.0 0.0 0.0 0.0 0.0 0.0 0.0
50.98154605 39.27977795 0.0 1.0 0.0 0.0 0.0 0.0 0.0 0.0
55.98154605 44.27977795 1.0 0.0 0.0 0.0 0.0 0.0 0.0 0.0
60.98154605 44.27977795 1.0 0.0 0.0 0.0 0.0 0.0 0.0 0.0
65.98154605 44.27977795 1.0 0.0 0.0 0.0 0.0 0.0 0.0 0.0
70.98154605 44.27977795 1.0 0.0 0.0 0.0 0.0 0.0 0.0 0.0
75.98154605 44.27977795 1.0 0.0 0.0 0.0 0.0 0.0 0.0 0.0
80.98154605 44.27977795 0.0 0.0 0.0 0.0 0.0 0.0 0.0 1.0
85.98154605 39.27977795 0.0 0.0 0.0 0.0 0.0 0.0 0.0 1.0
90.98154605 34.27977795 0.0 0.0 0.0 0.0 0.0 0.0 1.0 0.0
90.98154605 29.27977795 0.0 0.0 0.0 0.0 0.0 0.0 0.0 1.0
95.98154605 24.27977795 0.0 0.0 0.0 0.0 0.0 0.0 0.0 1.0
