76.25261162 14.59178045 0.0 0.0 1.0 0.0 0.0 0.0 0.0 0.0
76.25261162 19.59178045 0.0 0.0 1.0 0.0 0.0 0.0 0.0 0.0
76.25261162 24.59178045 0.0 0.0 1.0 0.0 0.0 0.0 0.0 0.0
76.25261162 29.59178045 0.0 0.0 1.0 0.0 0.0 0.0 0.0 0.0
76.25261162 34.59178045 0.0 0.0 1.0 0.0 0.0 0.0 0.0 0.0
76.25261162 39.59178045 0.0 0.0 0.0 1.0 0.0 0.0 0.0 0.0
71.25261162 44.59178045 0.0 0.0 1.0 0.0 0.0 0.0 0.0 0.0
71.25261162 49.59178045 0.0 0.0 0.0 1.0 0.0 0.0 0.0 0.0
66.25261162 54.59178045 0.0 0.0 0.0 1.0 0.0 0.0 0.0 0.0
61.25261162 59.59178045 0.0 0.0 1.0 0.0 0.0 0.0 0.0 0.0
61.25261162 64.59178045 0.0 0.0 1.0 0.0 0.0 0.0 0.0 0.0
61.25261162 69.59178045 0.0 0.0 1.0 0.0 0.0 0.0 0.0 0.0
61.25261162 74.59178045 0.0 0.0 0.0 1.0 0.0 0.0 0.0 0.0
56.25261162 79.59178045 0.0 0.0 1.0 0.0 0.0 0.0 0.0 0.0
56.25261162 84.59178045 0.0 0.0 0.0 1.0 0.0 0.0 0.0 0.0
51.25261162 89.59178045 0.0 0.0 0.0 1.0 0.0 0.0 0.0 0.0
