13.12523918 84.99642251 0.0 0.0 0.0 0.0 0.0 0.0 0.0 1.0
18.12523918 79.99642251 1.0 0.0 0.0 0.0 0.0 0.0 0.0 0.0
23.12523918 79.99642251 1.0 0.0 0.0 0.0 0.0 0.0 0.0 0.0
28.12523918 79.99642251 1.0 0.0 0.0 0.0 0.0 0.0 0.0 0.0
33.12523918 79.99642251 1.0 0.0 0.0 0.0 0.0 0.0 0.0 0.0
38.12523918 79.99642251 0.0 0.0 0.0 0.0 0.0 0.0 0.0 1.0
43.12523918 74.99642251 0.0 0.0 0.0 0.0 0.0 0.0 0.0 1.0
48.12523918 69.99642251 0.0 0.0 0.0 0.0 0.0 0.0 0.0 1.0
53.12523918 64.99642251 0.0 0.0 0.0 0.0 0.0 0.0 0.0 1.0
58.12523918 59.99642251 1.0 0.0 0.0 0.0 0.0 0.0 0.0 0.0
63.12523918 59.99642251 0.0 0.0 0.0 0.0 0.0 0.0 0.0 1.0
68.12523918 54.99642251 1.0 0.0 0.0 0.0 0.0 0.0 0.0 0.0
73.12523918 54.99642251 0.0 0.0 0.0 0.0 0.0 0.0 0.0 1.0
78.12523918 49.99642251 0.0 1.0 0.0 0.0 0.0 0.0 0.0 0.0
