4.59756307 95.14089506 0.0 0.0 0.0 0.0 0.0 0.0 0.0 1.0
9.59756307 90.14089506 0.0 0.0 0.0 0.0 0.0 0.0 0.0 1.0
14.59756307 85.14089506 1.0 0.0 0.0 0.0 0.0 0.0 0.0 0.0
19.59756307 85.14089506 1.0 0.0 0.0 0.0 0.0 0.0 0.0 0.0
24.59756307 85.14089506 1.0 0.0 0.0 0.0 0.0 0.0 0.0 0.0
29.59756307 85.14089506 0.0 0.0 0.0 0.0 0.0 0.0 0.0 1.0
34.59756307 80.14089506 0.0 0.0 0.0 0.0 0.0 0.0 0.0 1.0
39.59756307 75.14089506 0.0 0.0 0.0 0.0 0.0 0.0 0.0 1.0
44.59756307 70.14089506 0.0 0.0 0.0 0.0 0.0 0.0 0.0 1.0
49.59756307 65.14089506 0.0 0.0 0.0 0.0 0.0 0.0 0.0 1.0
54.59756307 60.14089506 0.0 0.0 0.0 0.0 0.0 0.0 0.0 1.0
59.59756307 55.14089506 0.0 0.0 0.0 0.0 0.0 0.0 0.0 1.0
64.59756307 50.14089506 0.0 0.0 0.0 0.0 0.0 0.0 1.0 0.0
64.59756307 45.14089506 0.0 0.0 0.0 0.0 0.0 0.0 0.0 1.0
69.59756307 40.14089506 0.0 0.0 0.0 0.0 0.0 0.0 1.0 0.0
69.59756307 35.14089506 0.0 0.0 0.0 0.0 0.0 0.0 1.0 0.0
69.59756307 30.14089506 0.0 0.0 0.0 0.0 0.0 0.0 0.0 1.0
74.59756307 25.14089506 0.0 0.0 0.0 0.0 0.0 0.0 1.0 0.0
74.59756307 20.14089506 0.0 0.0 0.0 0.0 0.0 0.0 0.0 1.0
79.59756307 15.14089506 0.0 0.0 0.0 0.0 0.0 0.0 0.0 1.0
