35.30737275 13.3870252 0.0 1.0 0.0 0.0 0.0 0.0 0.0 0.0
40.30737275 18.3870252 0.0 1.0 0.0 0.0 0.0 0.0 0.0 0.0
45.30737275 23.3870252 0.0 0.0 1.0 0.0 0.0 0.0 0.0 0.0
45.30737275 28.3870252 0.0 0.0 1.0 0.0 0.0 0.0 0.0 0.0
45.30737275 33.3870252 0.0 1.0 0.0 0.0 0.0 0.0 0.0 0.0
50.30737275 38.3870252 0.0 1.0 0.0 0.0 0.0 0.0 0.0 0.0
55.30737275 43.3870252 0.0 1.0 0.0 0.0 0.0 0.0 0.0 0.0
60.30737275 48.3870252 0.0 1.0 0.0 0.0 0.0 0.0 0.0 0.0
65.30737275 53.3870252 0.0 1.0 0.0 0.0 0.0 0.0 0.0 0.0
70.30737275 58.3870252 0.0 1.0 0.0 0.0 0.0 0.0 0.0 0.0
75.30737275 63.3870252 0.0 1.0 0.0 0.0 0.0 0.0 0.0 0.0
80.30737275 68.3870252 0.0 1.0 0.0 0.0 0.0 0.0 0.0 0.0
85.30737275 73.3870252 0.0 1.0 0.0 0.0 0.0 0.0 0.0 0.0
