11.74944598 19.9263977 0.0 1.0 0.0 0.0 0.0 0.0 0.0 0.0
16.74944598 24.9263977 0.0 1.0 0.0 0.0 0.0 0.0 0.0 0.0
21.74944598 29.9263977 0.0 1.0 0.0 0.0 0.0 0.0 0.0 0.0
26.74944598 34.9263977 0.0 1.0 0.0 0.0 0.0 0.0 0.0 0.0
31.74944598 39.9263977 0.0 1.0 0.0 0.0 0.0 0.0 0.0 0.0
36.74944598 44.9263977 0.0 1.0 0.0 0.0 0.0 0.0 0.0 0.0
41.74944598 49.9263977 0.0 1.0 0.0 0.0 0.0 0.0 0.0 0.0
46.74944598 54.9263977 1.0 0.0 0.0 0.0 0.0 0.0 0.0 0.0
51.74944598 54.9263977 1.0 0.0 0.0 0.0 0.0 0.0 0.0 0.0
56.74944598 54.9263977 1.0 0.0 0.0 0.0 0.0 0.0 0.0 0.0
61.74944598 54.9263977 1.0 0.0 0.0 0.0 0.0 0.0 0.0 0.0
66.74944598 54.9263977 1.0 0.0 0.0 0.0 0.0 0.0 0.0 0.0
71.74944598 54.9263977 0.0 1.0 0.0 0.0 0.0 0.0 0.0 0.0
76.74944598 59.9263977 0.0 1.0 0.0 0.0 0.0 0.0 0.0 0.0
81.74944598 64.9263977 0.0 1.0 0.0 0.0 0.0 0.0 0.0 0.0
86.74944598 69.9263977 0.0 1.0 0.0 0.0 0.0 0.0 0.0 0.0
91.74944598 74.9263977 0.0 0.0 1.0 0.0 0.0 0.0 0.0 0.0
91.74944598 79.9263977 0.0 1.0 0.0 0.0 0.0 0.0 0.0 0.0
96.74944598 84.9263977 0.0 0.0 0.0 1.0 0.0 0.0 0.0 0.0
