99.71616263 32.8212659 0.0 0.0 0.0 0.0 0.0 1.0 0.0 0.0
94.71616263 27.8212659 0.0 0.0 0.0 0.0 0.0 1.0 0.0 0.0
89.71616263 22.8212659 0.0 0.0 0.0 0.0 0.0 1.0 0.0 0.0
84.71616263 17.8212659 0.0 0.0 0.0 0.0 1.0 0.0 0.0 0.0
79.71616263 17.8212659 0.0 0.0 0.0 0.0 1.0 0.0 0.0 0.0
74.71616263 17.8212659 0.0 0.0 0.0 0.0 1.0 0.0 0.0 0.0
69.71616263 17.8212659 0.0 0.0 0.0 0.0 1.0 0.0 0.0 0.0
64.71616263 17.8212659 0.0 0.0 0.0 0.0 1.0 0.0 0.0 0.0
59.71616263 17.8212659 0.0 0.0 0.0 0.0 1.0 0.0 0.0 0.0
54.71616263 17.8212659 0.0 0.0 0.0 0.0 1.0 0.0 0.0 0.0
49.71616263 17.8212659 0.0 0.0 0.0 0.0 0.0 1.0 0.0 0.0
44.71616263 12.8212659 0.0 0.0 0.0 0.0 1.0 0.0 0.0 0.0
39.71616263 12.8212659 0.0 0.0 0.0 0.0 0.0 1.0 0.0 0.0
34.71616263 7.8212659 0.0 0.0 0.0 0.0 1.0 0.0 0.0 0.0
29.71616263 7.8212659 0.0 0.0 0.0 0.0 1.0 0.0 0.0 0.0
24.71616263 7.8212659 0.0 0.0 0.0 0.0 0.0 1.0 0.0 0.0
19.71616263 2.8212659 0.0 0.0 0.0 0.0 0.0 1.0 0.0 0.0
