73.50640398 19.56216522 0.0 0.0 0.0 1.0 0.0 0.0 0.0 0.0
68.50640398 24.56216522 0.0 0.0 0.0 1.0 0.0 0.0 0.0 0.0
63.50640398 29.56216522 0.0 0.0 0.0 1.0 0.0 0.0 0.0 0.0
58.50640398 34.56216522 0.0 0.0 0.0 1.0 0.0 0.0 0.0 0.0
53.50640398 39.56216522 0.0 0.0 1.0 0.0 0.0 0.0 0.0 0.0
53.50640398 44.56216522 0.0 0.0 1.0 0.0 0.0 0.0 0.0 0.0
53.50640398 49.56216522 0.0 0.0 1.0 0.0 0.0 0.0 0.0 0.0
53.50640398 54.56216522 0.0 0.0 1.0 0.0 0.0 0.0 0.0 0.0
53.50640398 59.56216522 0.0 0.0 1.0 0.0 0.0 0.0 0.0 0.0
53.50640398 64.56216522 0.0 0.0 1.0 0.0 0.0 0.0 0.0 0.0
53.50640398 69.56216522 0.0 0.0 0.0 1.0 0.0 0.0 0.0 0.0
48.50640398 74.56216522 0.0 0.0 0.0 1.0 0.0 0.0 0.0 0.0
43.50640398 79.56216522 0.0 0.0 0.0 1.0 0.0 0.0 0.0 0.0
38.50640398 84.56216522 0.0 0.0 0.0 1.0 0.0 0.0 0.0 0.0
33.50640398 89.56216522 0.0 0.0 0.0 0.0 0.0 1.0 0.0 0.0
