82.97157799 93.43072241 0.0 0.0 0.0 0.0 0.0 1.0 0.0 0.0
77.97157799 88.43072241 0.0 0.0 0.0 0.0 0.0 1.0 0.0 0.0
72.97157799 83.43072241 0.0 0.0 0.0 0.0 1.0 0.0 0.0 0.0
67.97157799 83.43072241 0.0 0.0 0.0 0.0 1.0 0.0 0.0 0.0
62.97157799 83.43072241 0.0 0.0 0.0 0.0 1.0 0.0 0.0 0.0
57.97157799 83.43072241 0.0 0.0 0.0 0.0 0.0 1.0 0.0 0.0
52.97157799 78.43072241 0.0 0.0 0.0 0.0 0.0 1.0 0.0 0.0
47.97157799 73.43072241 0.0 0.0 0.0 0.0 0.0 1.0 0.0 0.0
42.97157799 68.43072241 0.0 0.0 0.0 0.0 0.0 1.0 0.0 0.0
37.97157799 63.43072241 0.0 0.0 0.0 0.0 0.0 1.0 0.0 0.0
32.97157799 58.43072241 0.0 0.0 0.0 0.0 0.0 1.0 0.0 0.0
27.97157799 53.43072241 0.0 0.0 0.0 0.0 0.0 0.0 1.0 0.0
27.97157799 48.43072241 0.0 0.0 0.0 0.0 0.0 0.0 1.0 0.0
27.97157799 43.43072241 0.0 0.0 0.0 0.0 0.0 0.0 1.0 0.0
27.97157799 38.43072241 0.0 0.0 0.0 0.0 0.0 1.0 0.0 0.0
22.97157799 33.43072241 0.0 0.0 0.0 0.0 0.0 1.0 0.0 0.0
17.97157799 28.43072241 0.0 0.0 0.0 0.0 1.0 0.0 0.0 0.0
12.97157799 28.43072241 0.0 0.0 0.0 1.0 0.0 0.0 0.0 0.0
