24.94865182 31.50196296 0.0 1.0 0.0 0.0 0.0 0.0 0.0 0.0
29.94865182 36.50196296 0.0 1.0 0.0 0.0 0.0 0.0 0.0 0.0
34.94865182 41.50196296 0.0 1.0 0.0 0.0 0.0 0.0 0.0 0.0
39.94865182 46.50196296 0.0 1.0 0.0 0.0 0.0 0.0 0.0 0.0
44.94865182 51.50196296 1.0 0.0 0.0 0.0 0.0 0.0 0.0 0.0
49.94865182 51.50196296 0.0 1.0 0.0 0.0 0.0 0.0 0.0 0.0
54.94865182 56.50196296 0.0 1.0 0.0 0.0 0.0 0.0 0.0 0.0
59.94865182 61.50196296 0.0 1.0 0.0 0.0 0.0 0.0 0.0 0.0
64.94865182 66.50196296 1.0 0.0 0.0 0.0 0.0 0.0 0.0 0.0
69.94865182 66.50196296 0.0 1.0 0.0 0.0 0.0 0.0 0.0 0.0
