52.71929072 3.74982939 0.0 0.0 1.0 0.0 0.0 0.0 0.0 0.0
52.71929072 8.74982939 0.0 0.0 1.0 0.0 0.0 0.0 0.0 0.0
52.71929072 13.74982939 0.0 0.0 1.0 0.0 0.0 0.0 0.0 0.0
52.71929072 18.74982939 0.0 0.0 1.0 0.0 0.0 0.0 0.0 0.0
52.71929072 23.74982939 0.0 0.0 1.0 0.0 0.0 0.0 0.0 0.0
52.71929072 28.74982939 0.0 0.0 1.0 0.0 0.0 0.0 0.0 0.0
52.71929072 33.74982939 0.0 0.0 1.0 0.0 0.0 0.0 0.0 0.0
52.71929072 38.74982939 0.0 0.0 0.0 1.0 0.0 0.0 0.0 0.0
47.71929072 43.74982939 0.0 0.0 0.0 1.0 0.0 0.0 0.0 0.0
42.71929072 48.74982939 0.0 0.0 0.0 1.0 0.0 0.0 0.0 0.0
37.71929072 53.74982939 0.0 0.0 0.0 1.0 0.0 0.0 0.0 0.0
32.71929072 58.74982939 0.0 0.0 0.0 1.0 0.0 0.0 0.0 0.0
27.71929072 63.74982939 0.0 0.0 0.0 1.0 0.0 0.0 0.0 0.0
22.71929072 68.74982939 0.0 0.0 1.0 0.0 0.0 0.0 0.0 0.0
22.71929072 73.74982939 0.0 0.0 1.0 0.0 0.0 0.0 0.0 0.0
22.71929072 78.74982939 0.0 0.0 1.0 0.0 0.0 0.0 0.0 0.0
22.71929072 83.74982939 0.0 1.0 0.0 0.0 0.0 0.0 0.0 0.0
27.71929072 88.74982939 0.0 1.0 0.0 0.0 0.0 0.0 0.0 0.0
32.71929072 93.74982939 1.0 0.0 0.0 0.0 0.0 0.0 0.0 0.0
37.71929072 93.74982939 0.0 1.0 0.0 0.0 0.0 0.0 0.0 0.0
