81.54644895 3.99619802 0.0 0.0 1.0 0.0 0.0 0.0 0.0 0.0
81.54644895 8.99619802 0.0 0.0 1.0 0.0 0.0 0.0 0.0 0.0
81.54644895 13.99619802 0.0 0.0 0.0 1.0 0.0 0.0 0.0 0.0
76.54644895 18.99619802 0.0 0.0 0.0 1.0 0.0 0.0 0.0 0.0
71.54644895 23.99619802 0.0 0.0 0.0 1.0 0.0 0.0 0.0 0.0
66.54644895 28.99619802 0.0 0.0 0.0 1.0 0.0 0.0 0.0 0.0
61.54644895 33.99619802 0.0 0.0 0.0 1.0 0.0 0.0 0.0 0.0
56.54644895 38.99619802 0.0 0.0 0.0 1.0 0.0 0.0 0.0 0.0
51.54644895 43.99619802 0.0 0.0 1.0 0.0 0.0 0.0 0.0 0.0
51.54644895 48.99619802 0.0 0.0 1.0 0.0 0.0 0.0 0.0 0.0
51.54644895 53.99619802 0.0 0.0 1.0 0.0 0.0 0.0 0.0 0.0
51.54644895 58.99619802 0.0 1.0 0.0 0.0 0.0 0.0 0.0 0.0
56.54644895 63.99619802 0.0 1.0 0.0 0.0 0.0 0.0 0.0 0.0
61.54644895 68.99619802 0.0 1.0 0.0 0.0 0.0 0.0 0.0 0.0
66.54644895 73.99619802 0.0 1.0 0.0 0.0 0.0 0.0 0.0 0.0
71.54644895 78.99619802 1.0 0.0 0.0 0.0 0.0 0.0 0.0 0.0
76.54644895 78.99619802 1.0 0.0 0.0 0.0 0.0 0.0 0.0 0.0
81.54644895 78.99619802 0.0 1.0 0.0 0.0 0.0 0.0 0.0 0.0
86.54644895 83.99619802 0.0 1.0 0.0 0.0 0.0 0.0 0.0 0.0
91.54644895 88.99619802 0.0 0.0 1.0 0.0 0.0 0.0 0.0 0.0
91.54644895 93.99619802 0.0 1.0 0.0 0.0 0.0 0.0 0.0 0.0
