67.88941844 98.29838402 0.0 0.0 0.0 0.0 0.0 1.0 0.0 0.0
62.88941844 93.29838402 0.0 0.0 0.0 0.0 0.0 1.0 0.0 0.0
57.88941844 88.29838402 0.0 0.0 0.0 0.0 0.0 0.0 1.0 0.0
57.88941844 83.29838402 0.0 0.0 0.0 0.0 0.0 0.0 1.0 0.0
57.88941844 78.29838402 0.0 0.0 0.0 0.0 0.0 0.0 1.0 0.0
57.88941844 73.29838402 0.0 0.0 0.0 0.0 0.0 0.0 1.0 0.0
57.88941844 68.29838402 0.0 0.0 0.0 0.0 0.0 0.0 1.0 0.0
57.88941844 63.29838402 0.0 0.0 0.0 0.0 0.0 0.0 1.0 0.0
57.88941844 58.29838402 0.0 0.0 0.0 0.0 0.0 0.0 1.0 0.0
57.88941844 53.29838402 0.0 0.0 0.0 0.0 0.0 1.0 0.0 0.0
52.88941844 48.29838402 0.0 0.0 0.0 0.0 0.0 1.0 0.0 0.0
47.88941844 43.29838402 0.0 0.0 0.0 0.0 0.0 1.0 0.0 0.0
42.88941844 38.29838402 0.0 0.0 0.0 0.0 1.0 0.0 0.0 0.0
37.88941844 38.29838402 0.0 0.0 0.0 0.0 1.0 0.0 0.0 0.0
32.88941844 38.29838402 0.0 0.0 0.0 0.0 1.0 0.0 0.0 0.0
27.88941844 38.29838402 0.0 0.0 0.0 0.0 1.0 0.0 0.0 0.0
22.88941844 38.29838402 0.0 0.0 0.0 0.0 0.0 1.0 0.0 0.0
17.88941844 33.29838402 0.0 0.0 0.0 0.0 0.0 1.0 0.0 0.0
