10.24513492 46.65717052 1.0 0.0 0.0 0.0 0.0 0.0 0.0 0.0
15.24513492 46.65717052 1.0 0.0 0.0 0.0 0.0 0.0 0.0 0.0
20.24513492 46.65717052 1.0 0.0 0.0 0.0 0.0 0.0 0.0 0.0
25.24513492 46.65717052 1.0 0.0 0.0 0.0 0.0 0.0 0.0 0.0
30.24513492 46.65717052 1.0 0.0 0.0 0.0 0.0 0.0 0.0 0.0
35.24513492 46.65717052 1.0 0.0 0.0 0.0 0.0 0.0 0.0 0.0
40.24513492 46.65717052 1.0 0.0 0.0 0.0 0.0 0.0 0.0 0.0
45.24513492 46.65717052 1.0 0.0 0.0 0.0 0.0 0.0 0.0 0.0
50.24513492 46.65717052 0.0 0.0 0.0 0.0 0.0 0.0 0.0 1.0
55.24513492 41.65717052 1.0 0.0 0.0 0.0 0.0 0.0 0.0 0.0
60.24513492 41.65717052 1.0 0.0 0.0 0.0 0.0 0.0 0.0 0.0
65.24513492 41.65717052 1.0 0.0 0.0 0.0 0.0 0.0 0.0 0.0
70.24513492 41.65717052 1.0 0.0 0.0 0.0 0.0 0.0 0.0 0.0
75.24513492 41.65717052 1.0 0.0 0.0 0.0 0.0 0.0 0.0 0.0
80.24513492 41.65717052 0.0 1.0 0.0 0.0 0.0 0.0 0.0 0.0
85.24513492 46.65717052 1.0 0.0 0.0 0.0 0.0 0.0 0.0 0.0
90.24513492 46.65717052 0.0 1.0 0.0 0.0 0.0 0.0 0.0 0.0
