50.20098106 83.79447352 0.0 0.0 0.0 0.0 1.0 0.0 0.0 0.0
45.20098106 83.79447352 0.0 0.0 0.0 1.0 0.0 0.0 0.0 0.0
40.20098106 88.79447352 0.0 0.0 0.0 1.0 0.0 0.0 0.0 0.0
35.20098106 93.79447352 0.0 0.0 0.0 1.0 0.0 0.0 0.0 0.0
30.20098106 98.79447352 0.0 0.0 0.0 0.0 1.0 0.0 0.0 0.0
25.20098106 98.79447352 0.0 0.0 0.0 0.0 1.0 0.0 0.0 0.0
20.20098106 98.79447352 0.0 0.0 0.0 0.0 1.0 0.0 0.0 0.0
15.20098106 98.79447352 0.0 0.0 0.0 0.0 0.0 1.0 0.0 0.0
10.20098106 93.79447352 0.0 0.0 0.0 0.0 0.0 1.0 0.0 0.0
5.20098106 88.79447352 0.0 0.0 0.0 0.0 0.0 0.0 1.0 0.0
5.20098106 83.79447352 0.0 0.0 0.0 0.0 0.0 0.0 1.0 0.0
5.20098106 78.79447352 0.0 0.0 0.0 0.0 0.0 0.0 1.0 0.0
5.20098106 73.79447352 0.0 0.0 0.0 0.0 0.0 0.0 1.0 0.0
5.20098106 68.79447352 0.0 0.0 0.0 0.0 0.0 0.0 1.0 0.0
5.20098106 63.79447352 0.0 0.0 0.0 0.0 0.0 0.0 1.0 0.0
5.20098106 58.79447352 0.0 0.0 0.0 0.0 0.0 0.0 0.0 1.0
10.20098106 53.79447352 0.0 0.0 0.0 0.0 0.0 0.0 1.0 0.0
10.20098106 48.79447352 0.0 0.0 0.0 0.0 0.0 0.0 0.0 1.0
15.20098106 43.79447352 0.0 0.0 0.0 0.0 0.0 0.0 1.0 0.0
15.20098106 38.79447352 0.0 0.0 0.0 0.0 0.0 0.0 0.0 1.0
20.20098106 33.79447352 0.0 0.0 0.0 0.0 0.0 0.0 1.0 0.0
20.20098106 28.79447352 0.0 0.0 0.0 0.0 0.0 0.0 1.0 0.0
20.20098106 23.79447352 0.0 0.0 0.0 0.0 0.0 0.0 0.0 1.0
25.20098106 18.79447352 0.0 0.0 0.0 0.0 0.0 0.0 1.0 0.0
25.20098106 13.79447352 0.0 0.0 0.0 0.0 0.0 0.0 0.0 1.0
30.20098106 8.79447352 0.0 0.0 0.0 0.0 0.0 0.0 1.0 0.0
30.20098106 3.79447352 0.0 0.0 0.0 0.0 0.0 0.0 0.0 1.0
