0.6551533 33.24096479 1.0 0.0 0.0 0.0 0.0 0.0 0.0 0.0
5.6551533 33.24096479 0.0 0.0 0.0 0.0 0.0 0.0 0.0 1.0
10.6551533 28.24096479 0.0 0.0 0.0 0.0 0.0 0.0 0.0 1.0
15.6551533 23.24096479 0.0 0.0 0.0 0.0 0.0 0.0 0.0 1.0
20.6551533 18.24096479 0.0 0.0 0.0 0.0 0.0 0.0 0.0 1.0
25.6551533 13.24096479 0.0 0.0 0.0 0.0 0.0 0.0 0.0 1.0
30.6551533 8.24096479 1.0 0.0 0.0 0.0 0.0 0.0 0.0 0.0
35.6551533 8.24096479 1.0 0.0 0.0 0.0 0.0 0.0 0.0 0.0
40.6551533 8.24096479 1.0 0.0 0.0 0.0 0.0 0.0 0.0 0.0
45.6551533 8.24096479 0.0 1.0 0.0 0.0 0.0 0.0 0.0 0.0
50.6551533 13.24096479 0.0 1.0 0.0 0.0 0.0 0.0 0.0 0.0
55.6551533 18.24096479 1.0 0.0 0.0 0.0 0.0 0.0 0.0 0.0
60.6551533 18.24096479 1.0 0.0 0.0 0.0 0.0 0.0 0.0 0.0
65.6551533 18.24096479 1.0 0.0 0.0 0.0 0.0 0.0 0.0 0.0
70.6551533 18.24096479 0.0 1.0 0.0 0.0 0.0 0.0 0.0 0.0
75.6551533 23.24096479 1.0 0.0 0.0 0.0 0.0 0.0 0.0 0.0
80.6551533 23.24096479 0.0 1.0 0.0 0.0 0.0 0.0 0.0 0.0
85.6551533 28.24096479 0.0 0.0 1.0 0.0 0.0 0.0 0.0 0.0
85.6551533 33.24096479 0.0 1.0 0.0 0.0 0.0 0.0 0.0 0.0
