83.75037875 82.46328825 0.0 0.0 0.0 1.0 0.0 0.0 0.0 0.0
78.75037875 87.46328825 0.0 0.0 0.0 1.0 0.0 0.0 0.0 0.0
73.75037875 92.46328825 0.0 0.0 0.0 1.0 0.0 0.0 0.0 0.0
68.75037875 97.46328825 0.0 0.0 0.0 0.0 1.0 0.0 0.0 0.0
63.75037875 97.46328825 0.0 0.0 0.0 0.0 1.0 0.0 0.0 0.0
58.75037875 97.46328825 0.0 0.0 0.0 0.0 0.0 1.0 0.0 0.0
53.75037875 92.46328825 0.0 0.0 0.0 0.0 0.0 1.0 0.0 0.0
48.75037875 87.46328825 0.0 0.0 0.0 0.0 0.0 0.0 1.0 0.0
48.75037875 82.46328825 0.0 0.0 0.0 0.0 0.0 0.0 1.0 0.0
48.75037875 77.46328825 0.0 0.0 0.0 0.0 0.0 0.0 1.0 0.0
48.75037875 72.46328825 0.0 0.0 0.0 0.0 0.0 1.0 0.0 0.0
43.75037875 67.46328825 0.0 0.0 0.0 0.0 0.0 0.0 1.0 0.0
43.75037875 62.46328825 0.0 0.0 0.0 0.0 0.0 1.0 0.0 0.0
38.75037875 57.46328825 0.0 0.0 0.0 0.0 0.0 0.0 1.0 0.0
38.75037875 52.46328825 0.0 0.0 0.0 0.0 0.0 1.0 0.0 0.0
33.75037875 47.46328825 0.0 0.0 0.0 1.0 0.0 0.0 0.0 0.0
