41.03833076 96.58830352 0.0 0.0 0.0 0.0 0.0 0.0 1.0 0.0
41.03833076 91.58830352 0.0 0.0 0.0 0.0 0.0 1.0 0.0 0.0
36.03833076 86.58830352 0.0 0.0 0.0 0.0 0.0 1.0 0.0 0.0
31.03833076 81.58830352 0.0 0.0 0.0 0.0 0.0 1.0 0.0 0.0
26.03833076 76.58830352 0.0 0.0 0.0 0.0 0.0 0.0 1.0 0.0
26.03833076 71.58830352 0.0 0.0 0.0 0.0 0.0 0.0 1.0 0.0
26.03833076 66.58830352 0.0 0.0 0.0 0.0 0.0 0.0 1.0 0.0
26.03833076 61.58830352 0.0 0.0 0.0 0.0 0.0 0.0 0.0 1.0
31.03833076 56.58830352 0.0 0.0 0.0 0.0 0.0 0.0 0.0 1.0
36.03833076 51.58830352 0.0 0.0 0.0 0.0 0.0 0.0 0.0 1.0
41.03833076 46.58830352 0.0 0.0 0.0 0.0 0.0 0.0 0.0 1.0
46.03833076 41.58830352 0.0 0.0 0.0 0.0 0.0 0.0 0.0 1.0
51.03833076 36.58830352 0.0 0.0 0.0 0.0 0.0 0.0 0.0 1.0
56.03833076 31.58830352 0.0 0.0 0.0 0.0 0.0 0.0 0.0 1.0
61.03833076 26.58830352 0.0 0.0 0.0 0.0 0.0 0.0 0.0 1.0
66.03833076 21.58830352 0.0 0.0 0.0 0.0 0.0 0.0 0.0 1.0
71.03833076 16.58830352 1.0 0.0 0.0 0.0 0.0 0.0 0.0 0.0
76.03833076 16.58830352 0.0 0.0 0.0 0.0 0.0 0.0 0.0 1.0
