59.7642788 20.1060026 0.0 0.0 1.0 0.0 0.0 0.0 0.0 0.0
59.7642788 25.1060026 0.0 0.0 1.0 0.0 0.0 0.0 0.0 0.0
59.7642788 30.1060026 0.0 0.0 1.0 0.0 0.0 0.0 0.0 0.0
59.7642788 35.1060026 0.0 0.0 1.0 0.0 0.0 0.0 0.0 0.0
59.7642788 40.1060026 0.0 0.0 1.0 0.0 0.0 0.0 0.0 0.0
59.7642788 45.1060026 0.0 0.0 1.0 0.0 0.0 0.0 0.0 0.0
59.7642788 50.1060026 0.0 0.0 1.0 0.0 0.0 0.0 0.0 0.0
59.7642788 55.1060026 0.0 1.0 0.0 0.0 0.0 0.0 0.0 0.0
64.7642788 60.1060026 0.0 0.0 1.0 0.0 0.0 0.0 0.0 0.0
64.7642788 65.1060026 0.0 0.0 1.0 0.0 0.0 0.0 0.0 0.0
64.7642788 70.1060026 0.0 0.0 1.0 0.0 0.0 0.0 0.0 0.0
64.7642788 75.1060026 0.0 0.0 1.0 0.0 0.0 0.0 0.0 0.0
64.7642788 80.1060026 0.0 0.0 0.0 1.0 0.0 0.0 0.0 0.0
59.7642788 85.1060026 0.0 0.0 0.0 0.0 1.0 0.0 0.0 0.0
54.7642788 85.1060026 0.0 0.0 0.0 0.0 1.0 0.0 0.0 0.0
49.7642788 85.1060026 0.0 0.0 0.0 0.0 1.0 0.0 0.0 0.0
44.7642788 85.1060026 0.0 0.0 0.0 0.0 1.0 0.0 0.0 0.0
39.7642788 85.1060026 0.0 0.0 0.0 0.0 1.0 0.0 0.0 0.0
34.7642788 85.1060026 0.0 0.0 0.0 0.0 1.0 0.0 0.0 0.0
29.7642788 85.1060026 0.0 0.0 0.0 0.0 1.0 0.0 0.0 0.0
24.7642788 85.1060026 0.0 0.0 0.0 0.0 1.0 0.0 0.0 0.0
19.7642788 85.1060026 0.0 0.0 0.0 0.0 1.0 0.0 0.0 0.0
14.7642788 85.1060026 0.0 0.0 0.0 1.0 0.0 0.0 0.0 0.0
9.7642788 90.1060026 0.0 0.0 0.0 1.0 0.0 0.0 0.0 0.0
