51.22719936 6.53593405 0.0 0.0 1.0 0.0 0.0 0.0 0.0 0.0
51.22719936 11.53593405 0.0 0.0 1.0 0.0 0.0 0.0 0.0 0.0
51.22719936 16.53593405 0.0 0.0 1.0 0.0 0.0 0.0 0.0 0.0
51.22719936 21.53593405 0.0 0.0 1.0 0.0 0.0 0.0 0.0 0.0
51.22719936 26.53593405 0.0 0.0 1.0 0.0 0.0 0.0 0.0 0.0
51.22719936 31.53593405 0.0 1.0 0.0 0.0 0.0 0.0 0.0 0.0
56.22719936 36.53593405 0.0 1.0 0.0 0.0 0.0 0.0 0.0 0.0
61.22719936 41.53593405 0.0 1.0 0.0 0.0 0.0 0.0 0.0 0.0
66.22719936 46.53593405 0.0 0.0 1.0 0.0 0.0 0.0 0.0 0.0
66.22719936 51.53593405 0.0 0.0 1.0 0.0 0.0 0.0 0.0 0.0
66.22719936 56.53593405 0.0 0.0 1.0 0.0 0.0 0.0 0.0 0.0
66.22719936 61.53593405 0.0 0.0 1.0 0.0 0.0 0.0 0.0 0.0
66.22719936 66.53593405 0.0 0.0 1.0 0.0 0.0 0.0 0.0 0.0
66.22719936 71.53593405 0.0 1.0 0.0 0.0 0.0 0.0 0.0 0.0
71.22719936 76.53593405 0.0 1.0 0.0 0.0 0.0 0.0 0.0 0.0
76.22719936 81.53593405 0.0 0.0 1.0 0.0 0.0 0.0 0.0 0.0
76.22719936 86.53593405 0.0 0.0 1.0 0.0 0.0 0.0 0.0 0.0
76.22719936 91.53593405 0.0 0.0 1.0 0.0 0.0 0.0 0.0 0.0
76.22719936 96.53593405 0.0 0.0 0.0 1.0 0.0 0.0 0.0 0.0
