73.79643143 96.404398 0.0 0.0 0.0 0.0 1.0 0.0 0.0 0.0
68.79643143 96.404398 0.0 0.0 0.0 0.0 1.0 0.0 0.0 0.0
63.79643143 96.404398 0.0 0.0 0.0 0.0 0.0 1.0 0.0 0.0
58.79643143 91.404398 0.0 0.0 0.0 0.0 1.0 0.0 0.0 0.0
53.79643143 91.404398 0.0 0.0 0.0 0.0 1.0 0.0 0.0 0.0
48.79643143 91.404398 0.0 0.0 0.0 0.0 1.0 0.0 0.0 0.0
43.79643143 91.404398 0.0 0.0 0.0 0.0 1.0 0.0 0.0 0.0
38.79643143 91.404398 0.0 0.0 0.0 0.0 0.0 1.0 0.0 0.0
33.79643143 86.404398 0.0 0.0 0.0 0.0 0.0 1.0 0.0 0.0
28.79643143 81.404398 0.0 0.0 0.0 0.0 0.0 1.0 0.0 0.0
23.79643143 76.404398 0.0 0.0 0.0 0.0 0.0 0.0 1.0 0.0
23.79643143 71.404398 0.0 0.0 0.0 0.0 0.0 0.0 1.0 0.0
23.79643143 66.404398 0.0 0.0 0.0 0.0 0.0 0.0 1.0 0.0
23.79643143 61.404398 0.0 0.0 0.0 0.0 0.0 0.0 1.0 0.0
23.79643143 56.404398 0.0 0.0 0.0 0.0 0.0 0.0 0.0 1.0
28.79643143 51.404398 0.0 0.0 0.0 0.0 0.0 0.0 0.0 1.0
33.79643143 46.404398 0.0 0.0 0.0 0.0 0.0 0.0 1.0 0.0
33.79643143 41.404398 0.0 0.0 0.0 0.0 0.0 0.0 1.0 0.0
33.79643143 36.404398 0.0 0.0 0.0 0.0 0.0 0.0 1.0 0.0
33.79643143 31.404398 0.0 0.0 0.0 0.0 0.0 0.0 1.0 0.0
33.79643143 26.404398 0.0 0.0 0.0 0.0 0.0 0.0 1.0 0.0
33.79643143 21.404398 0.0 0.0 0.0 0.0 0.0 0.0 1.0 0.0
33.79643143 16.404398 0.0 0.0 0.0 0.0 0.0 0.0 1.0 0.0
33.79643143 11.404398 0.0 0.0 0.0 0.0 0.0 0.0 0.0 1.0
