88.73355491 99.98887307 0.0 0.0 0.0 0.0 0.0 0.0 1.0 0.0
88.73355491 94.98887307 0.0 0.0 0.0 0.0 0.0 0.0 1.0 0.0
88.73355491 89.98887307 0.0 0.0 0.0 0.0 0.0 0.0 1.0 0.0
88.73355491 84.98887307 0.0 0.0 0.0 0.0 0.0 1.0 0.0 0.0
83.73355491 79.98887307 0.0 0.0 0.0 0.0 0.0 0.0 1.0 0.0
83.73355491 74.98887307 0.0 0.0 0.0 0.0 0.0 0.0 1.0 0.0
83.73355491 69.98887307 0.0 0.0 0.0 0.0 0.0 0.0 1.0 0.0
83.73355491 64.98887307 0.0 0.0 0.0 0.0 0.0 0.0 1.0 0.0
83.73355491 59.98887307 0.0 0.0 0.0 0.0 0.0 0.0 1.0 0.0
83.73355491 54.98887307 0.0 0.0 0.0 0.0 0.0 0.0 1.0 0.0
83.73355491 49.98887307 0.0 0.0 0.0 0.0 0.0 1.0 0.0 0.0
78.73355491 44.98887307 0.0 0.0 0.0 0.0 0.0 1.0 0.0 0.0
73.73355491 39.98887307 0.0 0.0 0.0 0.0 0.0 1.0 0.0 0.0
68.73355491 34.98887307 0.0 0.0 0.0 0.0 0.0 1.0 0.0 0.0
63.73355491 29.98887307 0.0 0.0 0.0 0.0 0.0 1.0 0.0 0.0
58.73355491 24.98887307 0.0 0.0 0.0 0.0 0.0 1.0 0.0 0.0
53.73355491 19.98887307 0.0 0.0 0.0 0.0 0.0 1.0 0.0 0.0
48.73355491 14.98887307 0.0 0.0 0.0 0.0 0.0 1.0 0.0 0.0
43.73355491 9.98887307 0.0 0.0 0.0 0.0 1.0 0.0 0.0 0.0
38.73355491 9.98887307 0.0 0.0 0.0 0.0 1.0 0.0 0.0 0.0
33.73355491 9.98887307 0.0 0.0 0.0 0.0 0.0 1.0 0.0 0.0
28.73355491 4.98887307 0.0 0.0 0.0 0.0 1.0 0.0 0.0 0.0
23.73355491 4.98887307 0.0 0.0 0.0 0.0 0.0 1.0 0.0 0.0
