44.48359136 26.41252993 0.0 0.0 0.0 1.0 0.0 0.0 0.0 0.0
39.48359136 31.41252993 0.0 0.0 0.0 1.0 0.0 0.0 0.0 0.0
34.48359136 36.41252993 0.0 0.0 0.0 1.0 0.0 0.0 0.0 0.0
29.48359136 41.41252993 0.0 0.0 0.0 1.0 0.0 0.0 0.0 0.0
24.48359136 46.41252993 0.0 0.0 0.0 1.0 0.0 0.0 0.0 0.0
19.48359136 51.41252993 0.0 0.0 1.0 0.0 0.0 0.0 0.0 0.0
19.48359136 56.41252993 0.0 0.0 1.0 0.0 0.0 0.0 0.0 0.0
19.48359136 61.41252993 0.0 0.0 0.0 1.0 0.0 0.0 0.0 0.0
14.48359136 66.41252993 0.0 0.0 0.0 1.0 0.0 0.0 0.0 0.0
9.48359136 71.41252993 0.0 0.0 1.0 0.0 0.0 0.0 0.0 0.0
9.48359136 76.41252993 0.0 0.0 0.0 1.0 0.0 0.0 0.0 0.0
4.48359136 81.41252993 0.0 0.0 0.0 1.0 0.0 0.0 0.0 0.0
