68.39875857 81.30216286 0.0 0.0 0.0 0.0 0.0 1.0 0.0 0.0
63.39875857 76.30216286 0.0 0.0 0.0 0.0 1.0 0.0 0.0 0.0
58.39875857 76.30216286 0.0 0.0 0.0 0.0 1.0 0.0 0.0 0.0
53.39875857 76.30216286 0.0 0.0 0.0 0.0 0.0 1.0 0.0 0.0
48.39875857 71.30216286 0.0 0.0 0.0 0.0 0.0 1.0 0.0 0.0
43.39875857 66.30216286 0.0 0.0 0.0 0.0 0.0 0.0 1.0 0.0
43.39875857 61.30216286 0.0 0.0 0.0 0.0 0.0 0.0 1.0 0.0
43.39875857 56.30216286 0.0 0.0 0.0 0.0 0.0 0.0 1.0 0.0
43.39875857 51.30216286 0.0 0.0 0.0 0.0 0.0 0.0 1.0 0.0
43.39875857 46.30216286 0.0 0.0 0.0 0.0 0.0 0.0 1.0 0.0
43.39875857 41.30216286 0.0 0.0 0.0 0.0 0.0 0.0 1.0 0.0
43.39875857 36.30216286 0.0 0.0 0.0 0.0 0.0 0.0 1.0 0.0
43.39875857 31.30216286 0.0 0.0 0.0 0.0 0.0 0.0 1.0 0.0
43.39875857 26.30216286 0.0 0.0 0.0 0.0 0.0 0.0 1.0 0.0
43.39875857 21.30216286 0.0 0.0 0.0 0.0 0.0 0.0 1.0 0.0
43.39875857 16.30216286 0.0 0.0 0.0 0.0 0.0 1.0 0.0 0.0
38.39875857 11.30216286 0.0 0.0 0.0 0.0 0.0 1.0 0.0 0.0
33.39875857 6.30216286 0.0 0.0 0.0 0.0 1.0 0.0 0.0 0.0
28.39875857 6.30216286 0.0 0.0 0.0 0.0 0.0 1.0 0.0 0.0
