99.52762388 36.87653543 0.0 0.0 0.0 0.0 1.0 0.0 0.0 0.0
94.52762388 36.87653543 0.0 0.0 0.0 0.0 0.0 1.0 0.0 0.0
89.52762388 31.87653543 0.0 0.0 0.0 0.0 0.0 1.0 0.0 0.0
84.52762388 26.87653543 0.0 0.0 0.0 0.0 0.0 1.0 0.0 0.0
79.52762388 21.87653543 0.0 0.0 0.0 0.0 0.0 1.0 0.0 0.0
74.52762388 16.87653543 0.0 0.0 0.0 0.0 0.0 1.0 0.0 0.0
69.52762388 11.87653543 0.0 0.0 0.0 0.0 0.0 1.0 0.0 0.0
64.52762388 6.87653543 0.0 0.0 0.0 0.0 0.0 1.0 0.0 0.0
59.52762388 1.87653543 0.0 0.0 0.0 0.0 1.0 0.0 0.0 0.0
54.52762388 1.87653543 0.0 0.0 0.0 0.0 1.0 0.0 0.0 0.0
49.52762388 1.87653543 0.0 0.0 0.0 1.0 0.0 0.0 0.0 0.0
44.52762388 6.87653543 0.0 0.0 0.0 1.0 0.0 0.0 0.0 0.0
39.52762388 11.87653543 0.0 0.0 0.0 1.0 0.0 0.0 0.0 0.0
34.52762388 16.87653543 0.0 0.0 1.0 0.0 0.0 0.0 0.0 0.0
34.52762388 21.87653543 0.0 0.0 1.0 0.0 0.0 0.0 0.0 0.0
34.52762388 26.87653543 0.0 0.0 1.0 0.0 0.0 0.0 0.0 0.0
34.52762388 31.87653543 0.0 0.0 1.0 0.0 0.0 0.0 0.0 0.0
34.52762388 36.87653543 0.0 0.0 0.0 1.0 0.0 0.0 0.0 0.0
29.52762388 41.87653543 0.0 0.0 0.0 1.0 0.0 0.0 0.0 0.0
24.52762388 46.87653543 0.0 0.0 1.0 0.0 0.0 0.0 0.0 0.0
24.52762388 51.87653543 0.0 0.0 1.0 0.0 0.0 0.0 0.0 0.0
24.52762388 56.87653543 0.0 0.0 1.0 0.0 0.0 0.0 0.0 0.0
24.52762388 61.87653543 0.0 0.0 1.0 0.0 0.0 0.0 0.0 0.0
24.52762388 66.87653543 0.0 0.0 1.0 0.0 0.0 0.0 0.0 0.0
24.52762388 71.87653543 0.0 0.0 1.0 0.0 0.0 0.0 0.0 0.0
24.52762388 76.87653543 0.0 0.0 1.0 0.0 0.0 0.0 0.0 0.0
24.52762388 81.87653543 0.0 0.0 1.0 0.0 0.0 0.0 0.0 0.0
24.52762388 86.87653543 0.0 0.0 0.0 1.0 0.0 0.0 0.0 0.0
