4.20361804 46.92852681 1.0 0.0 0.0 0.0 0.0 0.0 0.0 0.0
9.20361804 46.92852681 0.0 1.0 0.0 0.0 0.0 0.0 0.0 0.0
14.20361804 51.92852681 1.0 0.0 0.0 0.0 0.0 0.0 0.0 0.0
19.20361804 51.92852681 1.0 0.0 0.0 0.0 0.0 0.0 0.0 0.0
24.20361804 51.92852681 1.0 0.0 0.0 0.0 0.0 0.0 0.0 0.0
29.20361804 51.92852681 1.0 0.0 0.0 0.0 0.0 0.0 0.0 0.0
34.20361804 51.92852681 0.0 1.0 0.0 0.0 0.0 0.0 0.0 0.0
39.20361804 56.92852681 0.0 1.0 0.0 0.0 0.0 0.0 0.0 0.0
44.20361804 61.92852681 0.0 1.0 0.0 0.0 0.0 0.0 0.0 0.0
49.20361804 66.92852681 1.0 0.0 0.0 0.0 0.0 0.0 0.0 0.0
54.20361804 66.92852681 0.0 1.0 0.0 0.0 0.0 0.0 0.0 0.0
59.20361804 71.92852681 1.0 0.0 0.0 0.0 0.0 0.0 0.0 0.0
64.20361804 71.92852681 0.0 1.0 0.0 0.0 0.0 0.0 0.0 0.0
69.20361804 76.92852681 1.0 0.0 0.0 0.0 0.0 0.0 0.0 0.0
74.20361804 76.92852681 0.0 1.0 0.0 0.0 0.0 0.0 0.0 0.0
