55.41320469 4.54474506 0.0 0.0 0.0 1.0 0.0 0.0 0.0 0.0
50.41320469 9.54474506 0.0 0.0 0.0 0.0 1.0 0.0 0.0 0.0
45.41320469 9.54474506 0.0 0.0 0.0 0.0 1.0 0.0 0.0 0.0
40.41320469 9.54474506 0.0 0.0 0.0 1.0 0.0 0.0 0.0 0.0
35.41320469 14.54474506 0.0 0.0 0.0 1.0 0.0 0.0 0.0 0.0
30.41320469 19.54474506 0.0 0.0 0.0 1.0 0.0 0.0 0.0 0.0
25.41320469 24.54474506 0.0 0.0 1.0 0.0 0.0 0.0 0.0 0.0
25.41320469 29.54474506 0.0 0.0 0.0 1.0 0.0 0.0 0.0 0.0
20.41320469 34.54474506 0.0 0.0 0.0 1.0 0.0 0.0 0.0 0.0
15.41320469 39.54474506 0.0 0.0 0.0 1.0 0.0 0.0 0.0 0.0
10.41320469 44.54474506 0.0 0.0 1.0 0.0 0.0 0.0 0.0 0.0
10.41320469 49.54474506 0.0 0.0 1.0 0.0 0.0 0.0 0.0 0.0
10.41320469 54.54474506 0.0 0.0 1.0 0.0 0.0 0.0 0.0 0.0
10.41320469 59.54474506 0.0 0.0 1.0 0.0 0.0 0.0 0.0 0.0
10.41320469 64.54474506 0.0 1.0 0.0 0.0 0.0 0.0 0.0 0.0
15.41320469 69.54474506 0.0 0.0 0.0 1.0 0.0 0.0 0.0 0.0
