79.42758723 0.69282395 0.0 0.0 0.0 1.0 0.0 0.0 0.0 0.0
74.42758723 5.69282395 0.0 0.0 1.0 0.0 0.0 0.0 0.0 0.0
74.42758723 10.69282395 0.0 0.0 0.0 1.0 0.0 0.0 0.0 0.0
69.42758723 15.69282395 0.0 0.0 1.0 0.0 0.0 0.0 0.0 0.0
69.42758723 20.69282395 0.0 0.0 0.0 1.0 0.0 0.0 0.0 0.0
64.42758723 25.69282395 0.0 0.0 1.0 0.0 0.0 0.0 0.0 0.0
64.42758723 30.69282395 0.0 0.0 1.0 0.0 0.0 0.0 0.0 0.0
64.42758723 35.69282395 0.0 0.0 1.0 0.0 0.0 0.0 0.0 0.0
64.42758723 40.69282395 0.0 0.0 1.0 0.0 0.0 0.0 0.0 0.0
64.42758723 45.69282395 0.0 0.0 1.0 0.0 0.0 0.0 0.0 0.0
64.42758723 50.69282395 0.0 0.0 1.0 0.0 0.0 0.0 0.0 0.0
64.42758723 55.69282395 0.0 0.0 0.0 1.0 0.0 0.0 0.0 0.0
59.42758723 60.69282395 0.0 0.0 0.0 1.0 0.0 0.0 0.0 0.0
54.42758723 65.69282395 0.0 0.0 0.0 1.0 0.0 0.0 0.0 0.0
49.42758723 70.69282395 0.0 0.0 0.0 1.0 0.0 0.0 0.0 0.0
44.42758723 75.69282395 0.0 0.0 0.0 1.0 0.0 0.0 0.0 0.0
39.42758723 80.69282395 0.0 0.0 1.0 0.0 0.0 0.0 0.0 0.0
39.42758723 85.69282395 0.0 0.0 0.0 1.0 0.0 0.0 0.0 0.0
34.42758723 90.69282395 0.0 1.0 0.0 0.0 0.0 0.0 0.0 0.0
