76.74420028 72.9914145 0.0 0.0 0.0 0.0 0.0 1.0 0.0 0.0
71.74420028 67.9914145 0.0 0.0 0.0 0.0 0.0 1.0 0.0 0.0
66.74420028 62.9914145 0.0 0.0 0.0 0.0 1.0 0.0 0.0 0.0
61.74420028 62.9914145 0.0 0.0 0.0 0.0 1.0 0.0 0.0 0.0
56.74420028 62.9914145 0.0 0.0 0.0 0.0 1.0 0.0 0.0 0.0
51.74420028 62.9914145 0.0 0.0 0.0 0.0 1.0 0.0 0.0 0.0
46.74420028 62.9914145 0.0 0.0 0.0 0.0 0.0 1.0 0.0 0.0
41.74420028 57.9914145 0.0 0.0 0.0 0.0 0.0 1.0 0.0 0.0
36.74420028 52.9914145 0.0 0.0 0.0 0.0 0.0 1.0 0.0 0.0
31.74420028 47.9914145 0.0 0.0 0.0 0.0 0.0 1.0 0.0 0.0
26.74420028 42.9914145 0.0 0.0 0.0 0.0 0.0 1.0 0.0 0.0
21.74420028 37.9914145 0.0 0.0 0.0 0.0 0.0 1.0 0.0 0.0
