5.67414528 69.3454244 1.0 0.0 0.0 0.0 0.0 0.0 0.0 0.0
10.67414528 69.3454244 0.0 1.0 0.0 0.0 0.0 0.0 0.0 0.0
15.67414528 74.3454244 1.0 0.0 0.0 0.0 0.0 0.0 0.0 0.0
20.67414528 74.3454244 1.0 0.0 0.0 0.0 0.0 0.0 0.0 0.0
25.67414528 74.3454244 1.0 0.0 0.0 0.0 0.0 0.0 0.0 0.0
30.67414528 74.3454244 1.0 0.0 0.0 0.0 0.0 0.0 0.0 0.0
35.67414528 74.3454244 0.0 0.0 0.0 0.0 0.0 0.0 0.0 1.0
40.67414528 69.3454244 0.0 0.0 0.0 0.0 0.0 0.0 0.0 1.0
45.67414528 64.3454244 0.0 0.0 0.0 0.0 0.0 0.0 0.0 1.0
50.67414528 59.3454244 0.0 0.0 0.0 0.0 0.0 0.0 0.0 1.0
55.67414528 54.3454244 0.0 0.0 0.0 0.0 0.0 0.0 0.0 1.0
60.67414528 49.3454244 0.0 0.0 0.0 0.0 0.0 0.0 0.0 1.0
65.67414528 44.3454244 0.0 0.0 0.0 0.0 0.0 0.0 0.0 1.0
70.67414528 39.3454244 0.0 0.0 0.0 0.0 0.0 0.0 0.0 1.0
75.67414528 34.3454244 0.0 0.0 0.0 0.0 0.0 0.0 0.0 1.0
80.67414528 29.3454244 0.0 0.0 0.0 0.0 0.0 0.0 0.0 1.0
85.67414528 24.3454244 0.0 0.0 0.0 0.0 0.0 0.0 0.0 1.0
90.67414528 19.3454244 0.0 0.0 0.0 0.0 0.0 0.0 0.0 1.0
95.67414528 14.3454244 0.0 0.0 0.0 0.0 0.0 0.0 0.0 1.0
