76.02703039 67.77627928 0.0 0.0 0.0 0.0 1.0 0.0 0.0 0.0
71.02703039 67.77627928 0.0 0.0 0.0 0.0 1.0 0.0 0.0 0.0
66.02703039 67.77627928 0.0 0.0 0.0 0.0 0.0 1.0 0.0 0.0
61.02703039 62.77627928 0.0 0.0 0.0 0.0 0.0 1.0 0.0 0.0
56.02703039 57.77627928 0.0 0.0 0.0 0.0 0.0 1.0 0.0 0.0
51.02703039 52.77627928 0.0 0.0 0.0 0.0 0.0 1.0 0.0 0.0
46.02703039 47.77627928 0.0 0.0 0.0 0.0 1.0 0.0 0.0 0.0
41.02703039 47.77627928 0.0 0.0 0.0 0.0 1.0 0.0 0.0 0.0
36.02703039 47.77627928 0.0 0.0 0.0 0.0 1.0 0.0 0.0 0.0
31.02703039 47.77627928 0.0 0.0 0.0 0.0 0.0 1.0 0.0 0.0
26.02703039 42.77627928 0.0 0.0 0.0 0.0 0.0 1.0 0.0 0.0
21.02703039 37.77627928 0.0 0.0 0.0 0.0 0.0 1.0 0.0 0.0
16.02703039 32.77627928 0.0 0.0 0.0 0.0 0.0 1.0 0.0 0.0
11.02703039 27.77627928 0.0 0.0 0.0 0.0 0.0 1.0 0.0 0.0
