7.25870035 32.72215963 1.0 0.0 0.0 0.0 0.0 0.0 0.0 0.0
12.25870035 32.72215963 1.0 0.0 0.0 0.0 0.0 0.0 0.0 0.0
17.25870035 32.72215963 1.0 0.0 0.0 0.0 0.0 0.0 0.0 0.0
22.25870035 32.72215963 1.0 0.0 0.0 0.0 0.0 0.0 0.0 0.0
27.25870035 32.72215963 1.0 0.0 0.0 0.0 0.0 0.0 0.0 0.0
32.25870035 32.72215963 1.0 0.0 0.0 0.0 0.0 0.0 0.0 0.0
37.25870035 32.72215963 0.0 0.0 0.0 0.0 0.0 0.0 0.0 1.0
42.25870035 27.72215963 0.0 0.0 0.0 0.0 0.0 0.0 0.0 1.0
47.25870035 22.72215963 1.0 0.0 0.0 0.0 0.0 0.0 0.0 0.0
52.25870035 22.72215963 1.0 0.0 0.0 0.0 0.0 0.0 0.0 0.0
57.25870035 22.72215963 1.0 0.0 0.0 0.0 0.0 0.0 0.0 0.0
62.25870035 22.72215963 1.0 0.0 0.0 0.0 0.0 0.0 0.0 0.0
67.25870035 22.72215963 1.0 0.0 0.0 0.0 0.0 0.0 0.0 0.0
72.25870035 22.72215963 1.0 0.0 0.0 0.0 0.0 0.0 0.0 0.0
77.25870035 22.72215963 0.0 1.0 0.0 0.0 0.0 0.0 0.0 0.0
82.25870035 27.72215963 0.0 1.0 0.0 0.0 0.0 0.0 0.0 0.0
87.25870035 32.72215963 0.0 0.0 0.0 0.0 0.0 0.0 0.0 1.0
