95.55778312 78.19202565 0.0 0.0 0.0 0.0 1.0 0.0 0.0 0.0
90.55778312 78.19202565 0.0 0.0 0.0 0.0 1.0 0.0 0.0 0.0
85.55778312 78.19202565 0.0 0.0 0.0 0.0 1.0 0.0 0.0 0.0
80.55778312 78.19202565 0.0 0.0 0.0 0.0 1.0 0.0 0.0 0.0
75.55778312 78.19202565 0.0 0.0 0.0 0.0 1.0 0.0 0.0 0.0
70.55778312 78.19202565 0.0 0.0 0.0 0.0 1.0 0.0 0.0 0.0
65.55778312 78.19202565 0.0 0.0 0.0 0.0 1.0 0.0 0.0 0.0
60.55778312 78.19202565 0.0 0.0 0.0 0.0 1.0 0.0 0.0 0.0
55.55778312 78.19202565 0.0 0.0 0.0 0.0 1.0 0.0 0.0 0.0
50.55778312 78.19202565 0.0 0.0 0.0 0.0 1.0 0.0 0.0 0.0
45.55778312 78.19202565 0.0 0.0 0.0 0.0 1.0 0.0 0.0 0.0
40.55778312 78.19202565 0.0 0.0 0.0 0.0 1.0 0.0 0.0 0.0
35.55778312 78.19202565 0.0 0.0 0.0 1.0 0.0 0.0 0.0 0.0
30.55778312 83.19202565 0.0 0.0 0.0 1.0 0.0 0.0 0.0 0.0
25.55778312 88.19202565 0.0 0.0 0.0 0.0 1.0 0.0 0.0 0.0
20.55778312 88.19202565 0.0 0.0 0.0 1.0 0.0 0.0 0.0 0.0
