23.34513218 83.06009061 0.0 1.0 0.0 0.0 0.0 0.0 0.0 0.0
28.34513218 88.06009061 1.0 0.0 0.0 0.0 0.0 0.0 0.0 0.0
33.34513218 88.06009061 0.0 1.0 0.0 0.0 0.0 0.0 0.0 0.0
38.34513218 93.06009061 1.0 0.0 0.0 0.0 0.0 0.0 0.0 0.0
43.34513218 93.06009061 0.0 1.0 0.0 0.0 0.0 0.0 0.0 0.0
48.34513218 98.06009061 1.0 0.0 0.0 0.0 0.0 0.0 0.0 0.0
53.34513218 98.06009061 1.0 0.0 0.0 0.0 0.0 0.0 0.0 0.0
58.34513218 98.06009061 1.0 0.0 0.0 0.0 0.0 0.0 0.0 0.0
63.34513218 98.06009061 1.0 0.0 0.0 0.0 0.0 0.0 0.0 0.0
68.34513218 98.06009061 1.0 0.0 0.0 0.0 0.0 0.0 0.0 0.0
73.34513218 98.06009061 0.0 0.0 0.0 0.0 0.0 0.0 0.0 1.0
78.34513218 93.06009061 0.0 1.0 0.0 0.0 0.0 0.0 0.0 0.0
