9.30961329 88.52527951 0.0 0.0 0.0 0.0 0.0 0.0 0.0 1.0
14.30961329 83.52527951 0.0 0.0 0.0 0.0 0.0 0.0 0.0 1.0
19.30961329 78.52527951 0.0 0.0 0.0 0.0 0.0 0.0 0.0 1.0
24.30961329 73.52527951 1.0 0.0 0.0 0.0 0.0 0.0 0.0 0.0
29.30961329 73.52527951 1.0 0.0 0.0 0.0 0.0 0.0 0.0 0.0
34.30961329 73.52527951 0.0 0.0 0.0 0.0 0.0 0.0 0.0 1.0
39.30961329 68.52527951 0.0 0.0 0.0 0.0 0.0 0.0 0.0 1.0
44.30961329 63.52527951 0.0 0.0 0.0 0.0 0.0 0.0 0.0 1.0
49.30961329 58.52527951 0.0 0.0 0.0 0.0 0.0 0.0 0.0 1.0
54.30961329 53.52527951 0.0 0.0 0.0 0.0 0.0 0.0 0.0 1.0
59.30961329 48.52527951 0.0 0.0 0.0 0.0 0.0 0.0 0.0 1.0
64.30961329 43.52527951 0.0 0.0 0.0 0.0 0.0 0.0 0.0 1.0
69.30961329 38.52527951 0.0 0.0 0.0 0.0 0.0 0.0 0.0 1.0
74.30961329 33.52527951 0.0 0.0 0.0 0.0 0.0 0.0 0.0 1.0
79.30961329 28.52527951 0.0 0.0 0.0 0.0 0.0 0.0 0.0 1.0
84.30961329 23.52527951 0.0 0.0 0.0 0.0 0.0 0.0 1.0 0.0
84.30961329 18.52527951 0.0 0.0 0.0 0.0 0.0 0.0 1.0 0.0
84.30961329 13.52527951 0.0 0.0 0.0 0.0 0.0 0.0 0.0 1.0
89.30961329 8.52527951 0.0 0.0 0.0 0.0 0.0 0.0 1.0 0.0
89.30961329 3.52527951 0.0 0.0 0.0 0.0 0.0 0.0 0.0 1.0
