92.19082454 45.92458533 0.0 0.0 0.0 1.0 0.0 0.0 0.0 0.0
87.19082454 50.92458533 0.0 0.0 0.0 0.0 1.0 0.0 0.0 0.0
82.19082454 50.92458533 0.0 0.0 0.0 1.0 0.0 0.0 0.0 0.0
77.19082454 55.92458533 0.0 0.0 0.0 0.0 1.0 0.0 0.0 0.0
72.19082454 55.92458533 0.0 0.0 0.0 0.0 1.0 0.0 0.0 0.0
67.19082454 55.92458533 0.0 0.0 0.0 0.0 1.0 0.0 0.0 0.0
62.19082454 55.92458533 0.0 0.0 0.0 0.0 1.0 0.0 0.0 0.0
57.19082454 55.92458533 0.0 0.0 0.0 0.0 1.0 0.0 0.0 0.0
52.19082454 55.92458533 0.0 0.0 0.0 0.0 1.0 0.0 0.0 0.0
47.19082454 55.92458533 0.0 0.0 0.0 1.0 0.0 0.0 0.0 0.0
42.19082454 60.92458533 0.0 0.0 0.0 1.0 0.0 0.0 0.0 0.0
37.19082454 65.92458533 0.0 0.0 0.0 1.0 0.0 0.0 0.0 0.0
32.19082454 70.92458533 0.0 0.0 0.0 1.0 0.0 0.0 0.0 0.0
27.19082454 75.92458533 0.0 0.0 0.0 1.0 0.0 0.0 0.0 0.0
22.19082454 80.92458533 0.0 0.0 0.0 0.0 1.0 0.0 0.0 0.0
17.19082454 80.92458533 0.0 0.0 0.0 1.0 0.0 0.0 0.0 0.0
