0.12427024 65.28193223 0.0 0.0 0.0 0.0 0.0 0.0 0.0 1.0
5.12427024 60.28193223 0.0 0.0 0.0 0.0 0.0 0.0 0.0 1.0
10.12427024 55.28193223 0.0 0.0 0.0 0.0 0.0 0.0 0.0 1.0
15.12427024 50.28193223 0.0 0.0 0.0 0.0 0.0 0.0 0.0 1.0
20.12427024 45.28193223 0.0 0.0 0.0 0.0 0.0 0.0 0.0 1.0
25.12427024 40.28193223 0.0 0.0 0.0 0.0 0.0 0.0 0.0 1.0
30.12427024 35.28193223 1.0 0.0 0.0 0.0 0.0 0.0 0.0 0.0
35.12427024 35.28193223 1.0 0.0 0.0 0.0 0.0 0.0 0.0 0.0
40.12427024 35.28193223 1.0 0.0 0.0 0.0 0.0 0.0 0.0 0.0
45.12427024 35.28193223 1.0 0.0 0.0 0.0 0.0 0.0 0.0 0.0
50.12427024 35.28193223 1.0 0.0 0.0 0.0 0.0 0.0 0.0 0.0
55.12427024 35.28193223 1.0 0.0 0.0 0.0 0.0 0.0 0.0 0.0
60.12427024 35.28193223 1.0 0.0 0.0 0.0 0.0 0.0 0.0 0.0
65.12427024 35.28193223 1.0 0.0 0.0 0.0 0.0 0.0 0.0 0.0
70.12427024 35.28193223 1.0 0.0 0.0 0.0 0.0 0.0 0.0 0.0
75.12427024 35.28193223 1.0 0.0 0.0 0.0 0.0 0.0 0.0 0.0
80.12427024 35.28193223 1.0 0.0 0.0 0.0 0.0 0.0 0.0 0.0
85.12427024 35.28193223 0.0 0.0 0.0 0.0 0.0 0.0 0.0 1.0
90.12427024 30.28193223 0.0 0.0 0.0 0.0 0.0 0.0 0.0 1.0
95.12427024 25.28193223 0.0 0.0 0.0 0.0 0.0 0.0 1.0 0.0
95.12427024 20.28193223 0.0 0.0 0.0 0.0 0.0 0.0 1.0 0.0
95.12427024 15.28193223 0.0 0.0 0.0 0.0 0.0 1.0 0.0 0.0
90.12427024 10.28193223 0.0 0.0 0.0 0.0 0.0 1.0 0.0 0.0
