51.80685946 20.5329565 0.0 0.0 0.0 1.0 0.0 0.0 0.0 0.0
46.80685946 25.5329565 0.0 0.0 0.0 1.0 0.0 0.0 0.0 0.0
41.80685946 30.5329565 0.0 0.0 0.0 1.0 0.0 0.0 0.0 0.0
36.80685946 35.5329565 0.0 0.0 1.0 0.0 0.0 0.0 0.0 0.0
36.80685946 40.5329565 0.0 0.0 1.0 0.0 0.0 0.0 0.0 0.0
36.80685946 45.5329565 0.0 0.0 1.0 0.0 0.0 0.0 0.0 0.0
36.80685946 50.5329565 0.0 0.0 1.0 0.0 0.0 0.0 0.0 0.0
36.80685946 55.5329565 0.0 0.0 0.0 1.0 0.0 0.0 0.0 0.0
31.80685946 60.5329565 0.0 0.0 0.0 1.0 0.0 0.0 0.0 0.0
26.80685946 65.5329565 0.0 0.0 0.0 1.0 0.0 0.0 0.0 0.0
21.80685946 70.5329565 0.0 0.0 0.0 1.0 0.0 0.0 0.0 0.0
16.80685946 75.5329565 0.0 0.0 0.0 1.0 0.0 0.0 0.0 0.0
11.80685946 80.5329565 0.0 0.0 0.0 1.0 0.0 0.0 0.0 0.0
