99.97821357 34.16977517 0.0 0.0 0.0 0.0 1.0 0.0 0.0 0.0
94.97821357 34.16977517 0.0 0.0 0.0 0.0 1.0 0.0 0.0 0.0
89.97821357 34.16977517 0.0 0.0 0.0 0.0 1.0 0.0 0.0 0.0
84.97821357 34.16977517 0.0 0.0 0.0 0.0 1.0 0.0 0.0 0.0
79.97821357 34.16977517 0.0 0.0 0.0 0.0 1.0 0.0 0.0 0.0
74.97821357 34.16977517 0.0 0.0 0.0 0.0 1.0 0.0 0.0 0.0
69.97821357 34.16977517 0.0 0.0 0.0 0.0 1.0 0.0 0.0 0.0
64.97821357 34.16977517 0.0 0.0 0.0 0.0 1.0 0.0 0.0 0.0
59.97821357 34.16977517 0.0 0.0 0.0 0.0 1.0 0.0 0.0 0.0
54.97821357 34.16977517 0.0 0.0 0.0 0.0 1.0 0.0 0.0 0.0
49.97821357 34.16977517 0.0 0.0 0.0 0.0 1.0 0.0 0.0 0.0
44.97821357 34.16977517 0.0 0.0 0.0 0.0 1.0 0.0 0.0 0.0
39.97821357 34.16977517 0.0 0.0 0.0 0.0 1.0 0.0 0.0 0.0
34.97821357 34.16977517 0.0 0.0 0.0 0.0 1.0 0.0 0.0 0.0
29.97821357 34.16977517 0.0 0.0 0.0 0.0 1.0 0.0 0.0 0.0
24.97821357 34.16977517 0.0 0.0 0.0 0.0 1.0 0.0 0.0 0.0
19.97821357 34.16977517 0.0 0.0 0.0 0.0 1.0 0.0 0.0 0.0
14.97821357 34.16977517 0.0 0.0 0.0 1.0 0.0 0.0 0.0 0.0
9.97821357 39.16977517 0.0 0.0 0.0 1.0 0.0 0.0 0.0 0.0
