77.86821871 94.11911792 0.0 0.0 0.0 0.0 0.0 0.0 1.0 0.0
77.86821871 89.11911792 0.0 0.0 0.0 0.0 0.0 0.0 1.0 0.0
77.86821871 84.11911792 0.0 0.0 0.0 0.0 0.0 0.0 1.0 0.0
77.86821871 79.11911792 0.0 0.0 0.0 0.0 0.0 0.0 1.0 0.0
77.86821871 74.11911792 0.0 0.0 0.0 0.0 0.0 0.0 1.0 0.0
77.86821871 69.11911792 0.0 0.0 0.0 0.0 0.0 1.0 0.0 0.0
72.86821871 64.11911792 0.0 0.0 0.0 0.0 0.0 1.0 0.0 0.0
67.86821871 59.11911792 0.0 0.0 0.0 0.0 0.0 1.0 0.0 0.0
62.86821871 54.11911792 0.0 0.0 0.0 0.0 0.0 0.0 1.0 0.0
62.86821871 49.11911792 0.0 0.0 0.0 0.0 0.0 0.0 1.0 0.0
62.86821871 44.11911792 0.0 0.0 0.0 0.0 0.0 0.0 1.0 0.0
62.86821871 39.11911792 0.0 0.0 0.0 0.0 0.0 0.0 1.0 0.0
62.86821871 34.11911792 0.0 0.0 0.0 0.0 0.0 0.0 0.0 1.0
67.86821871 29.11911792 0.0 0.0 0.0 0.0 0.0 0.0 1.0 0.0
67.86821871 24.11911792 0.0 0.0 0.0 0.0 0.0 0.0 0.0 1.0
