92.45558269 85.37101973 0.0 0.0 0.0 0.0 0.0 1.0 0.0 0.0
87.45558269 80.37101973 0.0 0.0 0.0 0.0 0.0 0.0 1.0 0.0
87.45558269 75.37101973 0.0 0.0 0.0 0.0 0.0 0.0 1.0 0.0
87.45558269 70.37101973 0.0 0.0 0.0 0.0 0.0 0.0 1.0 0.0
87.45558269 65.37101973 0.0 0.0 0.0 0.0 0.0 0.0 1.0 0.0
87.45558269 60.37101973 0.0 0.0 0.0 0.0 0.0 0.0 1.0 0.0
87.45558269 55.37101973 0.0 0.0 0.0 0.0 0.0 0.0 1.0 0.0
87.45558269 50.37101973 0.0 0.0 0.0 0.0 0.0 0.0 1.0 0.0
87.45558269 45.37101973 0.0 0.0 0.0 0.0 0.0 0.0 1.0 0.0
87.45558269 40.37101973 0.0 0.0 0.0 0.0 0.0 0.0 1.0 0.0
87.45558269 35.37101973 0.0 0.0 0.0 0.0 0.0 0.0 1.0 0.0
87.45558269 30.37101973 0.0 0.0 0.0 0.0 0.0 0.0 1.0 0.0
87.45558269 25.37101973 0.0 0.0 0.0 0.0 0.0 0.0 1.0 0.0
87.45558269 20.37101973 0.0 0.0 0.0 0.0 0.0 1.0 0.0 0.0
82.45558269 15.37101973 0.0 0.0 0.0 0.0 0.0 1.0 0.0 0.0
77.45558269 10.37101973 0.0 0.0 0.0 0.0 1.0 0.0 0.0 0.0
72.45558269 10.37101973 0.0 0.0 0.0 0.0 1.0 0.0 0.0 0.0
67.45558269 10.37101973 0.0 0.0 0.0 0.0 1.0 0.0 0.0 0.0
62.45558269 10.37101973 0.0 0.0 0.0 1.0 0.0 0.0 0.0 0.0
57.45558269 15.37101973 0.0 0.0 0.0 1.0 0.0 0.0 0.0 0.0
52.45558269 20.37101973 0.0 0.0 0.0 1.0 0.0 0.0 0.0 0.0
47.45558269 25.37101973 0.0 0.0 0.0 0.0 1.0 0.0 0.0 0.0
42.45558269 25.37101973 0.0 0.0 0.0 1.0 0.0 0.0 0.0 0.0
