49.44938144 63.59582784 0.0 0.0 0.0 0.0 0.0 0.0 1.0 0.0
49.44938144 58.59582784 0.0 0.0 0.0 0.0 0.0 0.0 1.0 0.0
49.44938144 53.59582784 0.0 0.0 0.0 0.0 0.0 0.0 1.0 0.0
49.44938144 48.59582784 0.0 0.0 0.0 0.0 0.0 0.0 1.0 0.0
49.44938144 43.59582784 0.0 0.0 0.0 0.0 0.0 0.0 0.0 1.0
54.44938144 38.59582784 0.0 0.0 0.0 0.0 0.0 0.0 1.0 0.0
54.44938144 33.59582784 0.0 0.0 0.0 0.0 0.0 0.0 0.0 1.0
59.44938144 28.59582784 1.0 0.0 0.0 0.0 0.0 0.0 0.0 0.0
64.44938144 28.59582784 0.0 0.0 0.0 0.0 0.0 0.0 0.0 1.0
69.44938144 23.59582784 1.0 0.0 0.0 0.0 0.0 0.0 0.0 0.0
74.44938144 23.59582784 0.0 0.0 0.0 0.0 0.0 0.0 0.0 1.0
79.44938144 18.59582784 1.0 0.0 0.0 0.0 0.0 0.0 0.0 0.0
84.44938144 18.59582784 0.0 0.0 0.0 0.0 0.0 0.0 0.0 1.0
89.44938144 13.59582784 1.0 0.0 0.0 0.0 0.0 0.0 0.0 0.0
94.44938144 13.59582784 0.0 0.0 0.0 0.0 0.0 0.0 0.0 1.0
