98.20381333 7.90284174 0.0 0.0 0.0 1.0 0.0 0.0 0.0 0.0
93.20381333 12.90284174 0.0 0.0 1.0 0.0 0.0 0.0 0.0 0.0
93.20381333 17.90284174 0.0 0.0 0.0 1.0 0.0 0.0 0.0 0.0
88.20381333 22.90284174 0.0 0.0 1.0 0.0 0.0 0.0 0.0 0.0
88.20381333 27.90284174 0.0 0.0 0.0 1.0 0.0 0.0 0.0 0.0
83.20381333 32.90284174 0.0 0.0 0.0 0.0 1.0 0.0 0.0 0.0
78.20381333 32.90284174 0.0 0.0 0.0 1.0 0.0 0.0 0.0 0.0
73.20381333 37.90284174 0.0 0.0 0.0 0.0 1.0 0.0 0.0 0.0
68.20381333 37.90284174 0.0 0.0 0.0 1.0 0.0 0.0 0.0 0.0
63.20381333 42.90284174 0.0 0.0 0.0 1.0 0.0 0.0 0.0 0.0
58.20381333 47.90284174 0.0 0.0 0.0 1.0 0.0 0.0 0.0 0.0
53.20381333 52.90284174 0.0 0.0 0.0 1.0 0.0 0.0 0.0 0.0
48.20381333 57.90284174 0.0 0.0 0.0 1.0 0.0 0.0 0.0 0.0
43.20381333 62.90284174 0.0 0.0 0.0 1.0 0.0 0.0 0.0 0.0
38.20381333 67.90284174 0.0 0.0 0.0 1.0 0.0 0.0 0.0 0.0
33.20381333 72.90284174 0.0 0.0 0.0 1.0 0.0 0.0 0.0 0.0
28.20381333 77.90284174 0.0 0.0 0.0 0.0 1.0 0.0 0.0 0.0
23.20381333 77.90284174 0.0 0.0 0.0 0.0 1.0 0.0 0.0 0.0
18.20381333 77.90284174 0.0 0.0 0.0 0.0 0.0 1.0 0.0 0.0
13.20381333 72.90284174 0.0 0.0 0.0 0.0 1.0 0.0 0.0 0.0
8.20381333 72.90284174 0.0 0.0 0.0 0.0 0.0 1.0 0.0 0.0
