25.87520062 89.41928795 0.0 0.0 0.0 0.0 0.0 0.0 0.0 1.0
30.87520062 84.41928795 0.0 0.0 0.0 0.0 0.0 0.0 0.0 1.0
35.87520062 79.41928795 0.0 0.0 0.0 0.0 0.0 0.0 0.0 1.0
40.87520062 74.41928795 0.0 0.0 0.0 0.0 0.0 0.0 0.0 1.0
45.87520062 69.41928795 0.0 0.0 0.0 0.0 0.0 0.0 0.0 1.0
50.87520062 64.41928795 1.0 0.0 0.0 0.0 0.0 0.0 0.0 0.0
55.87520062 64.41928795 1.0 0.0 0.0 0.0 0.0 0.0 0.0 0.0
60.87520062 64.41928795 1.0 0.0 0.0 0.0 0.0 0.0 0.0 0.0
65.87520062 64.41928795 1.0 0.0 0.0 0.0 0.0 0.0 0.0 0.0
70.87520062 64.41928795 0.0 0.0 0.0 0.0 0.0 0.0 0.0 1.0
75.87520062 59.41928795 0.0 0.0 0.0 0.0 0.0 0.0 0.0 1.0
80.87520062 54.41928795 0.0 0.0 0.0 0.0 0.0 1.0 0.0 0.0
