18.79251214 99.5804484 0.0 0.0 0.0 0.0 0.0 0.0 1.0 0.0
18.79251214 94.5804484 0.0 0.0 0.0 0.0 0.0 0.0 1.0 0.0
18.79251214 89.5804484 0.0 0.0 0.0 0.0 0.0 0.0 1.0 0.0
18.79251214 84.5804484 0.0 0.0 0.0 0.0 0.0 0.0 0.0 1.0
23.79251214 79.5804484 0.0 0.0 0.0 0.0 0.0 0.0 0.0 1.0
28.79251214 74.5804484 0.0 0.0 0.0 0.0 0.0 0.0 0.0 1.0
33.79251214 69.5804484 0.0 0.0 0.0 0.0 0.0 0.0 0.0 1.0
38.79251214 64.5804484 0.0 0.0 0.0 0.0 0.0 0.0 0.0 1.0
43.79251214 59.5804484 0.0 0.0 0.0 0.0 0.0 0.0 0.0 1.0
48.79251214 54.5804484 0.0 0.0 0.0 0.0 0.0 0.0 0.0 1.0
53.79251214 49.5804484 0.0 0.0 0.0 0.0 0.0 0.0 0.0 1.0
58.79251214 44.5804484 0.0 0.0 0.0 0.0 0.0 0.0 0.0 1.0
63.79251214 39.5804484 0.0 0.0 0.0 0.0 0.0 0.0 0.0 1.0
68.79251214 34.5804484 0.0 0.0 0.0 0.0 0.0 0.0 0.0 1.0
73.79251214 29.5804484 0.0 0.0 0.0 0.0 0.0 1.0 0.0 0.0
