38.26291973 13.84962192 0.0 1.0 0.0 0.0 0.0 0.0 0.0 0.0
43.26291973 18.84962192 0.0 1.0 0.0 0.0 0.0 0.0 0.0 0.0
48.26291973 23.84962192 0.0 1.0 0.0 0.0 0.0 0.0 0.0 0.0
53.26291973 28.84962192 0.0 1.0 0.0 0.0 0.0 0.0 0.0 0.0
58.26291973 33.84962192 0.0 1.0 0.0 0.0 0.0 0.0 0.0 0.0
63.26291973 38.84962192 0.0 1.0 0.0 0.0 0.0 0.0 0.0 0.0
68.26291973 43.84962192 0.0 1.0 0.0 0.0 0.0 0.0 0.0 0.0
73.26291973 48.84962192 0.0 0.0 1.0 0.0 0.0 0.0 0.0 0.0
73.26291973 53.84962192 0.0 1.0 0.0 0.0 0.0 0.0 0.0 0.0
78.26291973 58.84962192 0.0 0.0 1.0 0.0 0.0 0.0 0.0 0.0
78.26291973 63.84962192 0.0 0.0 1.0 0.0 0.0 0.0 0.0 0.0
78.26291973 68.84962192 0.0 1.0 0.0 0.0 0.0 0.0 0.0 0.0
83.26291973 73.84962192 0.0 1.0 0.0 0.0 0.0 0.0 0.0 0.0
88.26291973 78.84962192 0.0 0.0 1.0 0.0 0.0 0.0 0.0 0.0
88.26291973 83.84962192 0.0 1.0 0.0 0.0 0.0 0.0 0.0 0.0
93.26291973 88.84962192 0.0 0.0 0.0 1.0 0.0 0.0 0.0 0.0
