6.18967093 99.32252211 0.0 0.0 0.0 0.0 0.0 0.0 0.0 1.0
11.18967093 94.32252211 0.0 0.0 0.0 0.0 0.0 0.0 0.0 1.0
16.18967093 89.32252211 0.0 0.0 0.0 0.0 0.0 0.0 0.0 1.0
21.18967093 84.32252211 0.0 0.0 0.0 0.0 0.0 0.0 0.0 1.0
26.18967093 79.32252211 0.0 0.0 0.0 0.0 0.0 0.0 0.0 1.0
31.18967093 74.32252211 0.0 0.0 0.0 0.0 0.0 0.0 0.0 1.0
36.18967093 69.32252211 0.0 0.0 0.0 0.0 0.0 0.0 0.0 1.0
41.18967093 64.32252211 0.0 0.0 0.0 0.0 0.0 0.0 0.0 1.0
46.18967093 59.32252211 0.0 0.0 0.0 0.0 0.0 0.0 0.0 1.0
51.18967093 54.32252211 0.0 0.0 0.0 0.0 0.0 0.0 0.0 1.0
56.18967093 49.32252211 0.0 0.0 0.0 0.0 0.0 0.0 0.0 1.0
61.18967093 44.32252211 0.0 0.0 0.0 0.0 0.0 0.0 0.0 1.0
66.18967093 39.32252211 0.0 0.0 0.0 0.0 0.0 0.0 1.0 0.0
66.18967093 34.32252211 0.0 0.0 0.0 0.0 0.0 0.0 1.0 0.0
66.18967093 29.32252211 0.0 0.0 0.0 0.0 0.0 0.0 0.0 1.0
71.18967093 24.32252211 0.0 0.0 0.0 0.0 0.0 0.0 0.0 1.0
76.18967093 19.32252211 1.0 0.0 0.0 0.0 0.0 0.0 0.0 0.0
81.18967093 19.32252211 1.0 0.0 0.0 0.0 0.0 0.0 0.0 0.0
86.18967093 19.32252211 1.0 0.0 0.0 0.0 0.0 0.0 0.0 0.0
91.18967093 19.32252211 0.0 1.0 0.0 0.0 0.0 0.0 0.0 0.0
