61.67608069 89.35562754 0.0 0.0 0.0 0.0 0.0 1.0 0.0 0.0
56.67608069 84.35562754 0.0 0.0 0.0 0.0 0.0 1.0 0.0 0.0
51.67608069 79.35562754 0.0 0.0 0.0 0.0 0.0 1.0 0.0 0.0
46.67608069 74.35562754 0.0 0.0 0.0 0.0 0.0 1.0 0.0 0.0
41.67608069 69.35562754 0.0 0.0 0.0 0.0 0.0 1.0 0.0 0.0
36.67608069 64.35562754 0.0 0.0 0.0 0.0 0.0 1.0 0.0 0.0
31.67608069 59.35562754 0.0 0.0 0.0 0.0 0.0 1.0 0.0 0.0
26.67608069 54.35562754 0.0 0.0 0.0 0.0 0.0 1.0 0.0 0.0
21.67608069 49.35562754 0.0 0.0 0.0 0.0 0.0 0.0 1.0 0.0
21.67608069 44.35562754 0.0 0.0 0.0 0.0 0.0 0.0 1.0 0.0
21.67608069 39.35562754 0.0 0.0 0.0 0.0 0.0 0.0 1.0 0.0
21.67608069 34.35562754 0.0 0.0 0.0 0.0 0.0 1.0 0.0 0.0
16.67608069 29.35562754 0.0 0.0 0.0 0.0 1.0 0.0 0.0 0.0
11.67608069 29.35562754 0.0 0.0 0.0 0.0 0.0 1.0 0.0 0.0
