60.81929498 83.75884475 0.0 0.0 0.0 0.0 0.0 0.0 1.0 0.0
60.81929498 78.75884475 0.0 0.0 0.0 0.0 0.0 0.0 1.0 0.0
60.81929498 73.75884475 0.0 0.0 0.0 0.0 0.0 1.0 0.0 0.0
55.81929498 68.75884475 0.0 0.0 0.0 0.0 0.0 0.0 1.0 0.0
55.81929498 63.75884475 0.0 0.0 0.0 0.0 0.0 0.0 1.0 0.0
55.81929498 58.75884475 0.0 0.0 0.0 0.0 0.0 1.0 0.0 0.0
50.81929498 53.75884475 0.0 0.0 0.0 0.0 0.0 1.0 0.0 0.0
45.81929498 48.75884475 0.0 0.0 0.0 0.0 0.0 1.0 0.0 0.0
40.81929498 43.75884475 0.0 0.0 0.0 0.0 0.0 1.0 0.0 0.0
35.81929498 38.75884475 0.0 0.0 0.0 0.0 0.0 1.0 0.0 0.0
30.81929498 33.75884475 0.0 0.0 0.0 0.0 0.0 0.0 1.0 0.0
30.81929498 28.75884475 0.0 0.0 0.0 0.0 0.0 1.0 0.0 0.0
25.81929498 23.75884475 0.0 0.0 0.0 0.0 0.0 0.0 0.0 1.0
30.81929498 18.75884475 0.0 0.0 0.0 0.0 0.0 0.0 1.0 0.0
30.81929498 13.75884475 0.0 0.0 0.0 0.0 0.0 0.0 0.0 1.0
35.81929498 8.75884475 0.0 0.0 0.0 0.0 0.0 0.0 0.0 1.0
40.81929498 3.75884475 1.0 0.0 0.0 0.0 0.0 0.0 0.0 0.0
45.81929498 3.75884475 0.0 0.0 0.0 0.0 0.0 0.0 0.0 1.0
