93.13649884 53.86706207 0.0 0.0 0.0 0.0 0.0 1.0 0.0 0.0
88.13649884 48.86706207 0.0 0.0 0.0 0.0 0.0 1.0 0.0 0.0
83.13649884 43.86706207 0.0 0.0 0.0 0.0 0.0 1.0 0.0 0.0
78.13649884 38.86706207 0.0 0.0 0.0 0.0 0.0 1.0 0.0 0.0
73.13649884 33.86706207 0.0 0.0 0.0 0.0 0.0 1.0 0.0 0.0
68.13649884 28.86706207 0.0 0.0 0.0 0.0 0.0 0.0 1.0 0.0
68.13649884 23.86706207 0.0 0.0 0.0 0.0 0.0 1.0 0.0 0.0
63.13649884 18.86706207 0.0 0.0 0.0 0.0 0.0 1.0 0.0 0.0
58.13649884 13.86706207 0.0 0.0 0.0 0.0 1.0 0.0 0.0 0.0
53.13649884 13.86706207 0.0 0.0 0.0 0.0 1.0 0.0 0.0 0.0
48.13649884 13.86706207 0.0 0.0 0.0 1.0 0.0 0.0 0.0 0.0
43.13649884 18.86706207 0.0 0.0 0.0 1.0 0.0 0.0 0.0 0.0
38.13649884 23.86706207 0.0 0.0 0.0 1.0 0.0 0.0 0.0 0.0
33.13649884 28.86706207 0.0 0.0 0.0 1.0 0.0 0.0 0.0 0.0
28.13649884 33.86706207 0.0 0.0 0.0 1.0 0.0 0.0 0.0 0.0
23.13649884 38.86706207 0.0 0.0 0.0 1.0 0.0 0.0 0.0 0.0
18.13649884 43.86706207 0.0 0.0 1.0 0.0 0.0 0.0 0.0 0.0
18.13649884 48.86706207 0.0 0.0 1.0 0.0 0.0 0.0 0.0 0.0
18.13649884 53.86706207 0.0 0.0 0.0 1.0 0.0 0.0 0.0 0.0
13.13649884 58.86706207 0.0 0.0 1.0 0.0 0.0 0.0 0.0 0.0
13.13649884 63.86706207 0.0 0.0 0.0 1.0 0.0 0.0 0.0 0.0
8.13649884 68.86706207 0.0 0.0 0.0 1.0 0.0 0.0 0.0 0.0
