0.16648294 87.68857349 0.0 0.0 0.0 0.0 0.0 0.0 0.0 1.0
5.16648294 82.68857349 0.0 0.0 0.0 0.0 0.0 0.0 0.0 1.0
10.16648294 77.68857349 0.0 0.0 0.0 0.0 0.0 0.0 0.0 1.0
15.16648294 72.68857349 0.0 0.0 0.0 0.0 0.0 0.0 0.0 1.0
20.16648294 67.68857349 1.0 0.0 0.0 0.0 0.0 0.0 0.0 0.0
25.16648294 67.68857349 1.0 0.0 0.0 0.0 0.0 0.0 0.0 0.0
30.16648294 67.68857349 1.0 0.0 0.0 0.0 0.0 0.0 0.0 0.0
35.16648294 67.68857349 0.0 0.0 0.0 0.0 0.0 0.0 0.0 1.0
40.16648294 62.68857349 1.0 0.0 0.0 0.0 0.0 0.0 0.0 0.0
45.16648294 62.68857349 0.0 0.0 0.0 0.0 0.0 0.0 0.0 1.0
50.16648294 57.68857349 0.0 0.0 0.0 0.0 0.0 0.0 0.0 1.0
55.16648294 52.68857349 0.0 0.0 0.0 0.0 0.0 0.0 1.0 0.0
55.16648294 47.68857349 0.0 0.0 0.0 0.0 0.0 0.0 1.0 0.0
55.16648294 42.68857349 0.0 0.0 0.0 0.0 0.0 0.0 1.0 0.0
55.16648294 37.68857349 0.0 0.0 0.0 0.0 0.0 0.0 1.0 0.0
55.16648294 32.68857349 0.0 0.0 0.0 0.0 0.0 0.0 1.0 0.0
55.16648294 27.68857349 0.0 0.0 0.0 0.0 0.0 0.0 1.0 0.0
55.16648294 22.68857349 0.0 0.0 0.0 0.0 0.0 1.0 0.0 0.0
50.16648294 17.68857349 0.0 0.0 0.0 0.0 1.0 0.0 0.0 0.0
45.16648294 17.68857349 0.0 0.0 0.0 0.0 1.0 0.0 0.0 0.0
40.16648294 17.68857349 0.0 0.0 0.0 0.0 0.0 1.0 0.0 0.0
