89.10089484 46.27334357 0.0 0.0 0.0 0.0 1.0 0.0 0.0 0.0
84.10089484 46.27334357 0.0 0.0 0.0 0.0 1.0 0.0 0.0 0.0
79.10089484 46.27334357 0.0 0.0 0.0 0.0 0.0 1.0 0.0 0.0
74.10089484 41.27334357 0.0 0.0 0.0 0.0 0.0 1.0 0.0 0.0
69.10089484 36.27334357 0.0 0.0 0.0 0.0 0.0 1.0 0.0 0.0
64.10089484 31.27334357 0.0 0.0 0.0 0.0 0.0 1.0 0.0 0.0
59.10089484 26.27334357 0.0 0.0 0.0 0.0 0.0 1.0 0.0 0.0
54.10089484 21.27334357 0.0 0.0 0.0 0.0 0.0 1.0 0.0 0.0
49.10089484 16.27334357 0.0 0.0 0.0 0.0 1.0 0.0 0.0 0.0
44.10089484 16.27334357 0.0 0.0 0.0 0.0 1.0 0.0 0.0 0.0
39.10089484 16.27334357 0.0 0.0 0.0 0.0 1.0 0.0 0.0 0.0
34.10089484 16.27334357 0.0 0.0 0.0 0.0 0.0 1.0 0.0 0.0
29.10089484 11.27334357 0.0 0.0 0.0 0.0 1.0 0.0 0.0 0.0
24.10089484 11.27334357 0.0 0.0 0.0 0.0 0.0 1.0 0.0 0.0
19.10089484 6.27334357 0.0 0.0 0.0 0.0 1.0 0.0 0.0 0.0
14.10089484 6.27334357 0.0 0.0 0.0 0.0 0.0 1.0 0.0 0.0
9.10089484 1.27334357 0.0 0.0 0.0 0.0 0.0 1.0 0.0 0.0
