69.18242712 40.88253274 0.0 0.0 0.0 0.0 1.0 0.0 0.0 0.0
64.18242712 40.88253274 0.0 0.0 0.0 0.0 1.0 0.0 0.0 0.0
59.18242712 40.88253274 0.0 0.0 0.0 0.0 1.0 0.0 0.0 0.0
54.18242712 40.88253274 0.0 0.0 0.0 0.0 1.0 0.0 0.0 0.0
49.18242712 40.88253274 0.0 0.0 0.0 1.0 0.0 0.0 0.0 0.0
44.18242712 45.88253274 0.0 0.0 0.0 1.0 0.0 0.0 0.0 0.0
39.18242712 50.88253274 0.0 0.0 0.0 1.0 0.0 0.0 0.0 0.0
34.18242712 55.88253274 0.0 0.0 0.0 1.0 0.0 0.0 0.0 0.0
29.18242712 60.88253274 0.0 0.0 0.0 0.0 1.0 0.0 0.0 0.0
24.18242712 60.88253274 0.0 0.0 0.0 0.0 1.0 0.0 0.0 0.0
19.18242712 60.88253274 0.0 0.0 0.0 0.0 1.0 0.0 0.0 0.0
14.18242712 60.88253274 0.0 0.0 0.0 0.0 1.0 0.0 0.0 0.0
9.18242712 60.88253274 0.0 0.0 0.0 0.0 0.0 1.0 0.0 0.0
