1.91343911 43.75564309 1.0 0.0 0.0 0.0 0.0 0.0 0.0 0.0
6.91343911 43.75564309 1.0 0.0 0.0 0.0 0.0 0.0 0.0 0.0
11.91343911 43.75564309 1.0 0.0 0.0 0.0 0.0 0.0 0.0 0.0
16.91343911 43.75564309 1.0 0.0 0.0 0.0 0.0 0.0 0.0 0.0
21.91343911 43.75564309 0.0 0.0 0.0 0.0 0.0 0.0 0.0 1.0
26.91343911 38.75564309 0.0 0.0 0.0 0.0 0.0 0.0 0.0 1.0
31.91343911 33.75564309 0.0 0.0 0.0 0.0 0.0 0.0 0.0 1.0
36.91343911 28.75564309 0.0 0.0 0.0 0.0 0.0 0.0 0.0 1.0
41.91343911 23.75564309 0.0 0.0 0.0 0.0 0.0 0.0 0.0 1.0
46.91343911 18.75564309 0.0 0.0 0.0 0.0 0.0 0.0 0.0 1.0
51.91343911 13.75564309 0.0 0.0 0.0 0.0 0.0 0.0 0.0 1.0
56.91343911 8.75564309 1.0 0.0 0.0 0.0 0.0 0.0 0.0 0.0
61.91343911 8.75564309 1.0 0.0 0.0 0.0 0.0 0.0 0.0 0.0
66.91343911 8.75564309 1.0 0.0 0.0 0.0 0.0 0.0 0.0 0.0
71.91343911 8.75564309 1.0 0.0 0.0 0.0 0.0 0.0 0.0 0.0
76.91343911 8.75564309 0.0 1.0 0.0 0.0 0.0 0.0 0.0 0.0
81.91343911 13.75564309 0.0 0.0 1.0 0.0 0.0 0.0 0.0 0.0
81.91343911 18.75564309 0.0 1.0 0.0 0.0 0.0 0.0 0.0 0.0
86.91343911 23.75564309 0.0 0.0 1.0 0.0 0.0 0.0 0.0 0.0
86.91343911 28.75564309 0.0 0.0 1.0 0.0 0.0 0.0 0.0 0.0
86.91343911 33.75564309 0.0 0.0 0.0 1.0 0.0 0.0 0.0 0.0
81.91343911 38.75564309 0.0 0.0 0.0 1.0 0.0 0.0 0.0 0.0
76.91343911 43.75564309 0.0 0.0 0.0 0.0 1.0 0.0 0.0 0.0
71.91343911 43.75564309 0.0 0.0 0.0 1.0 0.0 0.0 0.0 0.0
