14.26206292 24.61510767 0.0 1.0 0.0 0.0 0.0 0.0 0.0 0.0
19.26206292 29.61510767 0.0 1.0 0.0 0.0 0.0 0.0 0.0 0.0
24.26206292 34.61510767 0.0 1.0 0.0 0.0 0.0 0.0 0.0 0.0
29.26206292 39.61510767 0.0 1.0 0.0 0.0 0.0 0.0 0.0 0.0
34.26206292 44.61510767 1.0 0.0 0.0 0.0 0.0 0.0 0.0 0.0
39.26206292 44.61510767 1.0 0.0 0.0 0.0 0.0 0.0 0.0 0.0
44.26206292 44.61510767 1.0 0.0 0.0 0.0 0.0 0.0 0.0 0.0
49.26206292 44.61510767 1.0 0.0 0.0 0.0 0.0 0.0 0.0 0.0
54.26206292 44.61510767 1.0 0.0 0.0 0.0 0.0 0.0 0.0 0.0
59.26206292 44.61510767 1.0 0.0 0.0 0.0 0.0 0.0 0.0 0.0
64.26206292 44.61510767 1.0 0.0 0.0 0.0 0.0 0.0 0.0 0.0
69.26206292 44.61510767 0.0 1.0 0.0 0.0 0.0 0.0 0.0 0.0
74.26206292 49.61510767 1.0 0.0 0.0 0.0 0.0 0.0 0.0 0.0
79.26206292 49.61510767 0.0 1.0 0.0 0.0 0.0 0.0 0.0 0.0
84.26206292 54.61510767 0.0 1.0 0.0 0.0 0.0 0.0 0.0 0.0
89.26206292 59.61510767 0.0 0.0 1.0 0.0 0.0 0.0 0.0 0.0
89.26206292 64.61510767 0.0 1.0 0.0 0.0 0.0 0.0 0.0 0.0
94.26206292 69.61510767 0.0 1.0 0.0 0.0 0.0 0.0 0.0 0.0
99.26206292 74.61510767 0.0 0.0 0.0 1.0 0.0 0.0 0.0 0.0
