18.36108091 69.47921844 1.0 0.0 0.0 0.0 0.0 0.0 0.0 0.0
23.36108091 69.47921844 1.0 0.0 0.0 0.0 0.0 0.0 0.0 0.0
28.36108091 69.47921844 1.0 0.0 0.0 0.0 0.0 0.0 0.0 0.0
33.36108091 69.47921844 1.0 0.0 0.0 0.0 0.0 0.0 0.0 0.0
38.36108091 69.47921844 1.0 0.0 0.0 0.0 0.0 0.0 0.0 0.0
43.36108091 69.47921844 1.0 0.0 0.0 0.0 0.0 0.0 0.0 0.0
48.36108091 69.47921844 1.0 0.0 0.0 0.0 0.0 0.0 0.0 0.0
53.36108091 69.47921844 1.0 0.0 0.0 0.0 0.0 0.0 0.0 0.0
58.36108091 69.47921844 1.0 0.0 0.0 0.0 0.0 0.0 0.0 0.0
63.36108091 69.47921844 1.0 0.0 0.0 0.0 0.0 0.0 0.0 0.0
68.36108091 69.47921844 1.0 0.0 0.0 0.0 0.0 0.0 0.0 0.0
73.36108091 69.47921844 1.0 0.0 0.0 0.0 0.0 0.0 0.0 0.0
78.36108091 69.47921844 1.0 0.0 0.0 0.0 0.0 0.0 0.0 0.0
83.36108091 69.47921844 0.0 0.0 0.0 0.0 0.0 0.0 0.0 1.0
88.36108091 64.47921844 0.0 0.0 0.0 0.0 0.0 0.0 0.0 1.0
93.36108091 59.47921844 0.0 0.0 0.0 0.0 0.0 0.0 1.0 0.0
93.36108091 54.47921844 0.0 0.0 0.0 0.0 0.0 0.0 1.0 0.0
93.36108091 49.47921844 0.0 0.0 0.0 0.0 0.0 0.0 1.0 0.0
93.36108091 44.47921844 0.0 0.0 0.0 0.0 0.0 0.0 1.0 0.0
93.36108091 39.47921844 0.0 0.0 0.0 0.0 0.0 0.0 1.0 0.0
93.36108091 34.47921844 0.0 0.0 0.0 0.0 0.0 0.0 1.0 0.0
93.36108091 29.47921844 0.0 0.0 0.0 0.0 0.0 0.0 0.0 1.0
98.36108091 24.47921844 0.0 0.0 0.0 0.0 0.0 1.0 0.0 0.0
