7.52245686 13.66604274 0.0 1.0 0.0 0.0 0.0 0.0 0.0 0.0
12.52245686 18.66604274 0.0 1.0 0.0 0.0 0.0 0.0 0.0 0.0
17.52245686 23.66604274 0.0 1.0 0.0 0.0 0.0 0.0 0.0 0.0
22.52245686 28.66604274 0.0 1.0 0.0 0.0 0.0 0.0 0.0 0.0
27.52245686 33.66604274 0.0 1.0 0.0 0.0 0.0 0.0 0.0 0.0
32.52245686 38.66604274 0.0 1.0 0.0 0.0 0.0 0.0 0.0 0.0
37.52245686 43.66604274 1.0 0.0 0.0 0.0 0.0 0.0 0.0 0.0
42.52245686 43.66604274 0.0 1.0 0.0 0.0 0.0 0.0 0.0 0.0
47.52245686 48.66604274 0.0 1.0 0.0 0.0 0.0 0.0 0.0 0.0
52.52245686 53.66604274 0.0 1.0 0.0 0.0 0.0 0.0 0.0 0.0
57.52245686 58.66604274 0.0 0.0 1.0 0.0 0.0 0.0 0.0 0.0
57.52245686 63.66604274 0.0 0.0 1.0 0.0 0.0 0.0 0.0 0.0
57.52245686 68.66604274 0.0 1.0 0.0 0.0 0.0 0.0 0.0 0.0
62.52245686 73.66604274 0.0 0.0 1.0 0.0 0.0 0.0 0.0 0.0
62.52245686 78.66604274 0.0 0.0 1.0 0.0 0.0 0.0 0.0 0.0
62.52245686 83.66604274 0.0 1.0 0.0 0.0 0.0 0.0 0.0 0.0
67.52245686 88.66604274 0.0 0.0 1.0 0.0 0.0 0.0 0.0 0.0
67.52245686 93.66604274 0.0 1.0 0.0 0.0 0.0 0.0 0.0 0.0
