20.78969391 47.60192835 0.0 1.0 0.0 0.0 0.0 0.0 0.0 0.0
25.78969391 52.60192835 0.0 1.0 0.0 0.0 0.0 0.0 0.0 0.0
30.78969391 57.60192835 0.0 1.0 0.0 0.0 0.0 0.0 0.0 0.0
35.78969391 62.60192835 0.0 1.0 0.0 0.0 0.0 0.0 0.0 0.0
40.78969391 67.60192835 0.0 1.0 0.0 0.0 0.0 0.0 0.0 0.0
45.78969391 72.60192835 1.0 0.0 0.0 0.0 0.0 0.0 0.0 0.0
50.78969391 72.60192835 1.0 0.0 0.0 0.0 0.0 0.0 0.0 0.0
55.78969391 72.60192835 1.0 0.0 0.0 0.0 0.0 0.0 0.0 0.0
60.78969391 72.60192835 1.0 0.0 0.0 0.0 0.0 0.0 0.0 0.0
65.78969391 72.60192835 1.0 0.0 0.0 0.0 0.0 0.0 0.0 0.0
70.78969391 72.60192835 1.0 0.0 0.0 0.0 0.0 0.0 0.0 0.0
75.78969391 72.60192835 1.0 0.0 0.0 0.0 0.0 0.0 0.0 0.0
80.78969391 72.60192835 1.0 0.0 0.0 0.0 0.0 0.0 0.0 0.0
85.78969391 72.60192835 0.0 1.0 0.0 0.0 0.0 0.0 0.0 0.0
90.78969391 77.60192835 0.0 1.0 0.0 0.0 0.0 0.0 0.0 0.0
95.78969391 82.60192835 0.0 0.0 1.0 0.0 0.0 0.0 0.0 0.0
95.78969391 87.60192835 0.0 0.0 1.0 0.0 0.0 0.0 0.0 0.0
95.78969391 92.60192835 0.0 0.0 1.0 0.0 0.0 0.0 0.0 0.0
95.78969391 97.60192835 0.0 0.0 0.0 1.0 0.0 0.0 0.0 0.0
