92.73929884 35.07068927 0.0 0.0 0.0 0.0 0.0 1.0 0.0 0.0
87.73929884 30.07068927 0.0 0.0 0.0 0.0 0.0 1.0 0.0 0.0
82.73929884 25.07068927 0.0 0.0 0.0 0.0 0.0 1.0 0.0 0.0
77.73929884 20.07068927 0.0 0.0 0.0 0.0 0.0 1.0 0.0 0.0
72.73929884 15.07068927 0.0 0.0 0.0 0.0 1.0 0.0 0.0 0.0
67.73929884 15.07068927 0.0 0.0 0.0 0.0 1.0 0.0 0.0 0.0
62.73929884 15.07068927 0.0 0.0 0.0 1.0 0.0 0.0 0.0 0.0
57.73929884 20.07068927 0.0 0.0 0.0 1.0 0.0 0.0 0.0 0.0
52.73929884 25.07068927 0.0 0.0 0.0 1.0 0.0 0.0 0.0 0.0
47.73929884 30.07068927 0.0 0.0 0.0 0.0 1.0 0.0 0.0 0.0
42.73929884 30.07068927 0.0 0.0 0.0 1.0 0.0 0.0 0.0 0.0
37.73929884 35.07068927 0.0 0.0 0.0 0.0 1.0 0.0 0.0 0.0
32.73929884 35.07068927 0.0 0.0 0.0 0.0 1.0 0.0 0.0 0.0
27.73929884 35.07068927 0.0 0.0 0.0 1.0 0.0 0.0 0.0 0.0
22.73929884 40.07068927 0.0 0.0 0.0 1.0 0.0 0.0 0.0 0.0
17.73929884 45.07068927 0.0 0.0 0.0 0.0 1.0 0.0 0.0 0.0
12.73929884 45.07068927 0.0 0.0 0.0 1.0 0.0 0.0 0.0 0.0
7.73929884 50.07068927 0.0 0.0 0.0 1.0 0.0 0.0 0.0 0.0
2.73929884 55.07068927 0.0 1.0 0.0 0.0 0.0 0.0 0.0 0.0
