97.93913891 47.2892862 0.0 0.0 0.0 0.0 1.0 0.0 0.0 0.0
92.93913891 47.2892862 0.0 0.0 0.0 0.0 1.0 0.0 0.0 0.0
87.93913891 47.2892862 0.0 0.0 0.0 0.0 1.0 0.0 0.0 0.0
82.93913891 47.2892862 0.0 0.0 0.0 0.0 1.0 0.0 0.0 0.0
77.93913891 47.2892862 0.0 0.0 0.0 0.0 1.0 0.0 0.0 0.0
72.93913891 47.2892862 0.0 0.0 0.0 0.0 1.0 0.0 0.0 0.0
67.93913891 47.2892862 0.0 0.0 0.0 0.0 1.0 0.0 0.0 0.0
62.93913891 47.2892862 0.0 0.0 0.0 0.0 1.0 0.0 0.0 0.0
57.93913891 47.2892862 0.0 0.0 0.0 0.0 0.0 1.0 0.0 0.0
52.93913891 42.2892862 0.0 0.0 0.0 0.0 1.0 0.0 0.0 0.0
47.93913891 42.2892862 0.0 0.0 0.0 0.0 1.0 0.0 0.0 0.0
42.93913891 42.2892862 0.0 0.0 0.0 0.0 0.0 1.0 0.0 0.0
37.93913891 37.2892862 0.0 0.0 0.0 0.0 0.0 1.0 0.0 0.0
32.93913891 32.2892862 0.0 0.0 0.0 0.0 1.0 0.0 0.0 0.0
27.93913891 32.2892862 0.0 0.0 0.0 0.0 1.0 0.0 0.0 0.0
22.93913891 32.2892862 0.0 0.0 0.0 1.0 0.0 0.0 0.0 0.0
17.93913891 37.2892862 0.0 0.0 0.0 0.0 1.0 0.0 0.0 0.0
12.93913891 37.2892862 0.0 0.0 0.0 1.0 0.0 0.0 0.0 0.0
7.93913891 42.2892862 0.0 0.0 0.0 1.0 0.0 0.0 0.0 0.0
