32.06970647 56.70893861 0.0 0.0 0.0 0.0 0.0 0.0 1.0 0.0
32.06970647 51.70893861 0.0 0.0 0.0 0.0 0.0 0.0 1.0 0.0
32.06970647 46.70893861 0.0 0.0 0.0 0.0 0.0 0.0 0.0 1.0
37.06970647 41.70893861 0.0 0.0 0.0 0.0 0.0 0.0 0.0 1.0
42.06970647 36.70893861 1.0 0.0 0.0 0.0 0.0 0.0 0.0 0.0
47.06970647 36.70893861 1.0 0.0 0.0 0.0 0.0 0.0 0.0 0.0
52.06970647 36.70893861 1.0 0.0 0.0 0.0 0.0 0.0 0.0 0.0
57.06970647 36.70893861 0.0 1.0 0.0 0.0 0.0 0.0 0.0 0.0
62.06970647 41.70893861 1.0 0.0 0.0 0.0 0.0 0.0 0.0 0.0
67.06970647 41.70893861 0.0 1.0 0.0 0.0 0.0 0.0 0.0 0.0
72.06970647 46.70893861 1.0 0.0 0.0 0.0 0.0 0.0 0.0 0.0
77.06970647 46.70893861 1.0 0.0 0.0 0.0 0.0 0.0 0.0 0.0
82.06970647 46.70893861 0.0 1.0 0.0 0.0 0.0 0.0 0.0 0.0
87.06970647 51.70893861 1.0 0.0 0.0 0.0 0.0 0.0 0.0 0.0
92.06970647 51.70893861 0.0 1.0 0.0 0.0 0.0 0.0 0.0 0.0
