2.64637233 16.51161067 0.0 0.0 1.0 0.0 0.0 0.0 0.0 0.0
2.64637233 21.51161067 0.0 0.0 1.0 0.0 0.0 0.0 0.0 0.0
2.64637233 26.51161067 0.0 0.0 1.0 0.0 0.0 0.0 0.0 0.0
2.64637233 31.51161067 0.0 0.0 1.0 0.0 0.0 0.0 0.0 0.0
2.64637233 36.51161067 0.0 0.0 1.0 0.0 0.0 0.0 0.0 0.0
2.64637233 41.51161067 0.0 0.0 1.0 0.0 0.0 0.0 0.0 0.0
2.64637233 46.51161067 0.0 0.0 1.0 0.0 0.0 0.0 0.0 0.0
2.64637233 51.51161067 0.0 1.0 0.0 0.0 0.0 0.0 0.0 0.0
7.64637233 56.51161067 0.0 0.0 1.0 0.0 0.0 0.0 0.0 0.0
7.64637233 61.51161067 0.0 1.0 0.0 0.0 0.0 0.0 0.0 0.0
12.64637233 66.51161067 0.0 0.0 1.0 0.0 0.0 0.0 0.0 0.0
12.64637233 71.51161067 0.0 1.0 0.0 0.0 0.0 0.0 0.0 0.0
17.64637233 76.51161067 0.0 0.0 0.0 1.0 0.0 0.0 0.0 0.0
