8.22963911 0.8514388 0.0 1.0 0.0 0.0 0.0 0.0 0.0 0.0
13.22963911 5.8514388 1.0 0.0 0.0 0.0 0.0 0.0 0.0 0.0
18.22963911 5.8514388 1.0 0.0 0.0 0.0 0.0 0.0 0.0 0.0
23.22963911 5.8514388 1.0 0.0 0.0 0.0 0.0 0.0 0.0 0.0
28.22963911 5.8514388 1.0 0.0 0.0 0.0 0.0 0.0 0.0 0.0
33.22963911 5.8514388 1.0 0.0 0.0 0.0 0.0 0.0 0.0 0.0
38.22963911 5.8514388 1.0 0.0 0.0 0.0 0.0 0.0 0.0 0.0
43.22963911 5.8514388 1.0 0.0 0.0 0.0 0.0 0.0 0.0 0.0
48.22963911 5.8514388 1.0 0.0 0.0 0.0 0.0 0.0 0.0 0.0
53.22963911 5.8514388 1.0 0.0 0.0 0.0 0.0 0.0 0.0 0.0
58.22963911 5.8514388 0.0 1.0 0.0 0.0 0.0 0.0 0.0 0.0
63.22963911 10.8514388 0.0 0.0 1.0 0.0 0.0 0.0 0.0 0.0
63.22963911 15.8514388 0.0 0.0 1.0 0.0 0.0 0.0 0.0 0.0
63.22963911 20.8514388 0.0 0.0 1.0 0.0 0.0 0.0 0.0 0.0
63.22963911 25.8514388 0.0 0.0 1.0 0.0 0.0 0.0 0.0 0.0
63.22963911 30.8514388 0.0 0.0 1.0 0.0 0.0 0.0 0.0 0.0
63.22963911 35.8514388 0.0 0.0 1.0 0.0 0.0 0.0 0.0 0.0
63.22963911 40.8514388 0.0 0.0 1.0 0.0 0.0 0.0 0.0 0.0
63.22963911 45.8514388 0.0 0.0 1.0 0.0 0.0 0.0 0.0 0.0
63.22963911 50.8514388 0.0 0.0 1.0 0.0 0.0 0.0 0.0 0.0
63.22963911 55.8514388 0.0 0.0 1.0 0.0 0.0 0.0 0.0 0.0
63.22963911 60.8514388 0.0 0.0 1.0 0.0 0.0 0.0 0.0 0.0
63.22963911 65.8514388 0.0 0.0 1.0 0.0 0.0 0.0 0.0 0.0
63.22963911 70.8514388 0.0 0.0 1.0 0.0 0.0 0.0 0.0 0.0
63.22963911 75.8514388 0.0 0.0 1.0 0.0 0.0 0.0 0.0 0.0
63.22963911 80.8514388 0.0 0.0 0.0 1.0 0.0 0.0 0.0 0.0
58.22963911 85.8514388 0.0 0.0 1.0 0.0 0.0 0.0 0.0 0.0
58.22963911 90.8514388 0.0 0.0 0.0 1.0 0.0 0.0 0.0 0.0
