92.89712831 16.85823873 0.0 0.0 1.0 0.0 0.0 0.0 0.0 0.0
92.89712831 21.85823873 0.0 0.0 1.0 0.0 0.0 0.0 0.0 0.0
92.89712831 26.85823873 0.0 0.0 1.0 0.0 0.0 0.0 0.0 0.0
92.89712831 31.85823873 0.0 0.0 1.0 0.0 0.0 0.0 0.0 0.0
92.89712831 36.85823873 0.0 0.0 1.0 0.0 0.0 0.0 0.0 0.0
92.89712831 41.85823873 0.0 0.0 0.0 1.0 0.0 0.0 0.0 0.0
87.89712831 46.85823873 0.0 0.0 1.0 0.0 0.0 0.0 0.0 0.0
87.89712831 51.85823873 0.0 0.0 0.0 1.0 0.0 0.0 0.0 0.0
82.89712831 56.85823873 0.0 0.0 0.0 0.0 1.0 0.0 0.0 0.0
77.89712831 56.85823873 0.0 0.0 0.0 1.0 0.0 0.0 0.0 0.0
72.89712831 61.85823873 0.0 0.0 0.0 0.0 0.0 1.0 0.0 0.0
67.89712831 56.85823873 0.0 0.0 0.0 0.0 1.0 0.0 0.0 0.0
62.89712831 56.85823873 0.0 0.0 0.0 0.0 0.0 1.0 0.0 0.0
57.89712831 51.85823873 0.0 0.0 0.0 0.0 1.0 0.0 0.0 0.0
52.89712831 51.85823873 0.0 0.0 0.0 0.0 0.0 1.0 0.0 0.0
47.89712831 46.85823873 0.0 0.0 0.0 0.0 1.0 0.0 0.0 0.0
42.89712831 46.85823873 0.0 0.0 0.0 0.0 1.0 0.0 0.0 0.0
37.89712831 46.85823873 0.0 0.0 0.0 0.0 0.0 1.0 0.0 0.0
32.89712831 41.85823873 0.0 0.0 0.0 0.0 1.0 0.0 0.0 0.0
27.89712831 41.85823873 0.0 0.0 0.0 0.0 0.0 1.0 0.0 0.0
22.89712831 36.85823873 0.0 0.0 0.0 0.0 1.0 0.0 0.0 0.0
17.89712831 36.85823873 0.0 0.0 0.0 0.0 0.0 1.0 0.0 0.0
