7.80307181 76.73969724 1.0 0.0 0.0 0.0 0.0 0.0 0.0 0.0
12.80307181 76.73969724 1.0 0.0 0.0 0.0 0.0 0.0 0.0 0.0
17.80307181 76.73969724 1.0 0.0 0.0 0.0 0.0 0.0 0.0 0.0
22.80307181 76.73969724 1.0 0.0 0.0 0.0 0.0 0.0 0.0 0.0
27.80307181 76.73969724 0.0 0.0 0.0 0.0 0.0 0.0 0.0 1.0
32.80307181 71.73969724 1.0 0.0 0.0 0.0 0.0 0.0 0.0 0.0
37.80307181 71.73969724 0.0 0.0 0.0 0.0 0.0 0.0 0.0 1.0
42.80307181 66.73969724 0.0 0.0 0.0 0.0 0.0 0.0 0.0 1.0
47.80307181 61.73969724 0.0 0.0 0.0 0.0 0.0 0.0 0.0 1.0
52.80307181 56.73969724 1.0 0.0 0.0 0.0 0.0 0.0 0.0 0.0
57.80307181 56.73969724 1.0 0.0 0.0 0.0 0.0 0.0 0.0 0.0
62.80307181 56.73969724 1.0 0.0 0.0 0.0 0.0 0.0 0.0 0.0
67.80307181 56.73969724 0.0 0.0 0.0 0.0 0.0 0.0 0.0 1.0
72.80307181 51.73969724 1.0 0.0 0.0 0.0 0.0 0.0 0.0 0.0
77.80307181 51.73969724 1.0 0.0 0.0 0.0 0.0 0.0 0.0 0.0
82.80307181 51.73969724 0.0 0.0 0.0 0.0 0.0 0.0 0.0 1.0
87.80307181 46.73969724 0.0 0.0 0.0 0.0 0.0 0.0 0.0 1.0
