15.57038311 22.86927641 0.0 1.0 0.0 0.0 0.0 0.0 0.0 0.0
20.57038311 27.86927641 0.0 1.0 0.0 0.0 0.0 0.0 0.0 0.0
25.57038311 32.86927641 0.0 1.0 0.0 0.0 0.0 0.0 0.0 0.0
30.57038311 37.86927641 0.0 1.0 0.0 0.0 0.0 0.0 0.0 0.0
35.57038311 42.86927641 0.0 1.0 0.0 0.0 0.0 0.0 0.0 0.0
40.57038311 47.86927641 0.0 1.0 0.0 0.0 0.0 0.0 0.0 0.0
45.57038311 52.86927641 0.0 1.0 0.0 0.0 0.0 0.0 0.0 0.0
50.57038311 57.86927641 0.0 1.0 0.0 0.0 0.0 0.0 0.0 0.0
55.57038311 62.86927641 0.0 0.0 1.0 0.0 0.0 0.0 0.0 0.0
55.57038311 67.86927641 0.0 0.0 1.0 0.0 0.0 0.0 0.0 0.0
55.57038311 72.86927641 0.0 1.0 0.0 0.0 0.0 0.0 0.0 0.0
60.57038311 77.86927641 0.0 1.0 0.0 0.0 0.0 0.0 0.0 0.0
65.57038311 82.86927641 1.0 0.0 0.0 0.0 0.0 0.0 0.0 0.0
70.57038311 82.86927641 1.0 0.0 0.0 0.0 0.0 0.0 0.0 0.0
75.57038311 82.86927641 0.0 1.0 0.0 0.0 0.0 0.0 0.0 0.0
80.57038311 87.86927641 1.0 0.0 0.0 0.0 0.0 0.0 0.0 0.0
85.57038311 87.86927641 1.0 0.0 0.0 0.0 0.0 0.0 0.0 0.0
90.57038311 87.86927641 0.0 1.0 0.0 0.0 0.0 0.0 0.0 0.0
