80.10108624 8.10681982 0.0 0.0 0.0 1.0 0.0 0.0 0.0 0.0
75.10108624 13.10681982 0.0 0.0 0.0 1.0 0.0 0.0 0.0 0.0
70.10108624 18.10681982 0.0 0.0 0.0 1.0 0.0 0.0 0.0 0.0
65.10108624 23.10681982 0.0 0.0 1.0 0.0 0.0 0.0 0.0 0.0
65.10108624 28.10681982 0.0 0.0 1.0 0.0 0.0 0.0 0.0 0.0
65.10108624 33.10681982 0.0 0.0 0.0 1.0 0.0 0.0 0.0 0.0
60.10108624 38.10681982 0.0 0.0 1.0 0.0 0.0 0.0 0.0 0.0
60.10108624 43.10681982 0.0 0.0 0.0 1.0 0.0 0.0 0.0 0.0
55.10108624 48.10681982 0.0 0.0 0.0 1.0 0.0 0.0 0.0 0.0
50.10108624 53.10681982 0.0 0.0 0.0 0.0 1.0 0.0 0.0 0.0
45.10108624 53.10681982 0.0 0.0 0.0 1.0 0.0 0.0 0.0 0.0
40.10108624 58.10681982 0.0 0.0 0.0 1.0 0.0 0.0 0.0 0.0
35.10108624 63.10681982 0.0 0.0 0.0 1.0 0.0 0.0 0.0 0.0
30.10108624 68.10681982 0.0 0.0 1.0 0.0 0.0 0.0 0.0 0.0
30.10108624 73.10681982 0.0 0.0 0.0 1.0 0.0 0.0 0.0 0.0
25.10108624 78.10681982 0.0 0.0 1.0 0.0 0.0 0.0 0.0 0.0
25.10108624 83.10681982 0.0 0.0 0.0 1.0 0.0 0.0 0.0 0.0
20.10108624 88.10681982 0.0 0.0 1.0 0.0 0.0 0.0 0.0 0.0
20.10108624 93.10681982 0.0 0.0 0.0 1.0 0.0 0.0 0.0 0.0
