83.85522747 21.9097972 0.0 0.0 0.0 1.0 0.0 0.0 0.0 0.0
78.85522747 26.9097972 0.0 0.0 0.0 1.0 0.0 0.0 0.0 0.0
73.85522747 31.9097972 0.0 0.0 0.0 1.0 0.0 0.0 0.0 0.0
68.85522747 36.9097972 0.0 0.0 0.0 1.0 0.0 0.0 0.0 0.0
63.85522747 41.9097972 0.0 0.0 0.0 1.0 0.0 0.0 0.0 0.0
58.85522747 46.9097972 0.0 0.0 0.0 1.0 0.0 0.0 0.0 0.0
53.85522747 51.9097972 0.0 0.0 0.0 1.0 0.0 0.0 0.0 0.0
48.85522747 56.9097972 0.0 0.0 0.0 1.0 0.0 0.0 0.0 0.0
43.85522747 61.9097972 0.0 0.0 0.0 0.0 1.0 0.0 0.0 0.0
38.85522747 61.9097972 0.0 0.0 0.0 1.0 0.0 0.0 0.0 0.0
33.85522747 66.9097972 0.0 0.0 0.0 0.0 1.0 0.0 0.0 0.0
28.85522747 66.9097972 0.0 0.0 0.0 0.0 1.0 0.0 0.0 0.0
23.85522747 66.9097972 0.0 0.0 0.0 1.0 0.0 0.0 0.0 0.0
18.85522747 71.9097972 0.0 0.0 0.0 1.0 0.0 0.0 0.0 0.0
13.85522747 76.9097972 0.0 0.0 0.0 0.0 1.0 0.0 0.0 0.0
8.85522747 76.9097972 0.0 0.0 0.0 1.0 0.0 0.0 0.0 0.0
