1.17069399 46.98118714 0.0 0.0 1.0 0.0 0.0 0.0 0.0 0.0
1.17069399 51.98118714 0.0 0.0 1.0 0.0 0.0 0.0 0.0 0.0
1.17069399 56.98118714 0.0 1.0 0.0 0.0 0.0 0.0 0.0 0.0
6.17069399 61.98118714 0.0 1.0 0.0 0.0 0.0 0.0 0.0 0.0
11.17069399 66.98118714 1.0 0.0 0.0 0.0 0.0 0.0 0.0 0.0
16.17069399 66.98118714 1.0 0.0 0.0 0.0 0.0 0.0 0.0 0.0
21.17069399 66.98118714 1.0 0.0 0.0 0.0 0.0 0.0 0.0 0.0
26.17069399 66.98118714 0.0 0.0 0.0 0.0 0.0 0.0 0.0 1.0
31.17069399 61.98118714 1.0 0.0 0.0 0.0 0.0 0.0 0.0 0.0
36.17069399 61.98118714 0.0 0.0 0.0 0.0 0.0 0.0 0.0 1.0
41.17069399 56.98118714 1.0 0.0 0.0 0.0 0.0 0.0 0.0 0.0
46.17069399 56.98118714 1.0 0.0 0.0 0.0 0.0 0.0 0.0 0.0
51.17069399 56.98118714 0.0 0.0 0.0 0.0 0.0 0.0 0.0 1.0
56.17069399 51.98118714 1.0 0.0 0.0 0.0 0.0 0.0 0.0 0.0
61.17069399 51.98118714 0.0 0.0 0.0 0.0 0.0 0.0 0.0 1.0
66.17069399 46.98118714 1.0 0.0 0.0 0.0 0.0 0.0 0.0 0.0
71.17069399 46.98118714 0.0 0.0 0.0 0.0 0.0 0.0 0.0 1.0
76.17069399 41.98118714 1.0 0.0 0.0 0.0 0.0 0.0 0.0 0.0
81.17069399 41.98118714 0.0 0.0 0.0 0.0 0.0 0.0 0.0 1.0
86.17069399 36.98118714 1.0 0.0 0.0 0.0 0.0 0.0 0.0 0.0
91.17069399 36.98118714 0.0 0.0 0.0 0.0 0.0 0.0 0.0 1.0
