76.40256583 98.38353638 0.0 0.0 0.0 0.0 0.0 0.0 1.0 0.0
76.40256583 93.38353638 0.0 0.0 0.0 0.0 0.0 0.0 1.0 0.0
76.40256583 88.38353638 0.0 0.0 0.0 0.0 0.0 0.0 1.0 0.0
76.40256583 83.38353638 0.0 0.0 0.0 0.0 0.0 0.0 1.0 0.0
76.40256583 78.38353638 0.0 0.0 0.0 0.0 0.0 0.0 1.0 0.0
76.40256583 73.38353638 0.0 0.0 0.0 0.0 0.0 0.0 0.0 1.0
81.40256583 68.38353638 0.0 0.0 0.0 0.0 0.0 0.0 0.0 1.0
86.40256583 63.38353638 0.0 0.0 0.0 0.0 0.0 0.0 1.0 0.0
86.40256583 58.38353638 0.0 0.0 0.0 0.0 0.0 0.0 1.0 0.0
86.40256583 53.38353638 0.0 0.0 0.0 0.0 0.0 0.0 1.0 0.0
86.40256583 48.38353638 0.0 0.0 0.0 0.0 0.0 0.0 1.0 0.0
86.40256583 43.38353638 0.0 0.0 0.0 0.0 0.0 0.0 1.0 0.0
86.40256583 38.38353638 0.0 0.0 0.0 0.0 0.0 0.0 1.0 0.0
86.40256583 33.38353638 0.0 0.0 0.0 0.0 0.0 0.0 1.0 0.0
86.40256583 28.38353638 0.0 0.0 0.0 0.0 0.0 0.0 1.0 0.0
86.40256583 23.38353638 0.0 0.0 0.0 0.0 0.0 0.0 1.0 0.0
86.40256583 18.38353638 0.0 0.0 0.0 0.0 0.0 0.0 1.0 0.0
86.40256583 13.38353638 0.0 0.0 0.0 0.0 0.0 1.0 0.0 0.0
