92.48976535 62.96354661 0.0 0.0 0.0 0.0 1.0 0.0 0.0 0.0
87.48976535 62.96354661 0.0 0.0 0.0 0.0 0.0 1.0 0.0 0.0
82.48976535 57.96354661 0.0 0.0 0.0 0.0 1.0 0.0 0.0 0.0
77.48976535 57.96354661 0.0 0.0 0.0 0.0 0.0 1.0 0.0 0.0
72.48976535 52.96354661 0.0 0.0 0.0 0.0 1.0 0.0 0.0 0.0
67.48976535 52.96354661 0.0 0.0 0.0 0.0 1.0 0.0 0.0 0.0
62.48976535 52.96354661 0.0 0.0 0.0 0.0 1.0 0.0 0.0 0.0
57.48976535 52.96354661 0.0 0.0 0.0 0.0 0.0 1.0 0.0 0.0
52.48976535 47.96354661 0.0 0.0 0.0 0.0 0.0 1.0 0.0 0.0
47.48976535 42.96354661 0.0 0.0 0.0 0.0 0.0 1.0 0.0 0.0
42.48976535 37.96354661 0.0 0.0 0.0 0.0 1.0 0.0 0.0 0.0
37.48976535 37.96354661 0.0 0.0 0.0 0.0 1.0 0.0 0.0 0.0
32.48976535 37.96354661 0.0 0.0 0.0 0.0 1.0 0.0 0.0 0.0
27.48976535 37.96354661 0.0 0.0 0.0 1.0 0.0 0.0 0.0 0.0
22.48976535 42.96354661 0.0 0.0 0.0 0.0 1.0 0.0 0.0 0.0
17.48976535 42.96354661 0.0 0.0 0.0 1.0 0.0 0.0 0.0 0.0
12.48976535 47.96354661 0.0 0.0 0.0 1.0 0.0 0.0 0.0 0.0
