96.41622649 22.26210666 0.0 0.0 0.0 1.0 0.0 0.0 0.0 0.0
91.41622649 27.26210666 0.0 0.0 0.0 1.0 0.0 0.0 0.0 0.0
86.41622649 32.26210666 0.0 0.0 0.0 1.0 0.0 0.0 0.0 0.0
81.41622649 37.26210666 0.0 0.0 0.0 0.0 1.0 0.0 0.0 0.0
76.41622649 37.26210666 0.0 0.0 0.0 0.0 1.0 0.0 0.0 0.0
71.41622649 37.26210666 0.0 0.0 0.0 0.0 1.0 0.0 0.0 0.0
66.41622649 37.26210666 0.0 0.0 0.0 1.0 0.0 0.0 0.0 0.0
61.41622649 42.26210666 0.0 0.0 0.0 1.0 0.0 0.0 0.0 0.0
56.41622649 47.26210666 0.0 0.0 0.0 1.0 0.0 0.0 0.0 0.0
51.41622649 52.26210666 0.0 0.0 0.0 1.0 0.0 0.0 0.0 0.0
46.41622649 57.26210666 0.0 0.0 0.0 1.0 0.0 0.0 0.0 0.0
41.41622649 62.26210666 0.0 0.0 1.0 0.0 0.0 0.0 0.0 0.0
41.41622649 67.26210666 0.0 0.0 0.0 1.0 0.0 0.0 0.0 0.0
36.41622649 72.26210666 0.0 0.0 1.0 0.0 0.0 0.0 0.0 0.0
36.41622649 77.26210666 0.0 0.0 0.0 1.0 0.0 0.0 0.0 0.0
31.41622649 82.26210666 0.0 0.0 0.0 1.0 0.0 0.0 0.0 0.0
