34.4933842 57.92640064 1.0 0.0 0.0 0.0 0.0 0.0 0.0 0.0
39.4933842 57.92640064 1.0 0.0 0.0 0.0 0.0 0.0 0.0 0.0
44.4933842 57.92640064 0.0 1.0 0.0 0.0 0.0 0.0 0.0 0.0
49.4933842 62.92640064 1.0 0.0 0.0 0.0 0.0 0.0 0.0 0.0
54.4933842 62.92640064 1.0 0.0 0.0 0.0 0.0 0.0 0.0 0.0
59.4933842 62.92640064 0.0 0.0 0.0 0.0 0.0 0.0 0.0 1.0
64.4933842 57.92640064 0.0 0.0 0.0 0.0 0.0 0.0 0.0 1.0
69.4933842 52.92640064 0.0 0.0 0.0 0.0 0.0 0.0 0.0 1.0
74.4933842 47.92640064 0.0 0.0 0.0 0.0 0.0 0.0 1.0 0.0
74.4933842 42.92640064 0.0 0.0 0.0 0.0 0.0 0.0 1.0 0.0
74.4933842 37.92640064 0.0 0.0 0.0 0.0 0.0 0.0 0.0 1.0
79.4933842 32.92640064 0.0 0.0 0.0 0.0 0.0 0.0 0.0 1.0
84.4933842 27.92640064 0.0 0.0 0.0 0.0 0.0 0.0 0.0 1.0
89.4933842 22.92640064 0.0 0.0 0.0 0.0 0.0 1.0 0.0 0.0
