12.59847032 58.28686299 0.0 1.0 0.0 0.0 0.0 0.0 0.0 0.0
17.59847032 63.28686299 0.0 1.0 0.0 0.0 0.0 0.0 0.0 0.0
22.59847032 68.28686299 0.0 1.0 0.0 0.0 0.0 0.0 0.0 0.0
27.59847032 73.28686299 1.0 0.0 0.0 0.0 0.0 0.0 0.0 0.0
32.59847032 73.28686299 0.0 0.0 0.0 0.0 0.0 0.0 0.0 1.0
37.59847032 68.28686299 0.0 0.0 0.0 0.0 0.0 0.0 0.0 1.0
42.59847032 63.28686299 0.0 0.0 0.0 0.0 0.0 0.0 0.0 1.0
47.59847032 58.28686299 1.0 0.0 0.0 0.0 0.0 0.0 0.0 0.0
52.59847032 58.28686299 1.0 0.0 0.0 0.0 0.0 0.0 0.0 0.0
57.59847032 58.28686299 1.0 0.0 0.0 0.0 0.0 0.0 0.0 0.0
62.59847032 58.28686299 1.0 0.0 0.0 0.0 0.0 0.0 0.0 0.0
67.59847032 58.28686299 0.0 0.0 0.0 0.0 0.0 0.0 0.0 1.0
72.59847032 53.28686299 0.0 0.0 0.0 0.0 0.0 0.0 0.0 1.0
77.59847032 48.28686299 0.0 0.0 0.0 0.0 0.0 0.0 1.0 0.0
77.59847032 43.28686299 0.0 0.0 0.0 0.0 0.0 0.0 1.0 0.0
77.59847032 38.28686299 0.0 0.0 0.0 0.0 0.0 0.0 1.0 0.0
77.59847032 33.28686299 0.0 0.0 0.0 0.0 0.0 0.0 1.0 0.0
77.59847032 28.28686299 0.0 0.0 0.0 0.0 0.0 0.0 1.0 0.0
77.59847032 23.28686299 0.0 0.0 0.0 0.0 0.0 0.0 1.0 0.0
77.59847032 18.28686299 0.0 0.0 0.0 0.0 0.0 0.0 0.0 1.0
82.59847032 13.28686299 0.0 0.0 0.0 0.0 0.0 0.0 0.0 1.0
