95.84602625 72.22520838 0.0 0.0 0.0 0.0 1.0 0.0 0.0 0.0
90.84602625 72.22520838 0.0 0.0 0.0 0.0 1.0 0.0 0.0 0.0
85.84602625 72.22520838 0.0 0.0 0.0 0.0 1.0 0.0 0.0 0.0
80.84602625 72.22520838 0.0 0.0 0.0 0.0 1.0 0.0 0.0 0.0
75.84602625 72.22520838 0.0 0.0 0.0 0.0 0.0 1.0 0.0 0.0
70.84602625 67.22520838 0.0 0.0 0.0 0.0 1.0 0.0 0.0 0.0
65.84602625 67.22520838 0.0 0.0 0.0 0.0 1.0 0.0 0.0 0.0
60.84602625 67.22520838 0.0 0.0 0.0 0.0 1.0 0.0 0.0 0.0
55.84602625 67.22520838 0.0 0.0 0.0 0.0 1.0 0.0 0.0 0.0
50.84602625 67.22520838 0.0 0.0 0.0 1.0 0.0 0.0 0.0 0.0
45.84602625 72.22520838 0.0 0.0 0.0 1.0 0.0 0.0 0.0 0.0
40.84602625 77.22520838 0.0 0.0 0.0 1.0 0.0 0.0 0.0 0.0
35.84602625 82.22520838 0.0 0.0 0.0 1.0 0.0 0.0 0.0 0.0
