43.60606374 25.91752276 0.0 0.0 0.0 1.0 0.0 0.0 0.0 0.0
38.60606374 30.91752276 0.0 0.0 0.0 1.0 0.0 0.0 0.0 0.0
33.60606374 35.91752276 0.0 0.0 1.0 0.0 0.0 0.0 0.0 0.0
33.60606374 40.91752276 0.0 0.0 0.0 1.0 0.0 0.0 0.0 0.0
28.60606374 45.91752276 0.0 0.0 1.0 0.0 0.0 0.0 0.0 0.0
28.60606374 50.91752276 0.0 0.0 0.0 1.0 0.0 0.0 0.0 0.0
23.60606374 55.91752276 0.0 0.0 1.0 0.0 0.0 0.0 0.0 0.0
23.60606374 60.91752276 0.0 0.0 1.0 0.0 0.0 0.0 0.0 0.0
23.60606374 65.91752276 0.0 1.0 0.0 0.0 0.0 0.0 0.0 0.0
28.60606374 70.91752276 0.0 1.0 0.0 0.0 0.0 0.0 0.0 0.0
33.60606374 75.91752276 1.0 0.0 0.0 0.0 0.0 0.0 0.0 0.0
38.60606374 75.91752276 1.0 0.0 0.0 0.0 0.0 0.0 0.0 0.0
43.60606374 75.91752276 1.0 0.0 0.0 0.0 0.0 0.0 0.0 0.0
48.60606374 75.91752276 1.0 0.0 0.0 0.0 0.0 0.0 0.0 0.0
53.60606374 75.91752276 0.0 1.0 0.0 0.0 0.0 0.0 0.0 0.0
58.60606374 80.91752276 1.0 0.0 0.0 0.0 0.0 0.0 0.0 0.0
63.60606374 80.91752276 0.0 1.0 0.0 0.0 0.0 0.0 0.0 0.0
