48.87161001 94.04581692 0.0 0.0 0.0 0.0 0.0 0.0 1.0 0.0
48.87161001 89.04581692 0.0 0.0 0.0 0.0 0.0 0.0 1.0 0.0
48.87161001 84.04581692 0.0 0.0 0.0 0.0 0.0 0.0 1.0 0.0
48.87161001 79.04581692 0.0 0.0 0.0 0.0 0.0 0.0 1.0 0.0
48.87161001 74.04581692 0.0 0.0 0.0 0.0 0.0 0.0 1.0 0.0
48.87161001 69.04581692 0.0 0.0 0.0 0.0 0.0 0.0 1.0 0.0
48.87161001 64.04581692 0.0 0.0 0.0 0.0 0.0 0.0 1.0 0.0
48.87161001 59.04581692 0.0 0.0 0.0 0.0 0.0 0.0 1.0 0.0
48.87161001 54.04581692 0.0 0.0 0.0 0.0 0.0 0.0 1.0 0.0
48.87161001 49.04581692 0.0 0.0 0.0 0.0 0.0 0.0 1.0 0.0
48.87161001 44.04581692 0.0 0.0 0.0 0.0 0.0 0.0 1.0 0.0
48.87161001 39.04581692 0.0 0.0 0.0 0.0 0.0 0.0 0.0 1.0
53.87161001 34.04581692 0.0 0.0 0.0 0.0 0.0 0.0 1.0 0.0
53.87161001 29.04581692 0.0 0.0 0.0 0.0 0.0 0.0 0.0 1.0
58.87161001 24.04581692 0.0 0.0 0.0 0.0 0.0 0.0 0.0 1.0
63.87161001 19.04581692 0.0 0.0 0.0 0.0 0.0 0.0 0.0 1.0
68.87161001 14.04581692 1.0 0.0 0.0 0.0 0.0 0.0 0.0 0.0
73.87161001 14.04581692 1.0 0.0 0.0 0.0 0.0 0.0 0.0 0.0
78.87161001 14.04581692 0.0 0.0 0.0 0.0 0.0 0.0 0.0 1.0
