46.8999251 99.29388696 0.0 0.0 0.0 0.0 0.0 0.0 1.0 0.0
46.8999251 94.29388696 0.0 0.0 0.0 0.0 0.0 0.0 1.0 0.0
46.8999251 89.29388696 0.0 0.0 0.0 0.0 0.0 0.0 0.0 1.0
51.8999251 84.29388696 0.0 0.0 0.0 0.0 0.0 0.0 1.0 0.0
51.8999251 79.29388696 0.0 0.0 0.0 0.0 0.0 0.0 0.0 1.0
56.8999251 74.29388696 0.0 0.0 0.0 0.0 0.0 0.0 0.0 1.0
61.8999251 69.29388696 0.0 0.0 0.0 0.0 0.0 0.0 0.0 1.0
66.8999251 64.29388696 0.0 0.0 0.0 0.0 0.0 0.0 0.0 1.0
71.8999251 59.29388696 0.0 0.0 0.0 0.0 0.0 0.0 1.0 0.0
71.8999251 54.29388696 0.0 0.0 0.0 0.0 0.0 0.0 0.0 1.0
76.8999251 49.29388696 0.0 0.0 0.0 0.0 0.0 0.0 1.0 0.0
76.8999251 44.29388696 0.0 0.0 0.0 0.0 0.0 0.0 0.0 1.0
81.8999251 39.29388696 0.0 0.0 0.0 0.0 0.0 0.0 1.0 0.0
81.8999251 34.29388696 0.0 0.0 0.0 0.0 0.0 0.0 0.0 1.0
86.8999251 29.29388696 0.0 0.0 0.0 0.0 0.0 0.0 1.0 0.0
86.8999251 24.29388696 0.0 0.0 0.0 0.0 0.0 0.0 0.0 1.0
91.8999251 19.29388696 0.0 0.0 0.0 0.0 0.0 0.0 1.0 0.0
91.8999251 14.29388696 0.0 0.0 0.0 0.0 0.0 0.0 0.0 1.0
