0.43950337 89.53387141 1.0 0.0 0.0 0.0 0.0 0.0 0.0 0.0
5.43950337 89.53387141 0.0 1.0 0.0 0.0 0.0 0.0 0.0 0.0
10.43950337 94.53387141 1.0 0.0 0.0 0.0 0.0 0.0 0.0 0.0
15.43950337 94.53387141 1.0 0.0 0.0 0.0 0.0 0.0 0.0 0.0
20.43950337 94.53387141 1.0 0.0 0.0 0.0 0.0 0.0 0.0 0.0
25.43950337 94.53387141 0.0 0.0 0.0 0.0 0.0 0.0 0.0 1.0
30.43950337 89.53387141 0.0 0.0 0.0 0.0 0.0 0.0 0.0 1.0
35.43950337 84.53387141 0.0 0.0 0.0 0.0 0.0 0.0 1.0 0.0
35.43950337 79.53387141 0.0 0.0 0.0 0.0 0.0 0.0 1.0 0.0
35.43950337 74.53387141 0.0 0.0 0.0 0.0 0.0 0.0 1.0 0.0
35.43950337 69.53387141 0.0 0.0 0.0 0.0 0.0 0.0 1.0 0.0
35.43950337 64.53387141 0.0 0.0 0.0 0.0 0.0 0.0 1.0 0.0
35.43950337 59.53387141 0.0 0.0 0.0 0.0 0.0 0.0 1.0 0.0
35.43950337 54.53387141 0.0 0.0 0.0 0.0 0.0 0.0 0.0 1.0
40.43950337 49.53387141 0.0 0.0 0.0 0.0 0.0 0.0 1.0 0.0
40.43950337 44.53387141 0.0 0.0 0.0 0.0 0.0 0.0 0.0 1.0
45.43950337 39.53387141 0.0 0.0 0.0 0.0 0.0 0.0 1.0 0.0
45.43950337 34.53387141 0.0 0.0 0.0 0.0 0.0 0.0 0.0 1.0
50.43950337 29.53387141 0.0 0.0 0.0 0.0 0.0 0.0 1.0 0.0
50.43950337 24.53387141 0.0 0.0 0.0 0.0 0.0 0.0 0.0 1.0
55.43950337 19.53387141 0.0 0.0 0.0 0.0 0.0 0.0 1.0 0.0
55.43950337 14.53387141 0.0 0.0 0.0 0.0 0.0 0.0 0.0 1.0
60.43950337 9.53387141 0.0 0.0 0.0 0.0 0.0 0.0 0.0 1.0
