78.45694375 40.90612058 0.0 0.0 1.0 0.0 0.0 0.0 0.0 0.0
78.45694375 45.90612058 0.0 0.0 1.0 0.0 0.0 0.0 0.0 0.0
78.45694375 50.90612058 0.0 1.0 0.0 0.0 0.0 0.0 0.0 0.0
83.45694375 55.90612058 0.0 1.0 0.0 0.0 0.0 0.0 0.0 0.0
88.45694375 60.90612058 0.0 0.0 1.0 0.0 0.0 0.0 0.0 0.0
88.45694375 65.90612058 0.0 0.0 1.0 0.0 0.0 0.0 0.0 0.0
88.45694375 70.90612058 0.0 0.0 0.0 1.0 0.0 0.0 0.0 0.0
83.45694375 75.90612058 0.0 0.0 0.0 1.0 0.0 0.0 0.0 0.0
78.45694375 80.90612058 0.0 0.0 0.0 0.0 1.0 0.0 0.0 0.0
73.45694375 80.90612058 0.0 0.0 0.0 0.0 1.0 0.0 0.0 0.0
68.45694375 80.90612058 0.0 0.0 0.0 0.0 1.0 0.0 0.0 0.0
63.45694375 80.90612058 0.0 0.0 0.0 0.0 1.0 0.0 0.0 0.0
58.45694375 80.90612058 0.0 0.0 0.0 0.0 1.0 0.0 0.0 0.0
53.45694375 80.90612058 0.0 0.0 0.0 1.0 0.0 0.0 0.0 0.0
48.45694375 85.90612058 0.0 0.0 0.0 0.0 1.0 0.0 0.0 0.0
43.45694375 85.90612058 0.0 0.0 0.0 1.0 0.0 0.0 0.0 0.0
38.45694375 90.90612058 0.0 0.0 0.0 1.0 0.0 0.0 0.0 0.0
