23.24339492 3.57541791 0.0 0.0 1.0 0.0 0.0 0.0 0.0 0.0
23.24339492 8.57541791 0.0 0.0 1.0 0.0 0.0 0.0 0.0 0.0
23.24339492 13.57541791 0.0 0.0 1.0 0.0 0.0 0.0 0.0 0.0
23.24339492 18.57541791 0.0 0.0 1.0 0.0 0.0 0.0 0.0 0.0
23.24339492 23.57541791 0.0 0.0 1.0 0.0 0.0 0.0 0.0 0.0
23.24339492 28.57541791 0.0 0.0 1.0 0.0 0.0 0.0 0.0 0.0
23.24339492 33.57541791 0.0 0.0 0.0 1.0 0.0 0.0 0.0 0.0
18.24339492 38.57541791 0.0 0.0 1.0 0.0 0.0 0.0 0.0 0.0
18.24339492 43.57541791 0.0 0.0 1.0 0.0 0.0 0.0 0.0 0.0
18.24339492 48.57541791 0.0 0.0 1.0 0.0 0.0 0.0 0.0 0.0
18.24339492 53.57541791 0.0 0.0 1.0 0.0 0.0 0.0 0.0 0.0
18.24339492 58.57541791 0.0 0.0 1.0 0.0 0.0 0.0 0.0 0.0
18.24339492 63.57541791 0.0 0.0 1.0 0.0 0.0 0.0 0.0 0.0
18.24339492 68.57541791 0.0 1.0 0.0 0.0 0.0 0.0 0.0 0.0
23.24339492 73.57541791 0.0 0.0 1.0 0.0 0.0 0.0 0.0 0.0
23.24339492 78.57541791 0.0 1.0 0.0 0.0 0.0 0.0 0.0 0.0
