97.38898901 66.3889279 0.0 0.0 0.0 0.0 1.0 0.0 0.0 0.0
92.38898901 66.3889279 0.0 0.0 0.0 0.0 1.0 0.0 0.0 0.0
87.38898901 66.3889279 0.0 0.0 0.0 0.0 1.0 0.0 0.0 0.0
82.38898901 66.3889279 0.0 0.0 0.0 0.0 1.0 0.0 0.0 0.0
77.38898901 66.3889279 0.0 0.0 0.0 0.0 1.0 0.0 0.0 0.0
72.38898901 66.3889279 0.0 0.0 0.0 0.0 1.0 0.0 0.0 0.0
67.38898901 66.3889279 0.0 0.0 0.0 0.0 1.0 0.0 0.0 0.0
62.38898901 66.3889279 0.0 0.0 0.0 0.0 1.0 0.0 0.0 0.0
57.38898901 66.3889279 0.0 0.0 0.0 0.0 0.0 1.0 0.0 0.0
52.38898901 61.3889279 0.0 0.0 0.0 0.0 1.0 0.0 0.0 0.0
47.38898901 61.3889279 0.0 0.0 0.0 0.0 0.0 1.0 0.0 0.0
42.38898901 56.3889279 0.0 0.0 0.0 0.0 1.0 0.0 0.0 0.0
37.38898901 56.3889279 0.0 0.0 0.0 0.0 0.0 1.0 0.0 0.0
32.38898901 51.3889279 0.0 0.0 0.0 0.0 1.0 0.0 0.0 0.0
27.38898901 51.3889279 0.0 0.0 0.0 0.0 1.0 0.0 0.0 0.0
22.38898901 51.3889279 0.0 0.0 0.0 0.0 0.0 1.0 0.0 0.0
17.38898901 46.3889279 0.0 0.0 0.0 0.0 1.0 0.0 0.0 0.0
12.38898901 46.3889279 0.0 0.0 0.0 0.0 0.0 1.0 0.0 0.0
