77.57746967 10.88144337 0.0 0.0 0.0 1.0 0.0 0.0 0.0 0.0
72.57746967 15.88144337 0.0 0.0 0.0 1.0 0.0 0.0 0.0 0.0
67.57746967 20.88144337 0.0 0.0 0.0 1.0 0.0 0.0 0.0 0.0
62.57746967 25.88144337 0.0 0.0 0.0 1.0 0.0 0.0 0.0 0.0
57.57746967 30.88144337 0.0 0.0 1.0 0.0 0.0 0.0 0.0 0.0
57.57746967 35.88144337 0.0 0.0 1.0 0.0 0.0 0.0 0.0 0.0
57.57746967 40.88144337 0.0 0.0 0.0 1.0 0.0 0.0 0.0 0.0
52.57746967 45.88144337 0.0 0.0 0.0 1.0 0.0 0.0 0.0 0.0
47.57746967 50.88144337 0.0 0.0 0.0 0.0 1.0 0.0 0.0 0.0
42.57746967 50.88144337 0.0 0.0 0.0 0.0 1.0 0.0 0.0 0.0
37.57746967 50.88144337 0.0 0.0 0.0 0.0 1.0 0.0 0.0 0.0
32.57746967 50.88144337 0.0 0.0 0.0 0.0 1.0 0.0 0.0 0.0
27.57746967 50.88144337 0.0 0.0 0.0 0.0 1.0 0.0 0.0 0.0
22.57746967 50.88144337 0.0 0.0 0.0 0.0 1.0 0.0 0.0 0.0
17.57746967 50.88144337 0.0 0.0 0.0 1.0 0.0 0.0 0.0 0.0
