64.48922803 71.24607143 0.0 0.0 0.0 1.0 0.0 0.0 0.0 0.0
59.48922803 76.24607143 0.0 0.0 0.0 0.0 1.0 0.0 0.0 0.0
54.48922803 76.24607143 0.0 0.0 0.0 0.0 0.0 1.0 0.0 0.0
49.48922803 71.24607143 0.0 0.0 0.0 0.0 0.0 1.0 0.0 0.0
44.48922803 66.24607143 0.0 0.0 0.0 0.0 0.0 1.0 0.0 0.0
39.48922803 61.24607143 0.0 0.0 0.0 0.0 0.0 0.0 1.0 0.0
39.48922803 56.24607143 0.0 0.0 0.0 0.0 0.0 0.0 1.0 0.0
39.48922803 51.24607143 0.0 0.0 0.0 0.0 0.0 0.0 0.0 1.0
44.48922803 46.24607143 0.0 0.0 0.0 0.0 0.0 0.0 1.0 0.0
44.48922803 41.24607143 0.0 0.0 0.0 0.0 0.0 0.0 1.0 0.0
44.48922803 36.24607143 0.0 0.0 0.0 0.0 0.0 1.0 0.0 0.0
39.48922803 31.24607143 0.0 0.0 0.0 0.0 0.0 1.0 0.0 0.0
34.48922803 26.24607143 0.0 0.0 0.0 0.0 1.0 0.0 0.0 0.0
29.48922803 26.24607143 0.0 0.0 0.0 0.0 0.0 1.0 0.0 0.0
24.48922803 21.24607143 0.0 0.0 0.0 1.0 0.0 0.0 0.0 0.0
