93.97304975 5.99867488 0.0 0.0 0.0 1.0 0.0 0.0 0.0 0.0
88.97304975 10.99867488 0.0 0.0 0.0 1.0 0.0 0.0 0.0 0.0
83.97304975 15.99867488 0.0 0.0 1.0 0.0 0.0 0.0 0.0 0.0
83.97304975 20.99867488 0.0 0.0 0.0 1.0 0.0 0.0 0.0 0.0
78.97304975 25.99867488 0.0 0.0 1.0 0.0 0.0 0.0 0.0 0.0
78.97304975 30.99867488 0.0 0.0 0.0 1.0 0.0 0.0 0.0 0.0
73.97304975 35.99867488 0.0 0.0 1.0 0.0 0.0 0.0 0.0 0.0
73.97304975 40.99867488 0.0 0.0 0.0 1.0 0.0 0.0 0.0 0.0
68.97304975 45.99867488 0.0 0.0 1.0 0.0 0.0 0.0 0.0 0.0
68.97304975 50.99867488 0.0 0.0 1.0 0.0 0.0 0.0 0.0 0.0
68.97304975 55.99867488 0.0 0.0 0.0 1.0 0.0 0.0 0.0 0.0
63.97304975 60.99867488 0.0 0.0 1.0 0.0 0.0 0.0 0.0 0.0
63.97304975 65.99867488 0.0 0.0 0.0 1.0 0.0 0.0 0.0 0.0
58.97304975 70.99867488 0.0 0.0 1.0 0.0 0.0 0.0 0.0 0.0
58.97304975 75.99867488 0.0 0.0 0.0 1.0 0.0 0.0 0.0 0.0
53.97304975 80.99867488 0.0 0.0 1.0 0.0 0.0 0.0 0.0 0.0
53.97304975 85.99867488 0.0 0.0 0.0 1.0 0.0 0.0 0.0 0.0
48.97304975 90.99867488 0.0 0.0 1.0 0.0 0.0 0.0 0.0 0.0
48.97304975 95.99867488 0.0 0.0 0.0 1.0 0.0 0.0 0.0 0.0
