4.29488104 66.1560207 0.0 0.0 0.0 0.0 0.0 0.0 0.0 1.0
9.29488104 61.1560207 0.0 0.0 0.0 0.0 0.0 0.0 0.0 1.0
14.29488104 56.1560207 0.0 0.0 0.0 0.0 0.0 0.0 0.0 1.0
19.29488104 51.1560207 0.0 0.0 0.0 0.0 0.0 0.0 0.0 1.0
24.29488104 46.1560207 0.0 0.0 0.0 0.0 0.0 0.0 0.0 1.0
29.29488104 41.1560207 0.0 0.0 0.0 0.0 0.0 0.0 0.0 1.0
34.29488104 36.1560207 0.0 0.0 0.0 0.0 0.0 0.0 0.0 1.0
39.29488104 31.1560207 0.0 0.0 0.0 0.0 0.0 0.0 0.0 1.0
44.29488104 26.1560207 0.0 0.0 0.0 0.0 0.0 0.0 0.0 1.0
49.29488104 21.1560207 0.0 0.0 0.0 0.0 0.0 0.0 0.0 1.0
54.29488104 16.1560207 0.0 0.0 0.0 0.0 0.0 0.0 0.0 1.0
59.29488104 11.1560207 1.0 0.0 0.0 0.0 0.0 0.0 0.0 0.0
64.29488104 11.1560207 1.0 0.0 0.0 0.0 0.0 0.0 0.0 0.0
69.29488104 11.1560207 0.0 1.0 0.0 0.0 0.0 0.0 0.0 0.0
74.29488104 16.1560207 0.0 1.0 0.0 0.0 0.0 0.0 0.0 0.0
79.29488104 21.1560207 1.0 0.0 0.0 0.0 0.0 0.0 0.0 0.0
84.29488104 21.1560207 0.0 1.0 0.0 0.0 0.0 0.0 0.0 0.0
89.29488104 26.1560207 1.0 0.0 0.0 0.0 0.0 0.0 0.0 0.0
94.29488104 26.1560207 0.0 1.0 0.0 0.0 0.0 0.0 0.0 0.0
