30.90145003 5.78447106 0.0 0.0 1.0 0.0 0.0 0.0 0.0 0.0
30.90145003 10.78447106 0.0 0.0 1.0 0.0 0.0 0.0 0.0 0.0
30.90145003 15.78447106 0.0 0.0 1.0 0.0 0.0 0.0 0.0 0.0
30.90145003 20.78447106 0.0 0.0 1.0 0.0 0.0 0.0 0.0 0.0
30.90145003 25.78447106 0.0 0.0 1.0 0.0 0.0 0.0 0.0 0.0
30.90145003 30.78447106 0.0 0.0 1.0 0.0 0.0 0.0 0.0 0.0
30.90145003 35.78447106 0.0 0.0 0.0 1.0 0.0 0.0 0.0 0.0
25.90145003 40.78447106 0.0 0.0 1.0 0.0 0.0 0.0 0.0 0.0
25.90145003 45.78447106 0.0 0.0 1.0 0.0 0.0 0.0 0.0 0.0
25.90145003 50.78447106 0.0 0.0 1.0 0.0 0.0 0.0 0.0 0.0
25.90145003 55.78447106 0.0 0.0 1.0 0.0 0.0 0.0 0.0 0.0
25.90145003 60.78447106 0.0 0.0 1.0 0.0 0.0 0.0 0.0 0.0
25.90145003 65.78447106 0.0 0.0 0.0 1.0 0.0 0.0 0.0 0.0
20.90145003 70.78447106 0.0 0.0 0.0 1.0 0.0 0.0 0.0 0.0
15.90145003 75.78447106 0.0 0.0 0.0 1.0 0.0 0.0 0.0 0.0
