7.40239676 64.01610876 1.0 0.0 0.0 0.0 0.0 0.0 0.0 0.0
12.40239676 64.01610876 1.0 0.0 0.0 0.0 0.0 0.0 0.0 0.0
17.40239676 64.01610876 1.0 0.0 0.0 0.0 0.0 0.0 0.0 0.0
22.40239676 64.01610876 1.0 0.0 0.0 0.0 0.0 0.0 0.0 0.0
27.40239676 64.01610876 1.0 0.0 0.0 0.0 0.0 0.0 0.0 0.0
32.40239676 64.01610876 0.0 0.0 0.0 0.0 0.0 0.0 0.0 1.0
37.40239676 59.01610876 1.0 0.0 0.0 0.0 0.0 0.0 0.0 0.0
42.40239676 59.01610876 0.0 0.0 0.0 0.0 0.0 0.0 0.0 1.0
47.40239676 54.01610876 1.0 0.0 0.0 0.0 0.0 0.0 0.0 0.0
52.40239676 54.01610876 0.0 0.0 0.0 0.0 0.0 0.0 0.0 1.0
57.40239676 49.01610876 1.0 0.0 0.0 0.0 0.0 0.0 0.0 0.0
62.40239676 49.01610876 0.0 0.0 0.0 0.0 0.0 0.0 0.0 1.0
67.40239676 44.01610876 1.0 0.0 0.0 0.0 0.0 0.0 0.0 0.0
72.40239676 44.01610876 0.0 0.0 0.0 0.0 0.0 0.0 0.0 1.0
77.40239676 39.01610876 1.0 0.0 0.0 0.0 0.0 0.0 0.0 0.0
82.40239676 39.01610876 1.0 0.0 0.0 0.0 0.0 0.0 0.0 0.0
87.40239676 39.01610876 0.0 0.0 0.0 0.0 0.0 0.0 0.0 1.0
92.40239676 34.01610876 0.0 0.0 0.0 0.0 0.0 0.0 0.0 1.0
