2.62932372 70.04400136 1.0 0.0 0.0 0.0 0.0 0.0 0.0 0.0
7.62932372 70.04400136 1.0 0.0 0.0 0.0 0.0 0.0 0.0 0.0
12.62932372 70.04400136 1.0 0.0 0.0 0.0 0.0 0.0 0.0 0.0
17.62932372 70.04400136 1.0 0.0 0.0 0.0 0.0 0.0 0.0 0.0
22.62932372 70.04400136 1.0 0.0 0.0 0.0 0.0 0.0 0.0 0.0
27.62932372 70.04400136 1.0 0.0 0.0 0.0 0.0 0.0 0.0 0.0
32.62932372 70.04400136 0.0 0.0 0.0 0.0 0.0 0.0 0.0 1.0
37.62932372 65.04400136 1.0 0.0 0.0 0.0 0.0 0.0 0.0 0.0
42.62932372 65.04400136 1.0 0.0 0.0 0.0 0.0 0.0 0.0 0.0
47.62932372 65.04400136 0.0 0.0 0.0 0.0 0.0 0.0 0.0 1.0
52.62932372 60.04400136 1.0 0.0 0.0 0.0 0.0 0.0 0.0 0.0
57.62932372 60.04400136 0.0 0.0 0.0 0.0 0.0 0.0 0.0 1.0
62.62932372 55.04400136 0.0 0.0 0.0 0.0 0.0 0.0 0.0 1.0
67.62932372 50.04400136 0.0 0.0 0.0 0.0 0.0 0.0 0.0 1.0
72.62932372 45.04400136 1.0 0.0 0.0 0.0 0.0 0.0 0.0 0.0
77.62932372 45.04400136 1.0 0.0 0.0 0.0 0.0 0.0 0.0 0.0
82.62932372 45.04400136 0.0 1.0 0.0 0.0 0.0 0.0 0.0 0.0
