78.0852375 85.05686451 0.0 0.0 0.0 0.0 1.0 0.0 0.0 0.0
73.0852375 85.05686451 0.0 0.0 0.0 0.0 1.0 0.0 0.0 0.0
68.0852375 85.05686451 0.0 0.0 0.0 0.0 1.0 0.0 0.0 0.0
63.0852375 85.05686451 0.0 0.0 0.0 0.0 0.0 1.0 0.0 0.0
58.0852375 80.05686451 0.0 0.0 0.0 0.0 0.0 1.0 0.0 0.0
53.0852375 75.05686451 0.0 0.0 0.0 0.0 0.0 0.0 1.0 0.0
53.0852375 70.05686451 0.0 0.0 0.0 0.0 0.0 1.0 0.0 0.0
48.0852375 65.05686451 0.0 0.0 0.0 0.0 0.0 1.0 0.0 0.0
43.0852375 60.05686451 0.0 0.0 0.0 0.0 0.0 1.0 0.0 0.0
38.0852375 55.05686451 0.0 0.0 0.0 0.0 0.0 1.0 0.0 0.0
33.0852375 50.05686451 0.0 0.0 0.0 0.0 0.0 1.0 0.0 0.0
28.0852375 45.05686451 0.0 0.0 0.0 0.0 0.0 0.0 1.0 0.0
28.0852375 40.05686451 0.0 0.0 0.0 0.0 0.0 0.0 1.0 0.0
28.0852375 35.05686451 0.0 0.0 0.0 0.0 0.0 0.0 0.0 1.0
33.0852375 30.05686451 0.0 0.0 0.0 0.0 0.0 0.0 0.0 1.0
38.0852375 25.05686451 1.0 0.0 0.0 0.0 0.0 0.0 0.0 0.0
43.0852375 25.05686451 0.0 0.0 0.0 0.0 0.0 0.0 0.0 1.0
