98.84166527 65.77145009 0.0 0.0 0.0 0.0 0.0 1.0 0.0 0.0
93.84166527 60.77145009 0.0 0.0 0.0 0.0 0.0 1.0 0.0 0.0
88.84166527 55.77145009 0.0 0.0 0.0 0.0 0.0 1.0 0.0 0.0
83.84166527 50.77145009 0.0 0.0 0.0 0.0 1.0 0.0 0.0 0.0
78.84166527 50.77145009 0.0 0.0 0.0 0.0 1.0 0.0 0.0 0.0
73.84166527 50.77145009 0.0 0.0 0.0 0.0 0.0 1.0 0.0 0.0
68.84166527 45.77145009 0.0 0.0 0.0 0.0 1.0 0.0 0.0 0.0
63.84166527 45.77145009 0.0 0.0 0.0 0.0 0.0 1.0 0.0 0.0
58.84166527 40.77145009 0.0 0.0 0.0 0.0 1.0 0.0 0.0 0.0
53.84166527 40.77145009 0.0 0.0 0.0 0.0 0.0 1.0 0.0 0.0
48.84166527 35.77145009 0.0 0.0 0.0 0.0 1.0 0.0 0.0 0.0
43.84166527 35.77145009 0.0 0.0 0.0 0.0 0.0 1.0 0.0 0.0
38.84166527 30.77145009 0.0 0.0 0.0 0.0 0.0 1.0 0.0 0.0
33.84166527 25.77145009 0.0 0.0 0.0 0.0 0.0 1.0 0.0 0.0
28.84166527 20.77145009 0.0 0.0 0.0 0.0 0.0 1.0 0.0 0.0
23.84166527 15.77145009 0.0 0.0 0.0 0.0 1.0 0.0 0.0 0.0
18.84166527 15.77145009 0.0 0.0 0.0 0.0 1.0 0.0 0.0 0.0
13.84166527 15.77145009 0.0 0.0 0.0 0.0 1.0 0.0 0.0 0.0
8.84166527 15.77145009 0.0 0.0 0.0 1.0 0.0 0.0 0.0 0.0
