4.22790926 62.00636973 0.0 0.0 0.0 0.0 0.0 0.0 0.0 1.0
9.22790926 57.00636973 0.0 0.0 0.0 0.0 0.0 0.0 0.0 1.0
14.22790926 52.00636973 0.0 0.0 0.0 0.0 0.0 0.0 0.0 1.0
19.22790926 47.00636973 0.0 0.0 0.0 0.0 0.0 0.0 0.0 1.0
24.22790926 42.00636973 0.0 0.0 0.0 0.0 0.0 0.0 1.0 0.0
24.22790926 37.00636973 0.0 0.0 0.0 0.0 0.0 0.0 0.0 1.0
29.22790926 32.00636973 0.0 0.0 0.0 0.0 0.0 0.0 0.0 1.0
34.22790926 27.00636973 1.0 0.0 0.0 0.0 0.0 0.0 0.0 0.0
39.22790926 27.00636973 1.0 0.0 0.0 0.0 0.0 0.0 0.0 0.0
44.22790926 27.00636973 0.0 0.0 0.0 0.0 0.0 0.0 0.0 1.0
49.22790926 22.00636973 1.0 0.0 0.0 0.0 0.0 0.0 0.0 0.0
54.22790926 22.00636973 0.0 0.0 0.0 0.0 0.0 0.0 0.0 1.0
59.22790926 17.00636973 1.0 0.0 0.0 0.0 0.0 0.0 0.0 0.0
64.22790926 17.00636973 0.0 0.0 0.0 0.0 0.0 0.0 0.0 1.0
69.22790926 12.00636973 1.0 0.0 0.0 0.0 0.0 0.0 0.0 0.0
74.22790926 12.00636973 0.0 0.0 0.0 0.0 0.0 0.0 0.0 1.0
79.22790926 7.00636973 1.0 0.0 0.0 0.0 0.0 0.0 0.0 0.0
84.22790926 7.00636973 0.0 0.0 0.0 0.0 0.0 0.0 0.0 1.0
89.22790926 2.00636973 0.0 1.0 0.0 0.0 0.0 0.0 0.0 0.0
