38.26759967 11.97962398 0.0 1.0 0.0 0.0 0.0 0.0 0.0 0.0
43.26759967 16.97962398 0.0 1.0 0.0 0.0 0.0 0.0 0.0 0.0
48.26759967 21.97962398 0.0 0.0 1.0 0.0 0.0 0.0 0.0 0.0
48.26759967 26.97962398 0.0 0.0 1.0 0.0 0.0 0.0 0.0 0.0
48.26759967 31.97962398 0.0 0.0 1.0 0.0 0.0 0.0 0.0 0.0
48.26759967 36.97962398 0.0 1.0 0.0 0.0 0.0 0.0 0.0 0.0
53.26759967 41.97962398 0.0 0.0 1.0 0.0 0.0 0.0 0.0 0.0
53.26759967 46.97962398 0.0 0.0 1.0 0.0 0.0 0.0 0.0 0.0
53.26759967 51.97962398 0.0 0.0 1.0 0.0 0.0 0.0 0.0 0.0
53.26759967 56.97962398 0.0 0.0 1.0 0.0 0.0 0.0 0.0 0.0
53.26759967 61.97962398 0.0 0.0 1.0 0.0 0.0 0.0 0.0 0.0
53.26759967 66.97962398 0.0 0.0 1.0 0.0 0.0 0.0 0.0 0.0
53.26759967 71.97962398 0.0 0.0 1.0 0.0 0.0 0.0 0.0 0.0
53.26759967 76.97962398 0.0 0.0 1.0 0.0 0.0 0.0 0.0 0.0
53.26759967 81.97962398 0.0 1.0 0.0 0.0 0.0 0.0 0.0 0.0
58.26759967 86.97962398 1.0 0.0 0.0 0.0 0.0 0.0 0.0 0.0
63.26759967 86.97962398 0.0 1.0 0.0 0.0 0.0 0.0 0.0 0.0
68.26759967 91.97962398 1.0 0.0 0.0 0.0 0.0 0.0 0.0 0.0
73.26759967 91.97962398 1.0 0.0 0.0 0.0 0.0 0.0 0.0 0.0
78.26759967 91.97962398 0.0 1.0 0.0 0.0 0.0 0.0 0.0 0.0
