97.19524761 46.54623091 0.0 0.0 0.0 0.0 0.0 1.0 0.0 0.0
92.19524761 41.54623091 0.0 0.0 0.0 0.0 0.0 1.0 0.0 0.0
87.19524761 36.54623091 0.0 0.0 0.0 0.0 0.0 0.0 1.0 0.0
87.19524761 31.54623091 0.0 0.0 0.0 0.0 0.0 0.0 1.0 0.0
87.19524761 26.54623091 0.0 0.0 0.0 0.0 0.0 1.0 0.0 0.0
82.19524761 21.54623091 0.0 0.0 0.0 0.0 0.0 1.0 0.0 0.0
77.19524761 16.54623091 0.0 0.0 0.0 0.0 1.0 0.0 0.0 0.0
72.19524761 16.54623091 0.0 0.0 0.0 0.0 1.0 0.0 0.0 0.0
67.19524761 16.54623091 0.0 0.0 0.0 0.0 1.0 0.0 0.0 0.0
62.19524761 16.54623091 0.0 0.0 0.0 0.0 1.0 0.0 0.0 0.0
57.19524761 16.54623091 0.0 0.0 0.0 1.0 0.0 0.0 0.0 0.0
52.19524761 21.54623091 0.0 0.0 0.0 0.0 1.0 0.0 0.0 0.0
47.19524761 21.54623091 0.0 0.0 0.0 1.0 0.0 0.0 0.0 0.0
42.19524761 26.54623091 0.0 0.0 0.0 0.0 1.0 0.0 0.0 0.0
37.19524761 26.54623091 0.0 0.0 0.0 0.0 1.0 0.0 0.0 0.0
32.19524761 26.54623091 0.0 0.0 0.0 1.0 0.0 0.0 0.0 0.0
27.19524761 31.54623091 0.0 0.0 0.0 1.0 0.0 0.0 0.0 0.0
22.19524761 36.54623091 0.0 0.0 0.0 1.0 0.0 0.0 0.0 0.0
17.19524761 41.54623091 0.0 0.0 0.0 0.0 1.0 0.0 0.0 0.0
12.19524761 41.54623091 0.0 0.0 0.0 0.0 1.0 0.0 0.0 0.0
7.19524761 41.54623091 0.0 0.0 0.0 1.0 0.0 0.0 0.0 0.0
