9.27358116 20.91840693 0.0 0.0 1.0 0.0 0.0 0.0 0.0 0.0
9.27358116 25.91840693 0.0 0.0 1.0 0.0 0.0 0.0 0.0 0.0
9.27358116 30.91840693 0.0 0.0 1.0 0.0 0.0 0.0 0.0 0.0
9.27358116 35.91840693 0.0 0.0 1.0 0.0 0.0 0.0 0.0 0.0
9.27358116 40.91840693 0.0 0.0 1.0 0.0 0.0 0.0 0.0 0.0
9.27358116 45.91840693 0.0 0.0 1.0 0.0 0.0 0.0 0.0 0.0
9.27358116 50.91840693 0.0 0.0 1.0 0.0 0.0 0.0 0.0 0.0
9.27358116 55.91840693 0.0 0.0 1.0 0.0 0.0 0.0 0.0 0.0
9.27358116 60.91840693 0.0 0.0 1.0 0.0 0.0 0.0 0.0 0.0
9.27358116 65.91840693 0.0 0.0 0.0 1.0 0.0 0.0 0.0 0.0
4.27358116 70.91840693 0.0 0.0 1.0 0.0 0.0 0.0 0.0 0.0
4.27358116 75.91840693 0.0 0.0 1.0 0.0 0.0 0.0 0.0 0.0
4.27358116 80.91840693 0.0 1.0 0.0 0.0 0.0 0.0 0.0 0.0
9.27358116 85.91840693 0.0 1.0 0.0 0.0 0.0 0.0 0.0 0.0
14.27358116 90.91840693 1.0 0.0 0.0 0.0 0.0 0.0 0.0 0.0
19.27358116 90.91840693 1.0 0.0 0.0 0.0 0.0 0.0 0.0 0.0
24.27358116 90.91840693 1.0 0.0 0.0 0.0 0.0 0.0 0.0 0.0
29.27358116 90.91840693 1.0 0.0 0.0 0.0 0.0 0.0 0.0 0.0
34.27358116 90.91840693 0.0 0.0 0.0 0.0 0.0 0.0 0.0 1.0
