20.02531794 94.59973597 0.0 0.0 0.0 0.0 0.0 0.0 0.0 1.0
25.02531794 89.59973597 0.0 0.0 0.0 0.0 0.0 0.0 1.0 0.0
25.02531794 84.59973597 0.0 0.0 0.0 0.0 0.0 0.0 1.0 0.0
25.02531794 79.59973597 0.0 0.0 0.0 0.0 0.0 0.0 0.0 1.0
30.02531794 74.59973597 0.0 0.0 0.0 0.0 0.0 0.0 1.0 0.0
30.02531794 69.59973597 0.0 0.0 0.0 0.0 0.0 0.0 1.0 0.0
30.02531794 64.59973597 0.0 0.0 0.0 0.0 0.0 0.0 1.0 0.0
30.02531794 59.59973597 0.0 0.0 0.0 0.0 0.0 0.0 0.0 1.0
35.02531794 54.59973597 0.0 0.0 0.0 0.0 0.0 0.0 0.0 1.0
40.02531794 49.59973597 0.0 0.0 0.0 0.0 0.0 0.0 0.0 1.0
45.02531794 44.59973597 0.0 0.0 0.0 0.0 0.0 0.0 0.0 1.0
50.02531794 39.59973597 0.0 0.0 0.0 0.0 0.0 0.0 0.0 1.0
55.02531794 34.59973597 0.0 0.0 0.0 0.0 0.0 0.0 0.0 1.0
60.02531794 29.59973597 0.0 0.0 0.0 0.0 0.0 0.0 0.0 1.0
65.02531794 24.59973597 0.0 0.0 0.0 0.0 0.0 0.0 0.0 1.0
70.02531794 19.59973597 0.0 0.0 0.0 0.0 0.0 0.0 0.0 1.0
75.02531794 14.59973597 1.0 0.0 0.0 0.0 0.0 0.0 0.0 0.0
80.02531794 14.59973597 1.0 0.0 0.0 0.0 0.0 0.0 0.0 0.0
85.02531794 14.59973597 1.0 0.0 0.0 0.0 0.0 0.0 0.0 0.0
90.02531794 14.59973597 0.0 1.0 0.0 0.0 0.0 0.0 0.0 0.0
