60.23143379 78.51142268 0.0 0.0 0.0 0.0 0.0 0.0 1.0 0.0
60.23143379 73.51142268 0.0 0.0 0.0 0.0 0.0 1.0 0.0 0.0
55.23143379 68.51142268 0.0 0.0 0.0 0.0 0.0 0.0 1.0 0.0
55.23143379 63.51142268 0.0 0.0 0.0 0.0 0.0 0.0 1.0 0.0
55.23143379 58.51142268 0.0 0.0 0.0 0.0 0.0 1.0 0.0 0.0
50.23143379 53.51142268 0.0 0.0 0.0 0.0 0.0 0.0 1.0 0.0
50.23143379 48.51142268 0.0 0.0 0.0 0.0 0.0 0.0 1.0 0.0
50.23143379 43.51142268 0.0 0.0 0.0 0.0 0.0 0.0 1.0 0.0
50.23143379 38.51142268 0.0 0.0 0.0 0.0 0.0 0.0 1.0 0.0
50.23143379 33.51142268 0.0 0.0 0.0 0.0 0.0 1.0 0.0 0.0
45.23143379 28.51142268 0.0 0.0 0.0 0.0 0.0 1.0 0.0 0.0
40.23143379 23.51142268 0.0 0.0 0.0 0.0 0.0 1.0 0.0 0.0
