30.73220972 19.26986972 0.0 0.0 1.0 0.0 0.0 0.0 0.0 0.0
30.73220972 24.26986972 0.0 0.0 1.0 0.0 0.0 0.0 0.0 0.0
30.73220972 29.26986972 0.0 0.0 1.0 0.0 0.0 0.0 0.0 0.0
30.73220972 34.26986972 0.0 1.0 0.0 0.0 0.0 0.0 0.0 0.0
35.73220972 39.26986972 0.0 1.0 0.0 0.0 0.0 0.0 0.0 0.0
40.73220972 44.26986972 0.0 1.0 0.0 0.0 0.0 0.0 0.0 0.0
45.73220972 49.26986972 0.0 0.0 1.0 0.0 0.0 0.0 0.0 0.0
45.73220972 54.26986972 0.0 0.0 1.0 0.0 0.0 0.0 0.0 0.0
45.73220972 59.26986972 0.0 0.0 1.0 0.0 0.0 0.0 0.0 0.0
45.73220972 64.26986972 0.0 0.0 1.0 0.0 0.0 0.0 0.0 0.0
45.73220972 69.26986972 0.0 0.0 1.0 0.0 0.0 0.0 0.0 0.0
45.73220972 74.26986972 0.0 0.0 1.0 0.0 0.0 0.0 0.0 0.0
45.73220972 79.26986972 0.0 0.0 0.0 1.0 0.0 0.0 0.0 0.0
