10.15498206 88.02450085 0.0 0.0 0.0 0.0 0.0 0.0 1.0 0.0
10.15498206 83.02450085 0.0 0.0 0.0 0.0 0.0 0.0 1.0 0.0
10.15498206 78.02450085 0.0 0.0 0.0 0.0 0.0 0.0 0.0 1.0
15.15498206 73.02450085 0.0 0.0 0.0 0.0 0.0 0.0 0.0 1.0
20.15498206 68.02450085 1.0 0.0 0.0 0.0 0.0 0.0 0.0 0.0
25.15498206 68.02450085 1.0 0.0 0.0 0.0 0.0 0.0 0.0 0.0
30.15498206 68.02450085 1.0 0.0 0.0 0.0 0.0 0.0 0.0 0.0
35.15498206 68.02450085 1.0 0.0 0.0 0.0 0.0 0.0 0.0 0.0
40.15498206 68.02450085 1.0 0.0 0.0 0.0 0.0 0.0 0.0 0.0
45.15498206 68.02450085 0.0 1.0 0.0 0.0 0.0 0.0 0.0 0.0
50.15498206 73.02450085 1.0 0.0 0.0 0.0 0.0 0.0 0.0 0.0
55.15498206 73.02450085 0.0 1.0 0.0 0.0 0.0 0.0 0.0 0.0
60.15498206 78.02450085 1.0 0.0 0.0 0.0 0.0 0.0 0.0 0.0
65.15498206 78.02450085 1.0 0.0 0.0 0.0 0.0 0.0 0.0 0.0
70.15498206 78.02450085 0.0 1.0 0.0 0.0 0.0 0.0 0.0 0.0
75.15498206 83.02450085 1.0 0.0 0.0 0.0 0.0 0.0 0.0 0.0
80.15498206 83.02450085 0.0 1.0 0.0 0.0 0.0 0.0 0.0 0.0
85.15498206 88.02450085 1.0 0.0 0.0 0.0 0.0 0.0 0.0 0.0
90.15498206 88.02450085 0.0 1.0 0.0 0.0 0.0 0.0 0.0 0.0
