87.32288498 74.54598913 0.0 0.0 0.0 0.0 1.0 0.0 0.0 0.0
82.32288498 74.54598913 0.0 0.0 0.0 0.0 1.0 0.0 0.0 0.0
77.32288498 74.54598913 0.0 0.0 0.0 0.0 0.0 1.0 0.0 0.0
72.32288498 69.54598913 0.0 0.0 0.0 0.0 0.0 1.0 0.0 0.0
67.32288498 64.54598913 0.0 0.0 0.0 0.0 1.0 0.0 0.0 0.0
62.32288498 64.54598913 0.0 0.0 0.0 0.0 1.0 0.0 0.0 0.0
57.32288498 64.54598913 0.0 0.0 0.0 0.0 0.0 1.0 0.0 0.0
52.32288498 59.54598913 0.0 0.0 0.0 0.0 1.0 0.0 0.0 0.0
47.32288498 59.54598913 0.0 0.0 0.0 0.0 0.0 1.0 0.0 0.0
42.32288498 54.54598913 0.0 0.0 0.0 0.0 0.0 1.0 0.0 0.0
37.32288498 49.54598913 0.0 0.0 0.0 0.0 0.0 0.0 1.0 0.0
37.32288498 44.54598913 0.0 0.0 0.0 0.0 0.0 1.0 0.0 0.0
32.32288498 39.54598913 0.0 0.0 0.0 0.0 0.0 0.0 1.0 0.0
32.32288498 34.54598913 0.0 0.0 0.0 0.0 0.0 1.0 0.0 0.0
27.32288498 29.54598913 0.0 0.0 0.0 0.0 0.0 0.0 1.0 0.0
27.32288498 24.54598913 0.0 0.0 0.0 0.0 0.0 1.0 0.0 0.0
