85.87480722 2.12441664 0.0 1.0 0.0 0.0 0.0 0.0 0.0 0.0
90.87480722 7.12441664 0.0 1.0 0.0 0.0 0.0 0.0 0.0 0.0
95.87480722 12.12441664 0.0 0.0 1.0 0.0 0.0 0.0 0.0 0.0
95.87480722 17.12441664 0.0 0.0 1.0 0.0 0.0 0.0 0.0 0.0
95.87480722 22.12441664 0.0 0.0 0.0 1.0 0.0 0.0 0.0 0.0
90.87480722 27.12441664 0.0 0.0 0.0 1.0 0.0 0.0 0.0 0.0
85.87480722 32.12441664 0.0 0.0 1.0 0.0 0.0 0.0 0.0 0.0
85.87480722 37.12441664 0.0 0.0 1.0 0.0 0.0 0.0 0.0 0.0
85.87480722 42.12441664 0.0 0.0 1.0 0.0 0.0 0.0 0.0 0.0
85.87480722 47.12441664 0.0 0.0 1.0 0.0 0.0 0.0 0.0 0.0
85.87480722 52.12441664 0.0 0.0 1.0 0.0 0.0 0.0 0.0 0.0
85.87480722 57.12441664 0.0 0.0 1.0 0.0 0.0 0.0 0.0 0.0
85.87480722 62.12441664 0.0 0.0 1.0 0.0 0.0 0.0 0.0 0.0
85.87480722 67.12441664 0.0 0.0 1.0 0.0 0.0 0.0 0.0 0.0
85.87480722 72.12441664 0.0 0.0 1.0 0.0 0.0 0.0 0.0 0.0
85.87480722 77.12441664 0.0 0.0 1.0 0.0 0.0 0.0 0.0 0.0
85.87480722 82.12441664 0.0 0.0 0.0 1.0 0.0 0.0 0.0 0.0
80.87480722 87.12441664 0.0 0.0 0.0 1.0 0.0 0.0 0.0 0.0
75.87480722 92.12441664 0.0 0.0 0.0 1.0 0.0 0.0 0.0 0.0
70.87480722 97.12441664 0.0 0.0 0.0 0.0 1.0 0.0 0.0 0.0
65.87480722 97.12441664 0.0 0.0 0.0 0.0 0.0 1.0 0.0 0.0
60.87480722 92.12441664 0.0 0.0 0.0 0.0 1.0 0.0 0.0 0.0
55.87480722 92.12441664 0.0 0.0 0.0 0.0 0.0 1.0 0.0 0.0
50.87480722 87.12441664 0.0 0.0 0.0 0.0 1.0 0.0 0.0 0.0
45.87480722 87.12441664 0.0 0.0 0.0 0.0 0.0 1.0 0.0 0.0
40.87480722 82.12441664 0.0 0.0 0.0 0.0 1.0 0.0 0.0 0.0
35.87480722 82.12441664 0.0 0.0 0.0 0.0 0.0 1.0 0.0 0.0
30.87480722 77.12441664 0.0 0.0 0.0 0.0 1.0 0.0 0.0 0.0
25.87480722 77.12441664 0.0 0.0 0.0 0.0 0.0 1.0 0.0 0.0
20.87480722 72.12441664 0.0 0.0 0.0 0.0 1.0 0.0 0.0 0.0
15.87480722 72.12441664 0.0 0.0 0.0 0.0 0.0 1.0 0.0 0.0
