1.76904872 34.75274985 1.0 0.0 0.0 0.0 0.0 0.0 0.0 0.0
6.76904872 34.75274985 1.0 0.0 0.0 0.0 0.0 0.0 0.0 0.0
11.76904872 34.75274985 0.0 1.0 0.0 0.0 0.0 0.0 0.0 0.0
16.76904872 39.75274985 0.0 1.0 0.0 0.0 0.0 0.0 0.0 0.0
21.76904872 44.75274985 0.0 1.0 0.0 0.0 0.0 0.0 0.0 0.0
26.76904872 49.75274985 1.0 0.0 0.0 0.0 0.0 0.0 0.0 0.0
31.76904872 49.75274985 1.0 0.0 0.0 0.0 0.0 0.0 0.0 0.0
36.76904872 49.75274985 1.0 0.0 0.0 0.0 0.0 0.0 0.0 0.0
41.76904872 49.75274985 1.0 0.0 0.0 0.0 0.0 0.0 0.0 0.0
46.76904872 49.75274985 1.0 0.0 0.0 0.0 0.0 0.0 0.0 0.0
51.76904872 49.75274985 1.0 0.0 0.0 0.0 0.0 0.0 0.0 0.0
56.76904872 49.75274985 0.0 1.0 0.0 0.0 0.0 0.0 0.0 0.0
61.76904872 54.75274985 1.0 0.0 0.0 0.0 0.0 0.0 0.0 0.0
66.76904872 54.75274985 0.0 1.0 0.0 0.0 0.0 0.0 0.0 0.0
71.76904872 59.75274985 1.0 0.0 0.0 0.0 0.0 0.0 0.0 0.0
76.76904872 59.75274985 0.0 1.0 0.0 0.0 0.0 0.0 0.0 0.0
