73.07300045 23.96577048 0.0 0.0 0.0 1.0 0.0 0.0 0.0 0.0
68.07300045 28.96577048 0.0 0.0 0.0 1.0 0.0 0.0 0.0 0.0
63.07300045 33.96577048 0.0 0.0 0.0 1.0 0.0 0.0 0.0 0.0
58.07300045 38.96577048 0.0 0.0 0.0 1.0 0.0 0.0 0.0 0.0
53.07300045 43.96577048 0.0 0.0 0.0 1.0 0.0 0.0 0.0 0.0
48.07300045 48.96577048 0.0 0.0 0.0 1.0 0.0 0.0 0.0 0.0
43.07300045 53.96577048 0.0 0.0 0.0 1.0 0.0 0.0 0.0 0.0
38.07300045 58.96577048 0.0 0.0 1.0 0.0 0.0 0.0 0.0 0.0
38.07300045 63.96577048 0.0 0.0 1.0 0.0 0.0 0.0 0.0 0.0
38.07300045 68.96577048 0.0 0.0 1.0 0.0 0.0 0.0 0.0 0.0
38.07300045 73.96577048 0.0 0.0 1.0 0.0 0.0 0.0 0.0 0.0
38.07300045 78.96577048 0.0 0.0 1.0 0.0 0.0 0.0 0.0 0.0
38.07300045 83.96577048 0.0 0.0 0.0 1.0 0.0 0.0 0.0 0.0
33.07300045 88.96577048 0.0 0.0 0.0 1.0 0.0 0.0 0.0 0.0
28.07300045 93.96577048 0.0 0.0 0.0 1.0 0.0 0.0 0.0 0.0
23.07300045 98.96577048 0.0 0.0 0.0 0.0 0.0 1.0 0.0 0.0
