19.43708212 18.71654835 0.0 1.0 0.0 0.0 0.0 0.0 0.0 0.0
24.43708212 23.71654835 0.0 1.0 0.0 0.0 0.0 0.0 0.0 0.0
29.43708212 28.71654835 0.0 1.0 0.0 0.0 0.0 0.0 0.0 0.0
34.43708212 33.71654835 0.0 0.0 1.0 0.0 0.0 0.0 0.0 0.0
34.43708212 38.71654835 0.0 0.0 1.0 0.0 0.0 0.0 0.0 0.0
34.43708212 43.71654835 0.0 0.0 1.0 0.0 0.0 0.0 0.0 0.0
34.43708212 48.71654835 0.0 0.0 1.0 0.0 0.0 0.0 0.0 0.0
34.43708212 53.71654835 0.0 0.0 1.0 0.0 0.0 0.0 0.0 0.0
34.43708212 58.71654835 0.0 0.0 1.0 0.0 0.0 0.0 0.0 0.0
34.43708212 63.71654835 0.0 0.0 1.0 0.0 0.0 0.0 0.0 0.0
34.43708212 68.71654835 0.0 1.0 0.0 0.0 0.0 0.0 0.0 0.0
39.43708212 73.71654835 0.0 0.0 1.0 0.0 0.0 0.0 0.0 0.0
39.43708212 78.71654835 1.0 0.0 0.0 0.0 0.0 0.0 0.0 0.0
44.43708212 78.71654835 0.0 1.0 0.0 0.0 0.0 0.0 0.0 0.0
49.43708212 83.71654835 1.0 0.0 0.0 0.0 0.0 0.0 0.0 0.0
54.43708212 83.71654835 1.0 0.0 0.0 0.0 0.0 0.0 0.0 0.0
59.43708212 83.71654835 1.0 0.0 0.0 0.0 0.0 0.0 0.0 0.0
64.43708212 83.71654835 0.0 0.0 0.0 0.0 0.0 0.0 0.0 1.0
