90.50653325 47.13360045 0.0 0.0 0.0 0.0 0.0 0.0 1.0 0.0
90.50653325 42.13360045 0.0 0.0 0.0 0.0 0.0 0.0 1.0 0.0
90.50653325 37.13360045 0.0 0.0 0.0 0.0 0.0 1.0 0.0 0.0
85.50653325 32.13360045 0.0 0.0 0.0 0.0 0.0 1.0 0.0 0.0
80.50653325 27.13360045 0.0 0.0 0.0 0.0 0.0 0.0 1.0 0.0
80.50653325 22.13360045 0.0 0.0 0.0 0.0 0.0 0.0 1.0 0.0
80.50653325 17.13360045 0.0 0.0 0.0 0.0 0.0 1.0 0.0 0.0
75.50653325 12.13360045 0.0 0.0 0.0 0.0 0.0 1.0 0.0 0.0
70.50653325 7.13360045 0.0 0.0 0.0 0.0 1.0 0.0 0.0 0.0
65.50653325 7.13360045 0.0 0.0 0.0 0.0 1.0 0.0 0.0 0.0
60.50653325 7.13360045 0.0 0.0 0.0 0.0 1.0 0.0 0.0 0.0
55.50653325 7.13360045 0.0 0.0 0.0 0.0 1.0 0.0 0.0 0.0
50.50653325 7.13360045 0.0 0.0 0.0 0.0 1.0 0.0 0.0 0.0
45.50653325 7.13360045 0.0 0.0 0.0 0.0 1.0 0.0 0.0 0.0
40.50653325 7.13360045 0.0 0.0 0.0 0.0 1.0 0.0 0.0 0.0
35.50653325 7.13360045 0.0 0.0 0.0 0.0 1.0 0.0 0.0 0.0
30.50653325 7.13360045 0.0 0.0 0.0 0.0 1.0 0.0 0.0 0.0
25.50653325 7.13360045 0.0 0.0 0.0 0.0 1.0 0.0 0.0 0.0
20.50653325 7.13360045 0.0 0.0 0.0 0.0 1.0 0.0 0.0 0.0
15.50653325 7.13360045 0.0 0.0 0.0 0.0 1.0 0.0 0.0 0.0
10.50653325 7.13360045 0.0 0.0 0.0 0.0 0.0 1.0 0.0 0.0
5.50653325 2.13360045 0.0 0.0 0.0 0.0 0.0 1.0 0.0 0.0
