36.6383834 89.87471251 1.0 0.0 0.0 0.0 0.0 0.0 0.0 0.0
41.6383834 89.87471251 1.0 0.0 0.0 0.0 0.0 0.0 0.0 0.0
46.6383834 89.87471251 1.0 0.0 0.0 0.0 0.0 0.0 0.0 0.0
51.6383834 89.87471251 0.0 1.0 0.0 0.0 0.0 0.0 0.0 0.0
56.6383834 94.87471251 0.0 0.0 0.0 0.0 0.0 0.0 0.0 1.0
61.6383834 89.87471251 1.0 0.0 0.0 0.0 0.0 0.0 0.0 0.0
66.6383834 89.87471251 0.0 0.0 0.0 0.0 0.0 0.0 0.0 1.0
71.6383834 84.87471251 0.0 0.0 0.0 0.0 0.0 0.0 0.0 1.0
76.6383834 79.87471251 0.0 0.0 0.0 0.0 0.0 0.0 1.0 0.0
76.6383834 74.87471251 0.0 0.0 0.0 0.0 0.0 1.0 0.0 0.0
71.6383834 69.87471251 0.0 0.0 0.0 0.0 0.0 0.0 1.0 0.0
71.6383834 64.87471251 0.0 0.0 0.0 0.0 0.0 1.0 0.0 0.0
66.6383834 59.87471251 0.0 0.0 0.0 0.0 0.0 1.0 0.0 0.0
61.6383834 54.87471251 0.0 0.0 0.0 0.0 0.0 1.0 0.0 0.0
56.6383834 49.87471251 0.0 0.0 0.0 0.0 0.0 0.0 1.0 0.0
56.6383834 44.87471251 0.0 0.0 0.0 0.0 0.0 1.0 0.0 0.0
51.6383834 39.87471251 0.0 0.0 0.0 0.0 0.0 0.0 1.0 0.0
51.6383834 34.87471251 0.0 0.0 0.0 0.0 0.0 1.0 0.0 0.0
46.6383834 29.87471251 0.0 0.0 0.0 0.0 0.0 0.0 1.0 0.0
46.6383834 24.87471251 0.0 0.0 0.0 0.0 0.0 1.0 0.0 0.0
41.6383834 19.87471251 0.0 0.0 0.0 0.0 0.0 0.0 0.0 1.0
