92.70874452 5.74683929 0.0 0.0 1.0 0.0 0.0 0.0 0.0 0.0
92.70874452 10.74683929 0.0 0.0 0.0 1.0 0.0 0.0 0.0 0.0
87.70874452 15.74683929 0.0 0.0 0.0 1.0 0.0 0.0 0.0 0.0
82.70874452 20.74683929 0.0 0.0 0.0 1.0 0.0 0.0 0.0 0.0
77.70874452 25.74683929 0.0 0.0 0.0 1.0 0.0 0.0 0.0 0.0
72.70874452 30.74683929 0.0 0.0 0.0 1.0 0.0 0.0 0.0 0.0
67.70874452 35.74683929 0.0 0.0 0.0 1.0 0.0 0.0 0.0 0.0
62.70874452 40.74683929 0.0 0.0 1.0 0.0 0.0 0.0 0.0 0.0
62.70874452 45.74683929 0.0 0.0 1.0 0.0 0.0 0.0 0.0 0.0
62.70874452 50.74683929 0.0 1.0 0.0 0.0 0.0 0.0 0.0 0.0
67.70874452 55.74683929 0.0 1.0 0.0 0.0 0.0 0.0 0.0 0.0
72.70874452 60.74683929 0.0 0.0 1.0 0.0 0.0 0.0 0.0 0.0
72.70874452 65.74683929 0.0 1.0 0.0 0.0 0.0 0.0 0.0 0.0
77.70874452 70.74683929 0.0 1.0 0.0 0.0 0.0 0.0 0.0 0.0
82.70874452 75.74683929 0.0 1.0 0.0 0.0 0.0 0.0 0.0 0.0
87.70874452 80.74683929 0.0 1.0 0.0 0.0 0.0 0.0 0.0 0.0
92.70874452 85.74683929 0.0 0.0 1.0 0.0 0.0 0.0 0.0 0.0
92.70874452 90.74683929 0.0 1.0 0.0 0.0 0.0 0.0 0.0 0.0
