21.47803308 97.62467104 0.0 0.0 0.0 0.0 0.0 0.0 1.0 0.0
21.47803308 92.62467104 0.0 0.0 0.0 0.0 0.0 0.0 1.0 0.0
21.47803308 87.62467104 0.0 0.0 0.0 0.0 0.0 0.0 1.0 0.0
21.47803308 82.62467104 0.0 0.0 0.0 0.0 0.0 0.0 1.0 0.0
21.47803308 77.62467104 0.0 0.0 0.0 0.0 0.0 0.0 1.0 0.0
21.47803308 72.62467104 0.0 0.0 0.0 0.0 0.0 0.0 1.0 0.0
21.47803308 67.62467104 0.0 0.0 0.0 0.0 0.0 0.0 1.0 0.0
21.47803308 62.62467104 0.0 0.0 0.0 0.0 0.0 1.0 0.0 0.0
16.47803308 57.62467104 0.0 0.0 0.0 0.0 0.0 0.0 1.0 0.0
16.47803308 52.62467104 0.0 0.0 0.0 0.0 0.0 0.0 1.0 0.0
16.47803308 47.62467104 0.0 0.0 0.0 0.0 0.0 0.0 1.0 0.0
16.47803308 42.62467104 0.0 0.0 0.0 0.0 0.0 0.0 0.0 1.0
21.47803308 37.62467104 0.0 0.0 0.0 0.0 0.0 0.0 1.0 0.0
21.47803308 32.62467104 0.0 0.0 0.0 0.0 0.0 0.0 0.0 1.0
26.47803308 27.62467104 0.0 0.0 0.0 0.0 0.0 0.0 0.0 1.0
31.47803308 22.62467104 0.0 0.0 0.0 0.0 0.0 0.0 0.0 1.0
36.47803308 17.62467104 0.0 0.0 0.0 0.0 0.0 0.0 1.0 0.0
36.47803308 12.62467104 0.0 0.0 0.0 0.0 0.0 0.0 0.0 1.0
