74.70316704 89.28116341 0.0 0.0 0.0 0.0 0.0 0.0 1.0 0.0
74.70316704 84.28116341 0.0 0.0 0.0 0.0 0.0 0.0 1.0 0.0
74.70316704 79.28116341 0.0 0.0 0.0 0.0 0.0 0.0 1.0 0.0
74.70316704 74.28116341 0.0 0.0 0.0 0.0 0.0 0.0 1.0 0.0
74.70316704 69.28116341 0.0 0.0 0.0 0.0 0.0 0.0 1.0 0.0
74.70316704 64.28116341 0.0 0.0 0.0 0.0 0.0 0.0 1.0 0.0
74.70316704 59.28116341 0.0 0.0 0.0 0.0 0.0 0.0 1.0 0.0
74.70316704 54.28116341 0.0 0.0 0.0 0.0 0.0 0.0 1.0 0.0
74.70316704 49.28116341 0.0 0.0 0.0 0.0 0.0 0.0 1.0 0.0
74.70316704 44.28116341 0.0 0.0 0.0 0.0 0.0 0.0 1.0 0.0
74.70316704 39.28116341 0.0 0.0 0.0 0.0 0.0 0.0 0.0 1.0
79.70316704 34.28116341 0.0 0.0 0.0 0.0 0.0 1.0 0.0 0.0
74.70316704 29.28116341 0.0 0.0 0.0 0.0 0.0 0.0 1.0 0.0
74.70316704 24.28116341 0.0 0.0 0.0 0.0 0.0 1.0 0.0 0.0
69.70316704 19.28116341 0.0 0.0 0.0 0.0 0.0 1.0 0.0 0.0
64.70316704 14.28116341 0.0 0.0 0.0 0.0 1.0 0.0 0.0 0.0
59.70316704 14.28116341 0.0 0.0 0.0 0.0 0.0 1.0 0.0 0.0
