93.65121647 68.55823075 0.0 0.0 1.0 0.0 0.0 0.0 0.0 0.0
93.65121647 73.55823075 0.0 0.0 0.0 1.0 0.0 0.0 0.0 0.0
88.65121647 78.55823075 0.0 0.0 1.0 0.0 0.0 0.0 0.0 0.0
88.65121647 83.55823075 0.0 0.0 0.0 1.0 0.0 0.0 0.0 0.0
83.65121647 88.55823075 0.0 0.0 0.0 0.0 1.0 0.0 0.0 0.0
78.65121647 88.55823075 0.0 0.0 0.0 0.0 1.0 0.0 0.0 0.0
73.65121647 88.55823075 0.0 0.0 0.0 0.0 1.0 0.0 0.0 0.0
68.65121647 88.55823075 0.0 0.0 0.0 0.0 1.0 0.0 0.0 0.0
63.65121647 88.55823075 0.0 0.0 0.0 0.0 1.0 0.0 0.0 0.0
58.65121647 88.55823075 0.0 0.0 0.0 0.0 1.0 0.0 0.0 0.0
53.65121647 88.55823075 0.0 0.0 0.0 0.0 1.0 0.0 0.0 0.0
48.65121647 88.55823075 0.0 0.0 0.0 1.0 0.0 0.0 0.0 0.0
43.65121647 93.55823075 0.0 0.0 0.0 0.0 0.0 1.0 0.0 0.0
