97.45742539 24.69779301 0.0 0.0 0.0 0.0 1.0 0.0 0.0 0.0
92.45742539 24.69779301 0.0 0.0 0.0 0.0 1.0 0.0 0.0 0.0
87.45742539 24.69779301 0.0 0.0 0.0 0.0 1.0 0.0 0.0 0.0
82.45742539 24.69779301 0.0 0.0 0.0 0.0 1.0 0.0 0.0 0.0
77.45742539 24.69779301 0.0 0.0 0.0 0.0 1.0 0.0 0.0 0.0
72.45742539 24.69779301 0.0 0.0 0.0 0.0 1.0 0.0 0.0 0.0
67.45742539 24.69779301 0.0 0.0 0.0 0.0 1.0 0.0 0.0 0.0
62.45742539 24.69779301 0.0 0.0 0.0 0.0 1.0 0.0 0.0 0.0
57.45742539 24.69779301 0.0 0.0 0.0 0.0 1.0 0.0 0.0 0.0
52.45742539 24.69779301 0.0 0.0 0.0 0.0 1.0 0.0 0.0 0.0
47.45742539 24.69779301 0.0 0.0 0.0 0.0 1.0 0.0 0.0 0.0
42.45742539 24.69779301 0.0 0.0 0.0 0.0 1.0 0.0 0.0 0.0
37.45742539 24.69779301 0.0 0.0 0.0 0.0 1.0 0.0 0.0 0.0
32.45742539 24.69779301 0.0 0.0 0.0 0.0 1.0 0.0 0.0 0.0
27.45742539 24.69779301 0.0 0.0 0.0 0.0 1.0 0.0 0.0 0.0
22.45742539 24.69779301 0.0 0.0 0.0 1.0 0.0 0.0 0.0 0.0
17.45742539 29.69779301 0.0 0.0 0.0 0.0 1.0 0.0 0.0 0.0
12.45742539 29.69779301 0.0 0.0 0.0 1.0 0.0 0.0 0.0 0.0
7.45742539 34.69779301 0.0 0.0 0.0 1.0 0.0 0.0 0.0 0.0
