4.70678527 34.93955901 0.0 0.0 0.0 0.0 0.0 0.0 0.0 1.0
9.70678527 29.93955901 0.0 0.0 0.0 0.0 0.0 0.0 0.0 1.0
14.70678527 24.93955901 0.0 0.0 0.0 0.0 0.0 0.0 0.0 1.0
19.70678527 19.93955901 1.0 0.0 0.0 0.0 0.0 0.0 0.0 0.0
24.70678527 19.93955901 1.0 0.0 0.0 0.0 0.0 0.0 0.0 0.0
29.70678527 19.93955901 1.0 0.0 0.0 0.0 0.0 0.0 0.0 0.0
34.70678527 19.93955901 0.0 1.0 0.0 0.0 0.0 0.0 0.0 0.0
39.70678527 24.93955901 0.0 1.0 0.0 0.0 0.0 0.0 0.0 0.0
44.70678527 29.93955901 0.0 1.0 0.0 0.0 0.0 0.0 0.0 0.0
49.70678527 34.93955901 0.0 1.0 0.0 0.0 0.0 0.0 0.0 0.0
54.70678527 39.93955901 0.0 1.0 0.0 0.0 0.0 0.0 0.0 0.0
59.70678527 44.93955901 0.0 0.0 1.0 0.0 0.0 0.0 0.0 0.0
59.70678527 49.93955901 0.0 1.0 0.0 0.0 0.0 0.0 0.0 0.0
64.70678527 54.93955901 0.0 0.0 1.0 0.0 0.0 0.0 0.0 0.0
64.70678527 59.93955901 0.0 1.0 0.0 0.0 0.0 0.0 0.0 0.0
69.70678527 64.93955901 0.0 0.0 1.0 0.0 0.0 0.0 0.0 0.0
69.70678527 69.93955901 0.0 0.0 1.0 0.0 0.0 0.0 0.0 0.0
69.70678527 74.93955901 0.0 0.0 1.0 0.0 0.0 0.0 0.0 0.0
69.70678527 79.93955901 0.0 0.0 1.0 0.0 0.0 0.0 0.0 0.0
69.70678527 84.93955901 0.0 1.0 0.0 0.0 0.0 0.0 0.0 0.0
74.70678527 89.93955901 0.0 1.0 0.0 0.0 0.0 0.0 0.0 0.0
79.70678527 94.93955901 0.0 1.0 0.0 0.0 0.0 0.0 0.0 0.0
