3.85979107 71.9812333 0.0 0.0 0.0 0.0 0.0 0.0 1.0 0.0
3.85979107 66.9812333 0.0 0.0 0.0 0.0 0.0 0.0 0.0 1.0
8.85979107 61.9812333 1.0 0.0 0.0 0.0 0.0 0.0 0.0 0.0
13.85979107 61.9812333 0.0 0.0 0.0 0.0 0.0 0.0 0.0 1.0
18.85979107 56.9812333 1.0 0.0 0.0 0.0 0.0 0.0 0.0 0.0
23.85979107 56.9812333 1.0 0.0 0.0 0.0 0.0 0.0 0.0 0.0
28.85979107 56.9812333 1.0 0.0 0.0 0.0 0.0 0.0 0.0 0.0
33.85979107 56.9812333 0.0 1.0 0.0 0.0 0.0 0.0 0.0 0.0
38.85979107 61.9812333 1.0 0.0 0.0 0.0 0.0 0.0 0.0 0.0
43.85979107 61.9812333 0.0 1.0 0.0 0.0 0.0 0.0 0.0 0.0
48.85979107 66.9812333 1.0 0.0 0.0 0.0 0.0 0.0 0.0 0.0
53.85979107 66.9812333 1.0 0.0 0.0 0.0 0.0 0.0 0.0 0.0
58.85979107 66.9812333 0.0 1.0 0.0 0.0 0.0 0.0 0.0 0.0
63.85979107 71.9812333 1.0 0.0 0.0 0.0 0.0 0.0 0.0 0.0
68.85979107 71.9812333 0.0 1.0 0.0 0.0 0.0 0.0 0.0 0.0
73.85979107 76.9812333 1.0 0.0 0.0 0.0 0.0 0.0 0.0 0.0
78.85979107 76.9812333 0.0 1.0 0.0 0.0 0.0 0.0 0.0 0.0
83.85979107 81.9812333 0.0 1.0 0.0 0.0 0.0 0.0 0.0 0.0
