6.62740358 59.07055752 1.0 0.0 0.0 0.0 0.0 0.0 0.0 0.0
11.62740358 59.07055752 1.0 0.0 0.0 0.0 0.0 0.0 0.0 0.0
16.62740358 59.07055752 1.0 0.0 0.0 0.0 0.0 0.0 0.0 0.0
21.62740358 59.07055752 0.0 1.0 0.0 0.0 0.0 0.0 0.0 0.0
26.62740358 64.07055752 0.0 1.0 0.0 0.0 0.0 0.0 0.0 0.0
31.62740358 69.07055752 1.0 0.0 0.0 0.0 0.0 0.0 0.0 0.0
36.62740358 69.07055752 0.0 1.0 0.0 0.0 0.0 0.0 0.0 0.0
41.62740358 74.07055752 0.0 0.0 0.0 0.0 0.0 0.0 0.0 1.0
46.62740358 69.07055752 1.0 0.0 0.0 0.0 0.0 0.0 0.0 0.0
51.62740358 69.07055752 0.0 0.0 0.0 0.0 0.0 0.0 0.0 1.0
56.62740358 64.07055752 0.0 0.0 0.0 0.0 0.0 0.0 0.0 1.0
61.62740358 59.07055752 0.0 0.0 0.0 0.0 0.0 0.0 0.0 1.0
66.62740358 54.07055752 0.0 0.0 0.0 0.0 0.0 0.0 0.0 1.0
71.62740358 49.07055752 0.0 0.0 0.0 0.0 0.0 0.0 1.0 0.0
71.62740358 44.07055752 0.0 0.0 0.0 0.0 0.0 0.0 0.0 1.0
76.62740358 39.07055752 0.0 0.0 0.0 0.0 0.0 0.0 0.0 1.0
