7.14556962 91.32324173 0.0 0.0 0.0 0.0 0.0 0.0 0.0 1.0
12.14556962 86.32324173 0.0 0.0 0.0 0.0 0.0 0.0 1.0 0.0
12.14556962 81.32324173 0.0 0.0 0.0 0.0 0.0 0.0 0.0 1.0
17.14556962 76.32324173 0.0 0.0 0.0 0.0 0.0 0.0 1.0 0.0
17.14556962 71.32324173 0.0 0.0 0.0 0.0 0.0 0.0 1.0 0.0
17.14556962 66.32324173 0.0 0.0 0.0 0.0 0.0 0.0 0.0 1.0
22.14556962 61.32324173 0.0 0.0 0.0 0.0 0.0 0.0 1.0 0.0
22.14556962 56.32324173 0.0 0.0 0.0 0.0 0.0 0.0 0.0 1.0
27.14556962 51.32324173 0.0 0.0 0.0 0.0 0.0 0.0 0.0 1.0
32.14556962 46.32324173 0.0 0.0 0.0 0.0 0.0 0.0 0.0 1.0
37.14556962 41.32324173 0.0 0.0 0.0 0.0 0.0 0.0 0.0 1.0
42.14556962 36.32324173 0.0 0.0 0.0 0.0 0.0 0.0 0.0 1.0
47.14556962 31.32324173 1.0 0.0 0.0 0.0 0.0 0.0 0.0 0.0
52.14556962 31.32324173 0.0 0.0 0.0 0.0 0.0 0.0 0.0 1.0
57.14556962 26.32324173 1.0 0.0 0.0 0.0 0.0 0.0 0.0 0.0
62.14556962 26.32324173 0.0 0.0 0.0 0.0 0.0 0.0 0.0 1.0
67.14556962 21.32324173 1.0 0.0 0.0 0.0 0.0 0.0 0.0 0.0
72.14556962 21.32324173 0.0 0.0 0.0 0.0 0.0 0.0 0.0 1.0
