21.66597649 71.19232773 0.0 0.0 0.0 0.0 0.0 0.0 0.0 1.0
26.66597649 66.19232773 0.0 0.0 0.0 0.0 0.0 0.0 0.0 1.0
31.66597649 61.19232773 0.0 0.0 0.0 0.0 0.0 0.0 0.0 1.0
36.66597649 56.19232773 0.0 0.0 0.0 0.0 0.0 0.0 0.0 1.0
41.66597649 51.19232773 0.0 0.0 0.0 0.0 0.0 0.0 0.0 1.0
46.66597649 46.19232773 0.0 0.0 0.0 0.0 0.0 0.0 0.0 1.0
51.66597649 41.19232773 1.0 0.0 0.0 0.0 0.0 0.0 0.0 0.0
56.66597649 41.19232773 1.0 0.0 0.0 0.0 0.0 0.0 0.0 0.0
61.66597649 41.19232773 1.0 0.0 0.0 0.0 0.0 0.0 0.0 0.0
66.66597649 41.19232773 1.0 0.0 0.0 0.0 0.0 0.0 0.0 0.0
71.66597649 41.19232773 0.0 0.0 0.0 0.0 0.0 0.0 0.0 1.0
76.66597649 36.19232773 1.0 0.0 0.0 0.0 0.0 0.0 0.0 0.0
81.66597649 36.19232773 0.0 0.0 0.0 0.0 0.0 0.0 0.0 1.0
86.66597649 31.19232773 0.0 0.0 0.0 0.0 0.0 0.0 1.0 0.0
86.66597649 26.19232773 0.0 0.0 0.0 0.0 0.0 0.0 0.0 1.0
