21.7948652 48.0434125 0.0 0.0 0.0 0.0 0.0 0.0 0.0 1.0
26.7948652 43.0434125 1.0 0.0 0.0 0.0 0.0 0.0 0.0 0.0
31.7948652 43.0434125 0.0 0.0 0.0 0.0 0.0 0.0 0.0 1.0
36.7948652 38.0434125 0.0 0.0 0.0 0.0 0.0 0.0 0.0 1.0
41.7948652 33.0434125 0.0 0.0 0.0 0.0 0.0 0.0 0.0 1.0
46.7948652 28.0434125 1.0 0.0 0.0 0.0 0.0 0.0 0.0 0.0
51.7948652 28.0434125 1.0 0.0 0.0 0.0 0.0 0.0 0.0 0.0
56.7948652 28.0434125 0.0 1.0 0.0 0.0 0.0 0.0 0.0 0.0
61.7948652 33.0434125 0.0 1.0 0.0 0.0 0.0 0.0 0.0 0.0
66.7948652 38.0434125 0.0 1.0 0.0 0.0 0.0 0.0 0.0 0.0
71.7948652 43.0434125 1.0 0.0 0.0 0.0 0.0 0.0 0.0 0.0
76.7948652 43.0434125 0.0 1.0 0.0 0.0 0.0 0.0 0.0 0.0
81.7948652 48.0434125 1.0 0.0 0.0 0.0 0.0 0.0 0.0 0.0
86.7948652 48.0434125 0.0 1.0 0.0 0.0 0.0 0.0 0.0 0.0
91.7948652 53.0434125 1.0 0.0 0.0 0.0 0.0 0.0 0.0 0.0
96.7948652 53.0434125 0.0 1.0 0.0 0.0 0.0 0.0 0.0 0.0
