87.22664853 79.07280064 0.0 0.0 0.0 0.0 0.0 1.0 0.0 0.0
82.22664853 74.07280064 0.0 0.0 0.0 0.0 0.0 1.0 0.0 0.0
77.22664853 69.07280064 0.0 0.0 0.0 0.0 0.0 1.0 0.0 0.0
72.22664853 64.07280064 0.0 0.0 0.0 0.0 1.0 0.0 0.0 0.0
67.22664853 64.07280064 0.0 0.0 0.0 0.0 0.0 1.0 0.0 0.0
62.22664853 59.07280064 0.0 0.0 0.0 0.0 1.0 0.0 0.0 0.0
57.22664853 59.07280064 0.0 0.0 0.0 0.0 0.0 1.0 0.0 0.0
52.22664853 54.07280064 0.0 0.0 0.0 0.0 1.0 0.0 0.0 0.0
47.22664853 54.07280064 0.0 0.0 0.0 0.0 0.0 1.0 0.0 0.0
42.22664853 49.07280064 0.0 0.0 0.0 0.0 1.0 0.0 0.0 0.0
37.22664853 49.07280064 0.0 0.0 0.0 0.0 0.0 1.0 0.0 0.0
32.22664853 44.07280064 0.0 0.0 0.0 0.0 1.0 0.0 0.0 0.0
27.22664853 44.07280064 0.0 0.0 0.0 0.0 0.0 1.0 0.0 0.0
22.22664853 39.07280064 0.0 0.0 0.0 0.0 0.0 1.0 0.0 0.0
