12.4192359 31.18239089 0.0 1.0 0.0 0.0 0.0 0.0 0.0 0.0
17.4192359 36.18239089 0.0 1.0 0.0 0.0 0.0 0.0 0.0 0.0
22.4192359 41.18239089 0.0 1.0 0.0 0.0 0.0 0.0 0.0 0.0
27.4192359 46.18239089 0.0 0.0 1.0 0.0 0.0 0.0 0.0 0.0
27.4192359 51.18239089 0.0 1.0 0.0 0.0 0.0 0.0 0.0 0.0
32.4192359 56.18239089 1.0 0.0 0.0 0.0 0.0 0.0 0.0 0.0
37.4192359 56.18239089 0.0 1.0 0.0 0.0 0.0 0.0 0.0 0.0
42.4192359 61.18239089 0.0 1.0 0.0 0.0 0.0 0.0 0.0 0.0
47.4192359 66.18239089 0.0 1.0 0.0 0.0 0.0 0.0 0.0 0.0
52.4192359 71.18239089 1.0 0.0 0.0 0.0 0.0 0.0 0.0 0.0
57.4192359 71.18239089 1.0 0.0 0.0 0.0 0.0 0.0 0.0 0.0
62.4192359 71.18239089 1.0 0.0 0.0 0.0 0.0 0.0 0.0 0.0
67.4192359 71.18239089 1.0 0.0 0.0 0.0 0.0 0.0 0.0 0.0
72.4192359 71.18239089 1.0 0.0 0.0 0.0 0.0 0.0 0.0 0.0
77.4192359 71.18239089 1.0 0.0 0.0 0.0 0.0 0.0 0.0 0.0
82.4192359 71.18239089 0.0 1.0 0.0 0.0 0.0 0.0 0.0 0.0
