68.63971933 8.04295941 0.0 0.0 0.0 1.0 0.0 0.0 0.0 0.0
63.63971933 13.04295941 0.0 0.0 0.0 1.0 0.0 0.0 0.0 0.0
58.63971933 18.04295941 0.0 0.0 0.0 1.0 0.0 0.0 0.0 0.0
53.63971933 23.04295941 0.0 0.0 0.0 1.0 0.0 0.0 0.0 0.0
48.63971933 28.04295941 0.0 0.0 0.0 1.0 0.0 0.0 0.0 0.0
43.63971933 33.04295941 0.0 0.0 0.0 1.0 0.0 0.0 0.0 0.0
38.63971933 38.04295941 0.0 0.0 0.0 1.0 0.0 0.0 0.0 0.0
33.63971933 43.04295941 0.0 0.0 1.0 0.0 0.0 0.0 0.0 0.0
33.63971933 48.04295941 0.0 0.0 0.0 0.0 1.0 0.0 0.0 0.0
28.63971933 48.04295941 0.0 0.0 0.0 1.0 0.0 0.0 0.0 0.0
23.63971933 53.04295941 0.0 0.0 0.0 0.0 1.0 0.0 0.0 0.0
18.63971933 53.04295941 0.0 0.0 0.0 0.0 1.0 0.0 0.0 0.0
13.63971933 53.04295941 0.0 0.0 0.0 0.0 0.0 1.0 0.0 0.0
