39.04091839 86.60295451 0.0 0.0 0.0 0.0 0.0 0.0 0.0 1.0
44.04091839 81.60295451 0.0 0.0 0.0 0.0 0.0 0.0 0.0 1.0
49.04091839 76.60295451 0.0 0.0 0.0 0.0 0.0 0.0 0.0 1.0
54.04091839 71.60295451 0.0 0.0 0.0 0.0 0.0 0.0 0.0 1.0
59.04091839 66.60295451 0.0 0.0 0.0 0.0 0.0 0.0 0.0 1.0
64.04091839 61.60295451 0.0 0.0 0.0 0.0 0.0 0.0 0.0 1.0
69.04091839 56.60295451 1.0 0.0 0.0 0.0 0.0 0.0 0.0 0.0
74.04091839 56.60295451 0.0 0.0 0.0 0.0 0.0 0.0 0.0 1.0
79.04091839 51.60295451 0.0 0.0 0.0 0.0 0.0 0.0 0.0 1.0
84.04091839 46.60295451 0.0 0.0 0.0 0.0 0.0 0.0 1.0 0.0
84.04091839 41.60295451 0.0 0.0 0.0 0.0 0.0 0.0 1.0 0.0
84.04091839 36.60295451 0.0 0.0 0.0 0.0 0.0 0.0 0.0 1.0
89.04091839 31.60295451 0.0 0.0 0.0 0.0 0.0 1.0 0.0 0.0
