99.80510646 0.99280616 0.0 0.0 0.0 0.0 1.0 0.0 0.0 0.0
94.80510646 0.99280616 0.0 0.0 0.0 0.0 1.0 0.0 0.0 0.0
89.80510646 0.99280616 0.0 0.0 0.0 0.0 1.0 0.0 0.0 0.0
84.80510646 0.99280616 0.0 0.0 0.0 1.0 0.0 0.0 0.0 0.0
79.80510646 5.99280616 0.0 0.0 0.0 1.0 0.0 0.0 0.0 0.0
74.80510646 10.99280616 0.0 0.0 0.0 1.0 0.0 0.0 0.0 0.0
69.80510646 15.99280616 0.0 0.0 0.0 1.0 0.0 0.0 0.0 0.0
64.80510646 20.99280616 0.0 0.0 0.0 1.0 0.0 0.0 0.0 0.0
59.80510646 25.99280616 0.0 0.0 0.0 1.0 0.0 0.0 0.0 0.0
54.80510646 30.99280616 0.0 0.0 0.0 0.0 1.0 0.0 0.0 0.0
49.80510646 30.99280616 0.0 0.0 0.0 0.0 1.0 0.0 0.0 0.0
44.80510646 30.99280616 0.0 0.0 0.0 0.0 1.0 0.0 0.0 0.0
39.80510646 30.99280616 0.0 0.0 0.0 0.0 0.0 1.0 0.0 0.0
34.80510646 25.99280616 0.0 0.0 0.0 0.0 0.0 1.0 0.0 0.0
