28.57653719 48.37403262 0.0 0.0 0.0 1.0 0.0 0.0 0.0 0.0
23.57653719 53.37403262 0.0 0.0 0.0 1.0 0.0 0.0 0.0 0.0
18.57653719 58.37403262 0.0 0.0 1.0 0.0 0.0 0.0 0.0 0.0
18.57653719 63.37403262 0.0 0.0 1.0 0.0 0.0 0.0 0.0 0.0
18.57653719 68.37403262 0.0 1.0 0.0 0.0 0.0 0.0 0.0 0.0
23.57653719 73.37403262 0.0 1.0 0.0 0.0 0.0 0.0 0.0 0.0
28.57653719 78.37403262 1.0 0.0 0.0 0.0 0.0 0.0 0.0 0.0
33.57653719 78.37403262 1.0 0.0 0.0 0.0 0.0 0.0 0.0 0.0
38.57653719 78.37403262 1.0 0.0 0.0 0.0 0.0 0.0 0.0 0.0
43.57653719 78.37403262 0.0 1.0 0.0 0.0 0.0 0.0 0.0 0.0
48.57653719 83.37403262 1.0 0.0 0.0 0.0 0.0 0.0 0.0 0.0
53.57653719 83.37403262 1.0 0.0 0.0 0.0 0.0 0.0 0.0 0.0
58.57653719 83.37403262 0.0 1.0 0.0 0.0 0.0 0.0 0.0 0.0
63.57653719 88.37403262 0.0 1.0 0.0 0.0 0.0 0.0 0.0 0.0
