67.0166734 4.66127466 0.0 0.0 1.0 0.0 0.0 0.0 0.0 0.0
67.0166734 9.66127466 0.0 0.0 1.0 0.0 0.0 0.0 0.0 0.0
67.0166734 14.66127466 0.0 0.0 1.0 0.0 0.0 0.0 0.0 0.0
67.0166734 19.66127466 0.0 0.0 1.0 0.0 0.0 0.0 0.0 0.0
67.0166734 24.66127466 0.0 0.0 1.0 0.0 0.0 0.0 0.0 0.0
67.0166734 29.66127466 0.0 0.0 1.0 0.0 0.0 0.0 0.0 0.0
67.0166734 34.66127466 0.0 1.0 0.0 0.0 0.0 0.0 0.0 0.0
72.0166734 39.66127466 0.0 0.0 1.0 0.0 0.0 0.0 0.0 0.0
72.0166734 44.66127466 0.0 0.0 1.0 0.0 0.0 0.0 0.0 0.0
72.0166734 49.66127466 0.0 0.0 0.0 1.0 0.0 0.0 0.0 0.0
67.0166734 54.66127466 0.0 0.0 0.0 1.0 0.0 0.0 0.0 0.0
62.0166734 59.66127466 0.0 0.0 0.0 0.0 1.0 0.0 0.0 0.0
57.0166734 59.66127466 0.0 0.0 0.0 0.0 1.0 0.0 0.0 0.0
52.0166734 59.66127466 0.0 0.0 0.0 0.0 1.0 0.0 0.0 0.0
47.0166734 59.66127466 0.0 0.0 0.0 0.0 1.0 0.0 0.0 0.0
42.0166734 59.66127466 0.0 0.0 0.0 0.0 1.0 0.0 0.0 0.0
37.0166734 59.66127466 0.0 0.0 0.0 1.0 0.0 0.0 0.0 0.0
32.0166734 64.66127466 0.0 0.0 0.0 0.0 1.0 0.0 0.0 0.0
27.0166734 64.66127466 0.0 0.0 0.0 1.0 0.0 0.0 0.0 0.0
22.0166734 69.66127466 0.0 0.0 0.0 0.0 1.0 0.0 0.0 0.0
17.0166734 69.66127466 0.0 0.0 0.0 0.0 1.0 0.0 0.0 0.0
12.0166734 69.66127466 0.0 0.0 0.0 1.0 0.0 0.0 0.0 0.0
7.0166734 74.66127466 0.0 0.0 0.0 1.0 0.0 0.0 0.0 0.0
