35.10469381 80.69543065 0.0 0.0 0.0 0.0 1.0 0.0 0.0 0.0
30.10469381 80.69543065 0.0 0.0 0.0 0.0 1.0 0.0 0.0 0.0
25.10469381 80.69543065 0.0 0.0 0.0 0.0 1.0 0.0 0.0 0.0
20.10469381 80.69543065 0.0 0.0 0.0 0.0 0.0 1.0 0.0 0.0
15.10469381 75.69543065 0.0 0.0 0.0 0.0 0.0 1.0 0.0 0.0
10.10469381 70.69543065 0.0 0.0 0.0 0.0 0.0 0.0 1.0 0.0
10.10469381 65.69543065 0.0 0.0 0.0 0.0 0.0 0.0 0.0 1.0
15.10469381 60.69543065 0.0 0.0 0.0 0.0 0.0 0.0 0.0 1.0
20.10469381 55.69543065 0.0 0.0 0.0 0.0 0.0 0.0 0.0 1.0
25.10469381 50.69543065 0.0 0.0 0.0 0.0 0.0 0.0 0.0 1.0
30.10469381 45.69543065 0.0 0.0 0.0 0.0 0.0 0.0 0.0 1.0
35.10469381 40.69543065 0.0 0.0 0.0 0.0 0.0 0.0 0.0 1.0
40.10469381 35.69543065 0.0 0.0 0.0 0.0 0.0 0.0 0.0 1.0
45.10469381 30.69543065 0.0 0.0 0.0 0.0 0.0 0.0 0.0 1.0
50.10469381 25.69543065 1.0 0.0 0.0 0.0 0.0 0.0 0.0 0.0
55.10469381 25.69543065 1.0 0.0 0.0 0.0 0.0 0.0 0.0 0.0
60.10469381 25.69543065 0.0 0.0 0.0 0.0 0.0 0.0 0.0 1.0
65.10469381 20.69543065 1.0 0.0 0.0 0.0 0.0 0.0 0.0 0.0
70.10469381 20.69543065 0.0 0.0 0.0 0.0 0.0 0.0 0.0 1.0
75.10469381 15.69543065 0.0 0.0 0.0 0.0 0.0 0.0 0.0 1.0
