5.71488259 85.49591223 0.0 0.0 0.0 0.0 0.0 0.0 1.0 0.0
5.71488259 80.49591223 0.0 0.0 0.0 0.0 0.0 0.0 0.0 1.0
10.71488259 75.49591223 0.0 0.0 0.0 0.0 0.0 0.0 0.0 1.0
15.71488259 70.49591223 0.0 0.0 0.0 0.0 0.0 0.0 0.0 1.0
20.71488259 65.49591223 0.0 0.0 0.0 0.0 0.0 0.0 0.0 1.0
25.71488259 60.49591223 0.0 0.0 0.0 0.0 0.0 0.0 0.0 1.0
30.71488259 55.49591223 0.0 0.0 0.0 0.0 0.0 0.0 0.0 1.0
35.71488259 50.49591223 0.0 0.0 0.0 0.0 0.0 0.0 0.0 1.0
40.71488259 45.49591223 0.0 0.0 0.0 0.0 0.0 0.0 0.0 1.0
45.71488259 40.49591223 0.0 0.0 0.0 0.0 0.0 0.0 0.0 1.0
50.71488259 35.49591223 0.0 0.0 0.0 0.0 0.0 0.0 0.0 1.0
