61.46989626 55.21721326 0.0 0.0 0.0 1.0 0.0 0.0 0.0 0.0
56.46989626 60.21721326 0.0 0.0 1.0 0.0 0.0 0.0 0.0 0.0
56.46989626 65.21721326 0.0 0.0 1.0 0.0 0.0 0.0 0.0 0.0
56.46989626 70.21721326 0.0 0.0 1.0 0.0 0.0 0.0 0.0 0.0
56.46989626 75.21721326 0.0 0.0 0.0 1.0 0.0 0.0 0.0 0.0
51.46989626 80.21721326 0.0 0.0 0.0 1.0 0.0 0.0 0.0 0.0
46.46989626 85.21721326 0.0 0.0 0.0 0.0 1.0 0.0 0.0 0.0
41.46989626 85.21721326 0.0 0.0 0.0 1.0 0.0 0.0 0.0 0.0
36.46989626 90.21721326 0.0 0.0 0.0 0.0 1.0 0.0 0.0 0.0
31.46989626 90.21721326 0.0 0.0 0.0 1.0 0.0 0.0 0.0 0.0
26.46989626 95.21721326 0.0 0.0 0.0 1.0 0.0 0.0 0.0 0.0
