19.53028711 77.08839442 0.0 0.0 0.0 0.0 0.0 0.0 0.0 1.0
24.53028711 72.08839442 1.0 0.0 0.0 0.0 0.0 0.0 0.0 0.0
29.53028711 72.08839442 1.0 0.0 0.0 0.0 0.0 0.0 0.0 0.0
34.53028711 72.08839442 1.0 0.0 0.0 0.0 0.0 0.0 0.0 0.0
39.53028711 72.08839442 1.0 0.0 0.0 0.0 0.0 0.0 0.0 0.0
44.53028711 72.08839442 1.0 0.0 0.0 0.0 0.0 0.0 0.0 0.0
49.53028711 72.08839442 1.0 0.0 0.0 0.0 0.0 0.0 0.0 0.0
54.53028711 72.08839442 0.0 0.0 0.0 0.0 0.0 0.0 0.0 1.0
59.53028711 67.08839442 0.0 0.0 0.0 0.0 0.0 0.0 0.0 1.0
64.53028711 62.08839442 0.0 0.0 0.0 0.0 0.0 0.0 0.0 1.0
69.53028711 57.08839442 0.0 0.0 0.0 0.0 0.0 0.0 0.0 1.0
74.53028711 52.08839442 0.0 0.0 0.0 0.0 0.0 0.0 0.0 1.0
79.53028711 47.08839442 0.0 0.0 0.0 0.0 0.0 0.0 0.0 1.0
84.53028711 42.08839442 0.0 1.0 0.0 0.0 0.0 0.0 0.0 0.0
