26.49520371 63.63968102 0.0 0.0 0.0 0.0 0.0 0.0 0.0 1.0
31.49520371 58.63968102 0.0 0.0 0.0 0.0 0.0 0.0 0.0 1.0
36.49520371 53.63968102 0.0 0.0 0.0 0.0 0.0 0.0 1.0 0.0
36.49520371 48.63968102 0.0 0.0 0.0 0.0 0.0 0.0 1.0 0.0
36.49520371 43.63968102 0.0 0.0 0.0 0.0 0.0 0.0 1.0 0.0
36.49520371 38.63968102 0.0 0.0 0.0 0.0 0.0 0.0 0.0 1.0
41.49520371 33.63968102 0.0 0.0 0.0 0.0 0.0 0.0 0.0 1.0
46.49520371 28.63968102 0.0 0.0 0.0 0.0 0.0 0.0 0.0 1.0
51.49520371 23.63968102 0.0 0.0 0.0 0.0 0.0 0.0 0.0 1.0
56.49520371 18.63968102 0.0 0.0 0.0 0.0 0.0 0.0 0.0 1.0
61.49520371 13.63968102 1.0 0.0 0.0 0.0 0.0 0.0 0.0 0.0
66.49520371 13.63968102 0.0 0.0 0.0 0.0 0.0 0.0 0.0 1.0
