98.91684116 96.62139392 0.0 0.0 0.0 0.0 0.0 0.0 1.0 0.0
98.91684116 91.62139392 0.0 0.0 0.0 0.0 0.0 0.0 1.0 0.0
98.91684116 86.62139392 0.0 0.0 0.0 0.0 0.0 0.0 1.0 0.0
98.91684116 81.62139392 0.0 0.0 0.0 0.0 0.0 1.0 0.0 0.0
93.91684116 76.62139392 0.0 0.0 0.0 0.0 0.0 0.0 1.0 0.0
93.91684116 71.62139392 0.0 0.0 0.0 0.0 0.0 0.0 1.0 0.0
93.91684116 66.62139392 0.0 0.0 0.0 0.0 0.0 1.0 0.0 0.0
88.91684116 61.62139392 0.0 0.0 0.0 0.0 0.0 1.0 0.0 0.0
83.91684116 56.62139392 0.0 0.0 0.0 0.0 0.0 1.0 0.0 0.0
78.91684116 51.62139392 0.0 0.0 0.0 0.0 0.0 1.0 0.0 0.0
73.91684116 46.62139392 0.0 0.0 0.0 0.0 1.0 0.0 0.0 0.0
68.91684116 46.62139392 0.0 0.0 0.0 0.0 1.0 0.0 0.0 0.0
63.91684116 46.62139392 0.0 0.0 0.0 0.0 1.0 0.0 0.0 0.0
58.91684116 46.62139392 0.0 0.0 0.0 0.0 0.0 1.0 0.0 0.0
53.91684116 41.62139392 0.0 0.0 0.0 0.0 0.0 1.0 0.0 0.0
48.91684116 36.62139392 0.0 0.0 0.0 0.0 0.0 1.0 0.0 0.0
