99.86656173 16.60467028 0.0 0.0 0.0 0.0 0.0 1.0 0.0 0.0
94.86656173 11.60467028 0.0 0.0 0.0 0.0 0.0 1.0 0.0 0.0
89.86656173 6.60467028 0.0 0.0 0.0 0.0 1.0 0.0 0.0 0.0
84.86656173 6.60467028 0.0 0.0 0.0 0.0 1.0 0.0 0.0 0.0
79.86656173 6.60467028 0.0 0.0 0.0 0.0 1.0 0.0 0.0 0.0
74.86656173 6.60467028 0.0 0.0 0.0 0.0 1.0 0.0 0.0 0.0
69.86656173 6.60467028 0.0 0.0 0.0 0.0 1.0 0.0 0.0 0.0
64.86656173 6.60467028 0.0 0.0 0.0 0.0 1.0 0.0 0.0 0.0
59.86656173 6.60467028 0.0 0.0 0.0 0.0 1.0 0.0 0.0 0.0
54.86656173 6.60467028 0.0 0.0 0.0 0.0 1.0 0.0 0.0 0.0
49.86656173 6.60467028 0.0 0.0 0.0 0.0 1.0 0.0 0.0 0.0
44.86656173 6.60467028 0.0 0.0 0.0 0.0 1.0 0.0 0.0 0.0
39.86656173 6.60467028 0.0 0.0 0.0 0.0 0.0 1.0 0.0 0.0
34.86656173 1.60467028 0.0 0.0 0.0 0.0 1.0 0.0 0.0 0.0
29.86656173 1.60467028 0.0 0.0 0.0 0.0 1.0 0.0 0.0 0.0
24.86656173 1.60467028 0.0 0.0 0.0 0.0 1.0 0.0 0.0 0.0
19.86656173 1.60467028 0.0 0.0 0.0 1.0 0.0 0.0 0.0 0.0
14.86656173 6.60467028 0.0 0.0 0.0 0.0 1.0 0.0 0.0 0.0
9.86656173 6.60467028 0.0 0.0 0.0 1.0 0.0 0.0 0.0 0.0
4.86656173 11.60467028 0.0 0.0 0.0 1.0 0.0 0.0 0.0 0.0
