63.84814664 98.46071526 0.0 0.0 0.0 0.0 0.0 1.0 0.0 0.0
58.84814664 93.46071526 0.0 0.0 0.0 0.0 0.0 1.0 0.0 0.0
53.84814664 88.46071526 0.0 0.0 0.0 0.0 0.0 1.0 0.0 0.0
48.84814664 83.46071526 0.0 0.0 0.0 0.0 0.0 1.0 0.0 0.0
43.84814664 78.46071526 0.0 0.0 0.0 0.0 0.0 1.0 0.0 0.0
38.84814664 73.46071526 0.0 0.0 0.0 0.0 0.0 1.0 0.0 0.0
33.84814664 68.46071526 0.0 0.0 0.0 0.0 0.0 1.0 0.0 0.0
28.84814664 63.46071526 0.0 0.0 0.0 0.0 0.0 1.0 0.0 0.0
23.84814664 58.46071526 0.0 0.0 0.0 0.0 0.0 1.0 0.0 0.0
18.84814664 53.46071526 0.0 0.0 0.0 0.0 0.0 0.0 1.0 0.0
18.84814664 48.46071526 0.0 0.0 0.0 0.0 0.0 1.0 0.0 0.0
13.84814664 43.46071526 0.0 0.0 0.0 0.0 0.0 0.0 1.0 0.0
13.84814664 38.46071526 0.0 0.0 0.0 0.0 0.0 1.0 0.0 0.0
8.84814664 33.46071526 0.0 0.0 0.0 0.0 0.0 1.0 0.0 0.0
