81.04393826 61.88358248 0.0 0.0 0.0 0.0 1.0 0.0 0.0 0.0
76.04393826 61.88358248 0.0 0.0 0.0 0.0 1.0 0.0 0.0 0.0
71.04393826 61.88358248 0.0 0.0 0.0 0.0 1.0 0.0 0.0 0.0
66.04393826 61.88358248 0.0 0.0 0.0 0.0 1.0 0.0 0.0 0.0
61.04393826 61.88358248 0.0 0.0 0.0 0.0 1.0 0.0 0.0 0.0
56.04393826 61.88358248 0.0 0.0 0.0 0.0 1.0 0.0 0.0 0.0
51.04393826 61.88358248 0.0 0.0 0.0 0.0 1.0 0.0 0.0 0.0
46.04393826 61.88358248 0.0 0.0 0.0 0.0 1.0 0.0 0.0 0.0
41.04393826 61.88358248 0.0 0.0 0.0 0.0 1.0 0.0 0.0 0.0
36.04393826 61.88358248 0.0 0.0 0.0 1.0 0.0 0.0 0.0 0.0
31.04393826 66.88358248 0.0 0.0 0.0 0.0 1.0 0.0 0.0 0.0
26.04393826 66.88358248 0.0 0.0 0.0 1.0 0.0 0.0 0.0 0.0
21.04393826 71.88358248 0.0 0.0 0.0 1.0 0.0 0.0 0.0 0.0
