14.19893886 95.15313827 0.0 0.0 0.0 0.0 0.0 0.0 0.0 1.0
19.19893886 90.15313827 0.0 0.0 0.0 0.0 0.0 0.0 0.0 1.0
24.19893886 85.15313827 0.0 0.0 0.0 0.0 0.0 0.0 1.0 0.0
24.19893886 80.15313827 0.0 0.0 0.0 0.0 0.0 0.0 1.0 0.0
24.19893886 75.15313827 0.0 0.0 0.0 0.0 0.0 0.0 1.0 0.0
24.19893886 70.15313827 0.0 0.0 0.0 0.0 0.0 0.0 1.0 0.0
24.19893886 65.15313827 0.0 0.0 0.0 0.0 0.0 0.0 1.0 0.0
24.19893886 60.15313827 0.0 0.0 0.0 0.0 0.0 0.0 1.0 0.0
24.19893886 55.15313827 0.0 0.0 0.0 0.0 0.0 0.0 0.0 1.0
29.19893886 50.15313827 0.0 0.0 0.0 0.0 0.0 0.0 0.0 1.0
34.19893886 45.15313827 1.0 0.0 0.0 0.0 0.0 0.0 0.0 0.0
39.19893886 45.15313827 1.0 0.0 0.0 0.0 0.0 0.0 0.0 0.0
44.19893886 45.15313827 0.0 1.0 0.0 0.0 0.0 0.0 0.0 0.0
49.19893886 50.15313827 1.0 0.0 0.0 0.0 0.0 0.0 0.0 0.0
54.19893886 50.15313827 0.0 1.0 0.0 0.0 0.0 0.0 0.0 0.0
