92.45383539 82.68656646 0.0 0.0 0.0 0.0 0.0 1.0 0.0 0.0
87.45383539 77.68656646 0.0 0.0 0.0 0.0 0.0 1.0 0.0 0.0
82.45383539 72.68656646 0.0 0.0 0.0 0.0 0.0 0.0 1.0 0.0
82.45383539 67.68656646 0.0 0.0 0.0 0.0 0.0 0.0 1.0 0.0
82.45383539 62.68656646 0.0 0.0 0.0 0.0 0.0 0.0 1.0 0.0
82.45383539 57.68656646 0.0 0.0 0.0 0.0 0.0 1.0 0.0 0.0
77.45383539 52.68656646 0.0 0.0 0.0 0.0 0.0 1.0 0.0 0.0
72.45383539 47.68656646 0.0 0.0 0.0 0.0 1.0 0.0 0.0 0.0
67.45383539 47.68656646 0.0 0.0 0.0 0.0 0.0 1.0 0.0 0.0
62.45383539 42.68656646 0.0 0.0 0.0 0.0 0.0 1.0 0.0 0.0
57.45383539 37.68656646 0.0 0.0 0.0 0.0 0.0 1.0 0.0 0.0
52.45383539 32.68656646 0.0 0.0 0.0 0.0 1.0 0.0 0.0 0.0
47.45383539 32.68656646 0.0 0.0 0.0 0.0 1.0 0.0 0.0 0.0
42.45383539 32.68656646 0.0 0.0 0.0 0.0 1.0 0.0 0.0 0.0
37.45383539 32.68656646 0.0 0.0 0.0 0.0 0.0 1.0 0.0 0.0
32.45383539 27.68656646 0.0 0.0 0.0 0.0 0.0 1.0 0.0 0.0
27.45383539 22.68656646 0.0 0.0 0.0 0.0 0.0 1.0 0.0 0.0
22.45383539 17.68656646 0.0 0.0 0.0 0.0 0.0 1.0 0.0 0.0
17.45383539 12.68656646 0.0 0.0 0.0 0.0 0.0 1.0 0.0 0.0
12.45383539 7.68656646 0.0 0.0 0.0 0.0 0.0 0.0 1.0 0.0
12.45383539 2.68656646 0.0 0.0 0.0 0.0 0.0 1.0 0.0 0.0
