20.26286117 87.62628277 0.0 0.0 0.0 0.0 0.0 0.0 0.0 1.0
25.26286117 82.62628277 0.0 0.0 0.0 0.0 0.0 0.0 1.0 0.0
25.26286117 77.62628277 0.0 0.0 0.0 0.0 0.0 0.0 1.0 0.0
25.26286117 72.62628277 0.0 0.0 0.0 0.0 0.0 0.0 0.0 1.0
30.26286117 67.62628277 0.0 0.0 0.0 0.0 0.0 0.0 0.0 1.0
35.26286117 62.62628277 0.0 0.0 0.0 0.0 0.0 0.0 0.0 1.0
40.26286117 57.62628277 0.0 0.0 0.0 0.0 0.0 0.0 0.0 1.0
45.26286117 52.62628277 0.0 0.0 0.0 0.0 0.0 0.0 0.0 1.0
50.26286117 47.62628277 1.0 0.0 0.0 0.0 0.0 0.0 0.0 0.0
55.26286117 47.62628277 0.0 0.0 0.0 0.0 0.0 0.0 0.0 1.0
60.26286117 42.62628277 0.0 0.0 0.0 0.0 0.0 0.0 0.0 1.0
65.26286117 37.62628277 0.0 0.0 0.0 0.0 0.0 0.0 0.0 1.0
70.26286117 32.62628277 0.0 0.0 0.0 0.0 0.0 0.0 0.0 1.0
75.26286117 27.62628277 1.0 0.0 0.0 0.0 0.0 0.0 0.0 0.0
80.26286117 27.62628277 0.0 0.0 0.0 0.0 0.0 0.0 0.0 1.0
85.26286117 22.62628277 0.0 0.0 0.0 0.0 0.0 0.0 0.0 1.0
