2.9585206 14.75404013 0.0 0.0 1.0 0.0 0.0 0.0 0.0 0.0
2.9585206 19.75404013 0.0 0.0 1.0 0.0 0.0 0.0 0.0 0.0
2.9585206 24.75404013 0.0 0.0 1.0 0.0 0.0 0.0 0.0 0.0
2.9585206 29.75404013 0.0 0.0 1.0 0.0 0.0 0.0 0.0 0.0
2.9585206 34.75404013 0.0 0.0 1.0 0.0 0.0 0.0 0.0 0.0
2.9585206 39.75404013 0.0 0.0 1.0 0.0 0.0 0.0 0.0 0.0
2.9585206 44.75404013 0.0 1.0 0.0 0.0 0.0 0.0 0.0 0.0
7.9585206 49.75404013 0.0 1.0 0.0 0.0 0.0 0.0 0.0 0.0
12.9585206 54.75404013 0.0 1.0 0.0 0.0 0.0 0.0 0.0 0.0
17.9585206 59.75404013 0.0 1.0 0.0 0.0 0.0 0.0 0.0 0.0
22.9585206 64.75404013 0.0 1.0 0.0 0.0 0.0 0.0 0.0 0.0
27.9585206 69.75404013 0.0 0.0 1.0 0.0 0.0 0.0 0.0 0.0
27.9585206 74.75404013 0.0 0.0 0.0 1.0 0.0 0.0 0.0 0.0
22.9585206 79.75404013 0.0 0.0 1.0 0.0 0.0 0.0 0.0 0.0
22.9585206 84.75404013 0.0 0.0 0.0 1.0 0.0 0.0 0.0 0.0
17.9585206 89.75404013 0.0 0.0 1.0 0.0 0.0 0.0 0.0 0.0
17.9585206 94.75404013 0.0 0.0 0.0 1.0 0.0 0.0 0.0 0.0
