37.58871296 97.64803848 0.0 0.0 0.0 0.0 0.0 0.0 1.0 0.0
37.58871296 92.64803848 0.0 0.0 0.0 0.0 0.0 0.0 1.0 0.0
37.58871296 87.64803848 0.0 0.0 0.0 0.0 0.0 0.0 1.0 0.0
37.58871296 82.64803848 0.0 0.0 0.0 0.0 0.0 0.0 1.0 0.0
37.58871296 77.64803848 0.0 0.0 0.0 0.0 0.0 0.0 1.0 0.0
37.58871296 72.64803848 0.0 0.0 0.0 0.0 0.0 0.0 1.0 0.0
37.58871296 67.64803848 0.0 0.0 0.0 0.0 0.0 0.0 0.0 1.0
42.58871296 62.64803848 0.0 0.0 0.0 0.0 0.0 0.0 0.0 1.0
47.58871296 57.64803848 0.0 0.0 0.0 0.0 0.0 0.0 0.0 1.0
52.58871296 52.64803848 0.0 0.0 0.0 0.0 0.0 0.0 0.0 1.0
57.58871296 47.64803848 0.0 0.0 0.0 0.0 0.0 0.0 0.0 1.0
62.58871296 42.64803848 0.0 0.0 0.0 0.0 0.0 0.0 0.0 1.0
67.58871296 37.64803848 0.0 0.0 0.0 0.0 0.0 0.0 0.0 1.0
72.58871296 32.64803848 0.0 0.0 0.0 0.0 0.0 0.0 1.0 0.0
72.58871296 27.64803848 0.0 0.0 0.0 0.0 0.0 1.0 0.0 0.0
67.58871296 22.64803848 0.0 0.0 0.0 0.0 0.0 0.0 1.0 0.0
67.58871296 17.64803848 0.0 0.0 0.0 0.0 0.0 1.0 0.0 0.0
62.58871296 12.64803848 0.0 0.0 0.0 0.0 0.0 1.0 0.0 0.0
57.58871296 7.64803848 0.0 0.0 0.0 0.0 0.0 1.0 0.0 0.0
