56.50920261 9.50263022 0.0 0.0 1.0 0.0 0.0 0.0 0.0 0.0
56.50920261 14.50263022 0.0 0.0 1.0 0.0 0.0 0.0 0.0 0.0
56.50920261 19.50263022 0.0 1.0 0.0 0.0 0.0 0.0 0.0 0.0
61.50920261 24.50263022 0.0 1.0 0.0 0.0 0.0 0.0 0.0 0.0
66.50920261 29.50263022 0.0 1.0 0.0 0.0 0.0 0.0 0.0 0.0
71.50920261 34.50263022 0.0 1.0 0.0 0.0 0.0 0.0 0.0 0.0
76.50920261 39.50263022 0.0 0.0 1.0 0.0 0.0 0.0 0.0 0.0
76.50920261 44.50263022 0.0 1.0 0.0 0.0 0.0 0.0 0.0 0.0
81.50920261 49.50263022 0.0 0.0 1.0 0.0 0.0 0.0 0.0 0.0
81.50920261 54.50263022 0.0 0.0 1.0 0.0 0.0 0.0 0.0 0.0
81.50920261 59.50263022 0.0 0.0 1.0 0.0 0.0 0.0 0.0 0.0
81.50920261 64.50263022 0.0 0.0 1.0 0.0 0.0 0.0 0.0 0.0
81.50920261 69.50263022 0.0 0.0 0.0 1.0 0.0 0.0 0.0 0.0
76.50920261 74.50263022 0.0 0.0 0.0 1.0 0.0 0.0 0.0 0.0
71.50920261 79.50263022 0.0 0.0 1.0 0.0 0.0 0.0 0.0 0.0
71.50920261 84.50263022 0.0 0.0 1.0 0.0 0.0 0.0 0.0 0.0
71.50920261 89.50263022 0.0 0.0 0.0 1.0 0.0 0.0 0.0 0.0
