7.97797977 22.71904355 0.0 1.0 0.0 0.0 0.0 0.0 0.0 0.0
12.97797977 27.71904355 0.0 1.0 0.0 0.0 0.0 0.0 0.0 0.0
17.97797977 32.71904355 0.0 1.0 0.0 0.0 0.0 0.0 0.0 0.0
22.97797977 37.71904355 0.0 1.0 0.0 0.0 0.0 0.0 0.0 0.0
27.97797977 42.71904355 0.0 0.0 1.0 0.0 0.0 0.0 0.0 0.0
27.97797977 47.71904355 0.0 0.0 1.0 0.0 0.0 0.0 0.0 0.0
27.97797977 52.71904355 0.0 0.0 1.0 0.0 0.0 0.0 0.0 0.0
27.97797977 57.71904355 0.0 0.0 1.0 0.0 0.0 0.0 0.0 0.0
27.97797977 62.71904355 0.0 1.0 0.0 0.0 0.0 0.0 0.0 0.0
32.97797977 67.71904355 0.0 1.0 0.0 0.0 0.0 0.0 0.0 0.0
37.97797977 72.71904355 1.0 0.0 0.0 0.0 0.0 0.0 0.0 0.0
42.97797977 72.71904355 1.0 0.0 0.0 0.0 0.0 0.0 0.0 0.0
47.97797977 72.71904355 0.0 1.0 0.0 0.0 0.0 0.0 0.0 0.0
52.97797977 77.71904355 1.0 0.0 0.0 0.0 0.0 0.0 0.0 0.0
57.97797977 77.71904355 0.0 1.0 0.0 0.0 0.0 0.0 0.0 0.0
62.97797977 82.71904355 1.0 0.0 0.0 0.0 0.0 0.0 0.0 0.0
67.97797977 82.71904355 0.0 1.0 0.0 0.0 0.0 0.0 0.0 0.0
72.97797977 87.71904355 0.0 1.0 0.0 0.0 0.0 0.0 0.0 0.0
77.97797977 92.71904355 0.0 0.0 0.0 0.0 0.0 0.0 0.0 1.0
