38.80581881 90.56238774 0.0 0.0 0.0 0.0 0.0 0.0 1.0 0.0
38.80581881 85.56238774 0.0 0.0 0.0 0.0 0.0 0.0 1.0 0.0
38.80581881 80.56238774 0.0 0.0 0.0 0.0 0.0 0.0 1.0 0.0
38.80581881 75.56238774 0.0 0.0 0.0 0.0 0.0 0.0 1.0 0.0
38.80581881 70.56238774 0.0 0.0 0.0 0.0 0.0 0.0 1.0 0.0
38.80581881 65.56238774 0.0 0.0 0.0 0.0 0.0 0.0 1.0 0.0
38.80581881 60.56238774 0.0 0.0 0.0 0.0 0.0 0.0 1.0 0.0
38.80581881 55.56238774 0.0 0.0 0.0 0.0 0.0 0.0 1.0 0.0
38.80581881 50.56238774 0.0 0.0 0.0 0.0 0.0 0.0 1.0 0.0
38.80581881 45.56238774 0.0 0.0 0.0 0.0 0.0 0.0 1.0 0.0
38.80581881 40.56238774 0.0 0.0 0.0 0.0 0.0 0.0 1.0 0.0
38.80581881 35.56238774 0.0 0.0 0.0 0.0 0.0 0.0 1.0 0.0
38.80581881 30.56238774 0.0 0.0 0.0 0.0 0.0 0.0 1.0 0.0
38.80581881 25.56238774 0.0 0.0 0.0 0.0 0.0 0.0 1.0 0.0
38.80581881 20.56238774 0.0 0.0 0.0 0.0 0.0 0.0 0.0 1.0
43.80581881 15.56238774 0.0 0.0 0.0 0.0 0.0 0.0 0.0 1.0
48.80581881 10.56238774 1.0 0.0 0.0 0.0 0.0 0.0 0.0 0.0
53.80581881 10.56238774 1.0 0.0 0.0 0.0 0.0 0.0 0.0 0.0
58.80581881 10.56238774 1.0 0.0 0.0 0.0 0.0 0.0 0.0 0.0
63.80581881 10.56238774 1.0 0.0 0.0 0.0 0.0 0.0 0.0 0.0
68.80581881 10.56238774 1.0 0.0 0.0 0.0 0.0 0.0 0.0 0.0
73.80581881 10.56238774 0.0 1.0 0.0 0.0 0.0 0.0 0.0 0.0
