4.18143971 79.99724056 0.0 0.0 0.0 0.0 0.0 0.0 1.0 0.0
4.18143971 74.99724056 0.0 0.0 0.0 0.0 0.0 0.0 1.0 0.0
4.18143971 69.99724056 0.0 0.0 0.0 0.0 0.0 0.0 1.0 0.0
4.18143971 64.99724056 0.0 0.0 0.0 0.0 0.0 0.0 1.0 0.0
4.18143971 59.99724056 0.0 0.0 0.0 0.0 0.0 0.0 0.0 1.0
9.18143971 54.99724056 0.0 0.0 0.0 0.0 0.0 0.0 0.0 1.0
14.18143971 49.99724056 0.0 0.0 0.0 0.0 0.0 0.0 0.0 1.0
19.18143971 44.99724056 1.0 0.0 0.0 0.0 0.0 0.0 0.0 0.0
24.18143971 44.99724056 1.0 0.0 0.0 0.0 0.0 0.0 0.0 0.0
29.18143971 44.99724056 0.0 1.0 0.0 0.0 0.0 0.0 0.0 0.0
34.18143971 49.99724056 1.0 0.0 0.0 0.0 0.0 0.0 0.0 0.0
39.18143971 49.99724056 1.0 0.0 0.0 0.0 0.0 0.0 0.0 0.0
44.18143971 49.99724056 0.0 1.0 0.0 0.0 0.0 0.0 0.0 0.0
49.18143971 54.99724056 0.0 1.0 0.0 0.0 0.0 0.0 0.0 0.0
54.18143971 59.99724056 0.0 1.0 0.0 0.0 0.0 0.0 0.0 0.0
59.18143971 64.99724056 0.0 1.0 0.0 0.0 0.0 0.0 0.0 0.0
64.18143971 69.99724056 0.0 1.0 0.0 0.0 0.0 0.0 0.0 0.0
69.18143971 74.99724056 0.0 1.0 0.0 0.0 0.0 0.0 0.0 0.0
74.18143971 79.99724056 0.0 1.0 0.0 0.0 0.0 0.0 0.0 0.0
79.18143971 84.99724056 0.0 1.0 0.0 0.0 0.0 0.0 0.0 0.0
84.18143971 89.99724056 0.0 1.0 0.0 0.0 0.0 0.0 0.0 0.0
