79.99291293 7.49559729 0.0 0.0 0.0 1.0 0.0 0.0 0.0 0.0
74.99291293 12.49559729 0.0 0.0 0.0 1.0 0.0 0.0 0.0 0.0
69.99291293 17.49559729 0.0 0.0 0.0 1.0 0.0 0.0 0.0 0.0
64.99291293 22.49559729 0.0 0.0 1.0 0.0 0.0 0.0 0.0 0.0
64.99291293 27.49559729 0.0 0.0 0.0 1.0 0.0 0.0 0.0 0.0
59.99291293 32.49559729 0.0 0.0 1.0 0.0 0.0 0.0 0.0 0.0
59.99291293 37.49559729 0.0 0.0 0.0 1.0 0.0 0.0 0.0 0.0
54.99291293 42.49559729 0.0 0.0 1.0 0.0 0.0 0.0 0.0 0.0
54.99291293 47.49559729 0.0 0.0 0.0 1.0 0.0 0.0 0.0 0.0
49.99291293 52.49559729 0.0 0.0 1.0 0.0 0.0 0.0 0.0 0.0
49.99291293 57.49559729 0.0 0.0 0.0 1.0 0.0 0.0 0.0 0.0
44.99291293 62.49559729 0.0 0.0 1.0 0.0 0.0 0.0 0.0 0.0
44.99291293 67.49559729 0.0 0.0 0.0 1.0 0.0 0.0 0.0 0.0
39.99291293 72.49559729 0.0 0.0 1.0 0.0 0.0 0.0 0.0 0.0
39.99291293 77.49559729 0.0 0.0 1.0 0.0 0.0 0.0 0.0 0.0
39.99291293 82.49559729 0.0 0.0 0.0 1.0 0.0 0.0 0.0 0.0
34.99291293 87.49559729 0.0 0.0 0.0 1.0 0.0 0.0 0.0 0.0
