2.2309687 30.6103707 0.0 0.0 1.0 0.0 0.0 0.0 0.0 0.0
2.2309687 35.6103707 0.0 0.0 1.0 0.0 0.0 0.0 0.0 0.0
2.2309687 40.6103707 0.0 0.0 1.0 0.0 0.0 0.0 0.0 0.0
2.2309687 45.6103707 0.0 0.0 1.0 0.0 0.0 0.0 0.0 0.0
2.2309687 50.6103707 0.0 0.0 1.0 0.0 0.0 0.0 0.0 0.0
2.2309687 55.6103707 0.0 0.0 1.0 0.0 0.0 0.0 0.0 0.0
2.2309687 60.6103707 0.0 0.0 1.0 0.0 0.0 0.0 0.0 0.0
2.2309687 65.6103707 0.0 0.0 1.0 0.0 0.0 0.0 0.0 0.0
2.2309687 70.6103707 0.0 0.0 1.0 0.0 0.0 0.0 0.0 0.0
2.2309687 75.6103707 0.0 1.0 0.0 0.0 0.0 0.0 0.0 0.0
7.2309687 80.6103707 0.0 1.0 0.0 0.0 0.0 0.0 0.0 0.0
12.2309687 85.6103707 0.0 1.0 0.0 0.0 0.0 0.0 0.0 0.0
17.2309687 90.6103707 1.0 0.0 0.0 0.0 0.0 0.0 0.0 0.0
22.2309687 90.6103707 1.0 0.0 0.0 0.0 0.0 0.0 0.0 0.0
27.2309687 90.6103707 1.0 0.0 0.0 0.0 0.0 0.0 0.0 0.0
32.2309687 90.6103707 1.0 0.0 0.0 0.0 0.0 0.0 0.0 0.0
37.2309687 90.6103707 1.0 0.0 0.0 0.0 0.0 0.0 0.0 0.0
42.2309687 90.6103707 1.0 0.0 0.0 0.0 0.0 0.0 0.0 0.0
47.2309687 90.6103707 1.0 0.0 0.0 0.0 0.0 0.0 0.0 0.0
52.2309687 90.6103707 1.0 0.0 0.0 0.0 0.0 0.0 0.0 0.0
57.2309687 90.6103707 0.0 1.0 0.0 0.0 0.0 0.0 0.0 0.0
62.2309687 95.6103707 0.0 0.0 0.0 0.0 0.0 0.0 0.0 1.0
