21.39933748 76.52519759 1.0 0.0 0.0 0.0 0.0 0.0 0.0 0.0
26.39933748 76.52519759 1.0 0.0 0.0 0.0 0.0 0.0 0.0 0.0
31.39933748 76.52519759 1.0 0.0 0.0 0.0 0.0 0.0 0.0 0.0
36.39933748 76.52519759 1.0 0.0 0.0 0.0 0.0 0.0 0.0 0.0
41.39933748 76.52519759 1.0 0.0 0.0 0.0 0.0 0.0 0.0 0.0
46.39933748 76.52519759 1.0 0.0 0.0 0.0 0.0 0.0 0.0 0.0
51.39933748 76.52519759 1.0 0.0 0.0 0.0 0.0 0.0 0.0 0.0
56.39933748 76.52519759 0.0 0.0 0.0 0.0 0.0 0.0 0.0 1.0
61.39933748 71.52519759 1.0 0.0 0.0 0.0 0.0 0.0 0.0 0.0
66.39933748 71.52519759 0.0 0.0 0.0 0.0 0.0 0.0 0.0 1.0
71.39933748 66.52519759 0.0 0.0 0.0 0.0 0.0 0.0 0.0 1.0
76.39933748 61.52519759 0.0 0.0 0.0 0.0 0.0 0.0 0.0 1.0
81.39933748 56.52519759 0.0 0.0 0.0 0.0 0.0 0.0 0.0 1.0
