99.93961244 44.16048664 0.0 0.0 0.0 0.0 1.0 0.0 0.0 0.0
94.93961244 44.16048664 0.0 0.0 0.0 0.0 1.0 0.0 0.0 0.0
89.93961244 44.16048664 0.0 0.0 0.0 0.0 0.0 1.0 0.0 0.0
84.93961244 39.16048664 0.0 0.0 0.0 0.0 1.0 0.0 0.0 0.0
79.93961244 39.16048664 0.0 0.0 0.0 0.0 0.0 1.0 0.0 0.0
74.93961244 34.16048664 0.0 0.0 0.0 0.0 1.0 0.0 0.0 0.0
69.93961244 34.16048664 0.0 0.0 0.0 0.0 1.0 0.0 0.0 0.0
64.93961244 34.16048664 0.0 0.0 0.0 0.0 0.0 1.0 0.0 0.0
59.93961244 29.16048664 0.0 0.0 0.0 0.0 1.0 0.0 0.0 0.0
54.93961244 29.16048664 0.0 0.0 0.0 0.0 0.0 1.0 0.0 0.0
49.93961244 24.16048664 0.0 0.0 0.0 0.0 1.0 0.0 0.0 0.0
44.93961244 24.16048664 0.0 0.0 0.0 0.0 1.0 0.0 0.0 0.0
39.93961244 24.16048664 0.0 0.0 0.0 0.0 1.0 0.0 0.0 0.0
34.93961244 24.16048664 0.0 0.0 0.0 0.0 1.0 0.0 0.0 0.0
29.93961244 24.16048664 0.0 0.0 0.0 0.0 0.0 1.0 0.0 0.0
24.93961244 19.16048664 0.0 0.0 0.0 0.0 0.0 1.0 0.0 0.0
19.93961244 14.16048664 0.0 0.0 0.0 0.0 0.0 1.0 0.0 0.0
14.93961244 9.16048664 0.0 0.0 0.0 0.0 1.0 0.0 0.0 0.0
9.93961244 9.16048664 0.0 0.0 0.0 0.0 0.0 1.0 0.0 0.0
4.93961244 4.16048664 0.0 0.0 0.0 0.0 0.0 1.0 0.0 0.0
