90.84132984 32.87493281 0.0 0.0 0.0 0.0 1.0 0.0 0.0 0.0
85.84132984 32.87493281 0.0 0.0 0.0 0.0 1.0 0.0 0.0 0.0
80.84132984 32.87493281 0.0 0.0 0.0 0.0 1.0 0.0 0.0 0.0
75.84132984 32.87493281 0.0 0.0 0.0 1.0 0.0 0.0 0.0 0.0
70.84132984 37.87493281 0.0 0.0 0.0 1.0 0.0 0.0 0.0 0.0
65.84132984 42.87493281 0.0 0.0 0.0 0.0 1.0 0.0 0.0 0.0
60.84132984 42.87493281 0.0 0.0 0.0 0.0 1.0 0.0 0.0 0.0
55.84132984 42.87493281 0.0 0.0 0.0 0.0 1.0 0.0 0.0 0.0
50.84132984 42.87493281 0.0 0.0 0.0 0.0 1.0 0.0 0.0 0.0
45.84132984 42.87493281 0.0 0.0 0.0 0.0 1.0 0.0 0.0 0.0
40.84132984 42.87493281 0.0 0.0 0.0 1.0 0.0 0.0 0.0 0.0
35.84132984 47.87493281 0.0 0.0 0.0 0.0 1.0 0.0 0.0 0.0
30.84132984 47.87493281 0.0 0.0 0.0 0.0 1.0 0.0 0.0 0.0
25.84132984 47.87493281 0.0 0.0 0.0 0.0 1.0 0.0 0.0 0.0
20.84132984 47.87493281 0.0 0.0 0.0 0.0 1.0 0.0 0.0 0.0
15.84132984 47.87493281 0.0 0.0 0.0 1.0 0.0 0.0 0.0 0.0
10.84132984 52.87493281 0.0 0.0 0.0 0.0 0.0 1.0 0.0 0.0
