78.82375018 99.21167768 0.0 0.0 0.0 0.0 0.0 1.0 0.0 0.0
73.82375018 94.21167768 0.0 0.0 0.0 0.0 0.0 1.0 0.0 0.0
68.82375018 89.21167768 0.0 0.0 0.0 0.0 0.0 1.0 0.0 0.0
63.82375018 84.21167768 0.0 0.0 0.0 0.0 0.0 1.0 0.0 0.0
58.82375018 79.21167768 0.0 0.0 0.0 0.0 0.0 1.0 0.0 0.0
53.82375018 74.21167768 0.0 0.0 0.0 0.0 0.0 1.0 0.0 0.0
48.82375018 69.21167768 0.0 0.0 0.0 0.0 0.0 1.0 0.0 0.0
43.82375018 64.21167768 0.0 0.0 0.0 0.0 0.0 1.0 0.0 0.0
38.82375018 59.21167768 0.0 0.0 0.0 0.0 1.0 0.0 0.0 0.0
33.82375018 59.21167768 0.0 0.0 0.0 0.0 1.0 0.0 0.0 0.0
28.82375018 59.21167768 0.0 0.0 0.0 0.0 0.0 1.0 0.0 0.0
23.82375018 54.21167768 0.0 0.0 0.0 0.0 0.0 1.0 0.0 0.0
18.82375018 49.21167768 0.0 0.0 0.0 0.0 0.0 0.0 1.0 0.0
18.82375018 44.21167768 0.0 0.0 0.0 0.0 0.0 0.0 1.0 0.0
18.82375018 39.21167768 0.0 0.0 0.0 0.0 0.0 0.0 1.0 0.0
18.82375018 34.21167768 0.0 0.0 0.0 0.0 0.0 1.0 0.0 0.0
13.82375018 29.21167768 0.0 0.0 0.0 0.0 0.0 0.0 1.0 0.0
13.82375018 24.21167768 0.0 0.0 0.0 0.0 0.0 1.0 0.0 0.0
8.82375018 19.21167768 0.0 0.0 0.0 0.0 0.0 0.0 1.0 0.0
8.82375018 14.21167768 0.0 0.0 0.0 0.0 0.0 0.0 1.0 0.0
8.82375018 9.21167768 0.0 0.0 0.0 0.0 0.0 1.0 0.0 0.0
