32.8605191 9.08481032 0.0 0.0 1.0 0.0 0.0 0.0 0.0 0.0
32.8605191 14.08481032 0.0 1.0 0.0 0.0 0.0 0.0 0.0 0.0
37.8605191 19.08481032 0.0 1.0 0.0 0.0 0.0 0.0 0.0 0.0
42.8605191 24.08481032 0.0 1.0 0.0 0.0 0.0 0.0 0.0 0.0
47.8605191 29.08481032 0.0 0.0 1.0 0.0 0.0 0.0 0.0 0.0
47.8605191 34.08481032 0.0 0.0 1.0 0.0 0.0 0.0 0.0 0.0
47.8605191 39.08481032 0.0 0.0 1.0 0.0 0.0 0.0 0.0 0.0
47.8605191 44.08481032 0.0 0.0 1.0 0.0 0.0 0.0 0.0 0.0
47.8605191 49.08481032 0.0 0.0 1.0 0.0 0.0 0.0 0.0 0.0
47.8605191 54.08481032 0.0 1.0 0.0 0.0 0.0 0.0 0.0 0.0
52.8605191 59.08481032 0.0 1.0 0.0 0.0 0.0 0.0 0.0 0.0
57.8605191 64.08481032 0.0 1.0 0.0 0.0 0.0 0.0 0.0 0.0
62.8605191 69.08481032 0.0 1.0 0.0 0.0 0.0 0.0 0.0 0.0
67.8605191 74.08481032 0.0 1.0 0.0 0.0 0.0 0.0 0.0 0.0
72.8605191 79.08481032 0.0 1.0 0.0 0.0 0.0 0.0 0.0 0.0
