90.59183751 95.01529773 0.0 0.0 0.0 0.0 0.0 0.0 1.0 0.0
90.59183751 90.01529773 0.0 0.0 0.0 0.0 0.0 0.0 1.0 0.0
90.59183751 85.01529773 0.0 0.0 0.0 0.0 0.0 0.0 1.0 0.0
90.59183751 80.01529773 0.0 0.0 0.0 0.0 0.0 1.0 0.0 0.0
85.59183751 75.01529773 0.0 0.0 0.0 0.0 1.0 0.0 0.0 0.0
80.59183751 75.01529773 0.0 0.0 0.0 0.0 0.0 1.0 0.0 0.0
75.59183751 70.01529773 0.0 0.0 0.0 0.0 1.0 0.0 0.0 0.0
70.59183751 70.01529773 0.0 0.0 0.0 0.0 1.0 0.0 0.0 0.0
65.59183751 70.01529773 0.0 0.0 0.0 0.0 1.0 0.0 0.0 0.0
60.59183751 70.01529773 0.0 0.0 0.0 0.0 1.0 0.0 0.0 0.0
55.59183751 70.01529773 0.0 0.0 0.0 0.0 1.0 0.0 0.0 0.0
50.59183751 70.01529773 0.0 0.0 0.0 0.0 1.0 0.0 0.0 0.0
45.59183751 70.01529773 0.0 0.0 0.0 0.0 1.0 0.0 0.0 0.0
40.59183751 70.01529773 0.0 0.0 0.0 0.0 0.0 1.0 0.0 0.0
35.59183751 65.01529773 0.0 0.0 0.0 0.0 1.0 0.0 0.0 0.0
30.59183751 65.01529773 0.0 0.0 0.0 0.0 1.0 0.0 0.0 0.0
25.59183751 65.01529773 0.0 0.0 0.0 0.0 0.0 1.0 0.0 0.0
