47.81108445 17.38334611 0.0 0.0 1.0 0.0 0.0 0.0 0.0 0.0
47.81108445 22.38334611 0.0 0.0 1.0 0.0 0.0 0.0 0.0 0.0
47.81108445 27.38334611 0.0 1.0 0.0 0.0 0.0 0.0 0.0 0.0
52.81108445 32.38334611 0.0 1.0 0.0 0.0 0.0 0.0 0.0 0.0
57.81108445 37.38334611 0.0 0.0 1.0 0.0 0.0 0.0 0.0 0.0
57.81108445 42.38334611 0.0 0.0 1.0 0.0 0.0 0.0 0.0 0.0
57.81108445 47.38334611 0.0 0.0 0.0 1.0 0.0 0.0 0.0 0.0
52.81108445 52.38334611 0.0 0.0 0.0 1.0 0.0 0.0 0.0 0.0
47.81108445 57.38334611 0.0 0.0 0.0 1.0 0.0 0.0 0.0 0.0
42.81108445 62.38334611 0.0 0.0 0.0 1.0 0.0 0.0 0.0 0.0
37.81108445 67.38334611 0.0 0.0 0.0 1.0 0.0 0.0 0.0 0.0
32.81108445 72.38334611 0.0 0.0 0.0 0.0 1.0 0.0 0.0 0.0
27.81108445 72.38334611 0.0 0.0 0.0 0.0 1.0 0.0 0.0 0.0
22.81108445 72.38334611 0.0 0.0 0.0 1.0 0.0 0.0 0.0 0.0
17.81108445 77.38334611 0.0 0.0 0.0 0.0 1.0 0.0 0.0 0.0
12.81108445 77.38334611 0.0 0.0 0.0 1.0 0.0 0.0 0.0 0.0
