3.44250929 91.73820652 0.0 0.0 0.0 0.0 0.0 0.0 1.0 0.0
3.44250929 86.73820652 0.0 0.0 0.0 0.0 0.0 0.0 0.0 1.0
8.44250929 81.73820652 0.0 0.0 0.0 0.0 0.0 0.0 0.0 1.0
13.44250929 76.73820652 0.0 0.0 0.0 0.0 0.0 0.0 0.0 1.0
18.44250929 71.73820652 0.0 0.0 0.0 0.0 0.0 0.0 1.0 0.0
18.44250929 66.73820652 0.0 0.0 0.0 0.0 0.0 0.0 0.0 1.0
23.44250929 61.73820652 0.0 0.0 0.0 0.0 0.0 0.0 0.0 1.0
28.44250929 56.73820652 0.0 0.0 0.0 0.0 0.0 0.0 0.0 1.0
33.44250929 51.73820652 0.0 0.0 0.0 0.0 0.0 0.0 0.0 1.0
38.44250929 46.73820652 0.0 0.0 0.0 0.0 0.0 0.0 0.0 1.0
43.44250929 41.73820652 0.0 0.0 0.0 0.0 0.0 0.0 0.0 1.0
48.44250929 36.73820652 0.0 0.0 0.0 0.0 0.0 0.0 1.0 0.0
48.44250929 31.73820652 0.0 0.0 0.0 0.0 0.0 0.0 0.0 1.0
53.44250929 26.73820652 0.0 0.0 0.0 0.0 0.0 0.0 0.0 1.0
58.44250929 21.73820652 0.0 0.0 0.0 0.0 0.0 0.0 0.0 1.0
63.44250929 16.73820652 1.0 0.0 0.0 0.0 0.0 0.0 0.0 0.0
68.44250929 16.73820652 1.0 0.0 0.0 0.0 0.0 0.0 0.0 0.0
73.44250929 16.73820652 1.0 0.0 0.0 0.0 0.0 0.0 0.0 0.0
78.44250929 16.73820652 0.0 0.0 0.0 0.0 0.0 0.0 0.0 1.0
83.44250929 11.73820652 0.0 0.0 0.0 0.0 0.0 0.0 0.0 1.0
