12.74772785 68.00396786 1.0 0.0 0.0 0.0 0.0 0.0 0.0 0.0
17.74772785 68.00396786 1.0 0.0 0.0 0.0 0.0 0.0 0.0 0.0
22.74772785 68.00396786 1.0 0.0 0.0 0.0 0.0 0.0 0.0 0.0
27.74772785 68.00396786 1.0 0.0 0.0 0.0 0.0 0.0 0.0 0.0
32.74772785 68.00396786 1.0 0.0 0.0 0.0 0.0 0.0 0.0 0.0
37.74772785 68.00396786 1.0 0.0 0.0 0.0 0.0 0.0 0.0 0.0
42.74772785 68.00396786 1.0 0.0 0.0 0.0 0.0 0.0 0.0 0.0
47.74772785 68.00396786 1.0 0.0 0.0 0.0 0.0 0.0 0.0 0.0
52.74772785 68.00396786 1.0 0.0 0.0 0.0 0.0 0.0 0.0 0.0
57.74772785 68.00396786 1.0 0.0 0.0 0.0 0.0 0.0 0.0 0.0
62.74772785 68.00396786 0.0 1.0 0.0 0.0 0.0 0.0 0.0 0.0
67.74772785 73.00396786 1.0 0.0 0.0 0.0 0.0 0.0 0.0 0.0
72.74772785 73.00396786 0.0 1.0 0.0 0.0 0.0 0.0 0.0 0.0
77.74772785 78.00396786 0.0 1.0 0.0 0.0 0.0 0.0 0.0 0.0
