33.33604579 15.71675507 0.0 1.0 0.0 0.0 0.0 0.0 0.0 0.0
38.33604579 20.71675507 0.0 1.0 0.0 0.0 0.0 0.0 0.0 0.0
43.33604579 25.71675507 0.0 1.0 0.0 0.0 0.0 0.0 0.0 0.0
48.33604579 30.71675507 0.0 1.0 0.0 0.0 0.0 0.0 0.0 0.0
53.33604579 35.71675507 0.0 0.0 1.0 0.0 0.0 0.0 0.0 0.0
53.33604579 40.71675507 0.0 0.0 1.0 0.0 0.0 0.0 0.0 0.0
53.33604579 45.71675507 0.0 0.0 1.0 0.0 0.0 0.0 0.0 0.0
53.33604579 50.71675507 0.0 0.0 1.0 0.0 0.0 0.0 0.0 0.0
53.33604579 55.71675507 0.0 1.0 0.0 0.0 0.0 0.0 0.0 0.0
58.33604579 60.71675507 0.0 1.0 0.0 0.0 0.0 0.0 0.0 0.0
63.33604579 65.71675507 0.0 1.0 0.0 0.0 0.0 0.0 0.0 0.0
68.33604579 70.71675507 1.0 0.0 0.0 0.0 0.0 0.0 0.0 0.0
73.33604579 70.71675507 1.0 0.0 0.0 0.0 0.0 0.0 0.0 0.0
78.33604579 70.71675507 0.0 1.0 0.0 0.0 0.0 0.0 0.0 0.0
83.33604579 75.71675507 0.0 0.0 1.0 0.0 0.0 0.0 0.0 0.0
83.33604579 80.71675507 0.0 0.0 1.0 0.0 0.0 0.0 0.0 0.0
83.33604579 85.71675507 0.0 0.0 1.0 0.0 0.0 0.0 0.0 0.0
83.33604579 90.71675507 0.0 1.0 0.0 0.0 0.0 0.0 0.0 0.0
