32.92169954 84.88991763 0.0 0.0 0.0 0.0 0.0 0.0 0.0 1.0
37.92169954 79.88991763 0.0 0.0 0.0 0.0 0.0 0.0 0.0 1.0
42.92169954 74.88991763 0.0 0.0 0.0 0.0 0.0 0.0 0.0 1.0
47.92169954 69.88991763 1.0 0.0 0.0 0.0 0.0 0.0 0.0 0.0
52.92169954 69.88991763 0.0 0.0 0.0 0.0 0.0 0.0 0.0 1.0
57.92169954 64.88991763 1.0 0.0 0.0 0.0 0.0 0.0 0.0 0.0
62.92169954 64.88991763 0.0 0.0 0.0 0.0 0.0 0.0 0.0 1.0
67.92169954 59.88991763 0.0 0.0 0.0 0.0 0.0 0.0 0.0 1.0
72.92169954 54.88991763 0.0 0.0 0.0 0.0 0.0 0.0 1.0 0.0
72.92169954 49.88991763 0.0 0.0 0.0 0.0 0.0 0.0 1.0 0.0
72.92169954 44.88991763 0.0 0.0 0.0 0.0 0.0 0.0 0.0 1.0
77.92169954 39.88991763 0.0 0.0 0.0 0.0 0.0 0.0 1.0 0.0
77.92169954 34.88991763 0.0 0.0 0.0 0.0 0.0 0.0 0.0 1.0
82.92169954 29.88991763 0.0 0.0 0.0 0.0 0.0 0.0 1.0 0.0
82.92169954 24.88991763 0.0 0.0 0.0 0.0 0.0 0.0 0.0 1.0
87.92169954 19.88991763 0.0 0.0 0.0 0.0 0.0 0.0 1.0 0.0
87.92169954 14.88991763 0.0 0.0 0.0 0.0 0.0 0.0 0.0 1.0
92.92169954 9.88991763 0.0 0.0 0.0 0.0 0.0 1.0 0.0 0.0
