58.26668877 99.72812361 0.0 0.0 0.0 0.0 0.0 0.0 1.0 0.0
58.26668877 94.72812361 0.0 0.0 0.0 0.0 0.0 0.0 1.0 0.0
58.26668877 89.72812361 0.0 0.0 0.0 0.0 0.0 0.0 1.0 0.0
58.26668877 84.72812361 0.0 0.0 0.0 0.0 0.0 0.0 1.0 0.0
58.26668877 79.72812361 0.0 0.0 0.0 0.0 0.0 0.0 1.0 0.0
58.26668877 74.72812361 0.0 0.0 0.0 0.0 0.0 0.0 1.0 0.0
58.26668877 69.72812361 0.0 0.0 0.0 0.0 0.0 0.0 1.0 0.0
58.26668877 64.72812361 0.0 0.0 0.0 0.0 0.0 0.0 1.0 0.0
58.26668877 59.72812361 0.0 0.0 0.0 0.0 0.0 0.0 0.0 1.0
63.26668877 54.72812361 0.0 0.0 0.0 0.0 0.0 0.0 1.0 0.0
63.26668877 49.72812361 0.0 0.0 0.0 0.0 0.0 0.0 0.0 1.0
68.26668877 44.72812361 0.0 0.0 0.0 0.0 0.0 0.0 1.0 0.0
68.26668877 39.72812361 0.0 0.0 0.0 0.0 0.0 0.0 1.0 0.0
68.26668877 34.72812361 0.0 0.0 0.0 0.0 0.0 0.0 0.0 1.0
73.26668877 29.72812361 0.0 0.0 0.0 0.0 0.0 0.0 1.0 0.0
73.26668877 24.72812361 0.0 0.0 0.0 0.0 0.0 0.0 1.0 0.0
73.26668877 19.72812361 0.0 0.0 0.0 0.0 0.0 0.0 0.0 1.0
78.26668877 14.72812361 0.0 0.0 0.0 0.0 0.0 0.0 0.0 1.0
83.26668877 9.72812361 0.0 0.0 0.0 0.0 0.0 0.0 1.0 0.0
83.26668877 4.72812361 0.0 0.0 0.0 0.0 0.0 0.0 0.0 1.0
