45.62589435 19.6594711 0.0 1.0 0.0 0.0 0.0 0.0 0.0 0.0
50.62589435 24.6594711 0.0 1.0 0.0 0.0 0.0 0.0 0.0 0.0
55.62589435 29.6594711 0.0 0.0 1.0 0.0 0.0 0.0 0.0 0.0
55.62589435 34.6594711 0.0 0.0 1.0 0.0 0.0 0.0 0.0 0.0
55.62589435 39.6594711 0.0 0.0 1.0 0.0 0.0 0.0 0.0 0.0
55.62589435 44.6594711 0.0 0.0 1.0 0.0 0.0 0.0 0.0 0.0
55.62589435 49.6594711 0.0 0.0 1.0 0.0 0.0 0.0 0.0 0.0
55.62589435 54.6594711 0.0 0.0 1.0 0.0 0.0 0.0 0.0 0.0
55.62589435 59.6594711 0.0 1.0 0.0 0.0 0.0 0.0 0.0 0.0
60.62589435 64.6594711 0.0 1.0 0.0 0.0 0.0 0.0 0.0 0.0
65.62589435 69.6594711 1.0 0.0 0.0 0.0 0.0 0.0 0.0 0.0
70.62589435 69.6594711 1.0 0.0 0.0 0.0 0.0 0.0 0.0 0.0
75.62589435 69.6594711 0.0 1.0 0.0 0.0 0.0 0.0 0.0 0.0
