49.27676229 90.89144924 0.0 0.0 0.0 0.0 0.0 0.0 1.0 0.0
49.27676229 85.89144924 0.0 0.0 0.0 0.0 0.0 0.0 1.0 0.0
49.27676229 80.89144924 0.0 0.0 0.0 0.0 0.0 0.0 1.0 0.0
49.27676229 75.89144924 0.0 0.0 0.0 0.0 0.0 0.0 1.0 0.0
49.27676229 70.89144924 0.0 0.0 0.0 0.0 0.0 0.0 1.0 0.0
49.27676229 65.89144924 0.0 0.0 0.0 0.0 0.0 0.0 0.0 1.0
54.27676229 60.89144924 0.0 0.0 0.0 0.0 0.0 0.0 0.0 1.0
59.27676229 55.89144924 0.0 0.0 0.0 0.0 0.0 0.0 1.0 0.0
59.27676229 50.89144924 0.0 0.0 0.0 0.0 0.0 0.0 1.0 0.0
59.27676229 45.89144924 0.0 0.0 0.0 0.0 0.0 0.0 1.0 0.0
59.27676229 40.89144924 0.0 0.0 0.0 0.0 0.0 0.0 1.0 0.0
59.27676229 35.89144924 0.0 0.0 0.0 0.0 0.0 0.0 1.0 0.0
59.27676229 30.89144924 0.0 0.0 0.0 0.0 0.0 0.0 1.0 0.0
59.27676229 25.89144924 0.0 0.0 0.0 0.0 0.0 0.0 1.0 0.0
59.27676229 20.89144924 0.0 0.0 0.0 0.0 0.0 0.0 0.0 1.0
64.27676229 15.89144924 0.0 0.0 0.0 0.0 0.0 1.0 0.0 0.0
