3.72522231 83.64143357 1.0 0.0 0.0 0.0 0.0 0.0 0.0 0.0
8.72522231 83.64143357 0.0 1.0 0.0 0.0 0.0 0.0 0.0 0.0
13.72522231 88.64143357 0.0 1.0 0.0 0.0 0.0 0.0 0.0 0.0
18.72522231 93.64143357 1.0 0.0 0.0 0.0 0.0 0.0 0.0 0.0
23.72522231 93.64143357 1.0 0.0 0.0 0.0 0.0 0.0 0.0 0.0
28.72522231 93.64143357 1.0 0.0 0.0 0.0 0.0 0.0 0.0 0.0
33.72522231 93.64143357 0.0 0.0 0.0 0.0 0.0 0.0 0.0 1.0
38.72522231 88.64143357 0.0 0.0 0.0 0.0 0.0 0.0 0.0 1.0
43.72522231 83.64143357 0.0 0.0 0.0 0.0 0.0 0.0 0.0 1.0
48.72522231 78.64143357 0.0 0.0 0.0 0.0 0.0 0.0 0.0 1.0
53.72522231 73.64143357 0.0 0.0 0.0 0.0 0.0 0.0 1.0 0.0
53.72522231 68.64143357 0.0 0.0 0.0 0.0 0.0 0.0 1.0 0.0
53.72522231 63.64143357 0.0 0.0 0.0 0.0 0.0 0.0 1.0 0.0
53.72522231 58.64143357 0.0 0.0 0.0 0.0 0.0 1.0 0.0 0.0
48.72522231 53.64143357 0.0 0.0 0.0 0.0 0.0 0.0 1.0 0.0
48.72522231 48.64143357 0.0 0.0 0.0 0.0 0.0 1.0 0.0 0.0
43.72522231 43.64143357 0.0 0.0 0.0 0.0 0.0 0.0 1.0 0.0
43.72522231 38.64143357 0.0 0.0 0.0 0.0 0.0 1.0 0.0 0.0
38.72522231 33.64143357 0.0 0.0 0.0 0.0 0.0 0.0 1.0 0.0
38.72522231 28.64143357 0.0 0.0 0.0 0.0 0.0 1.0 0.0 0.0
33.72522231 23.64143357 0.0 0.0 0.0 0.0 0.0 0.0 1.0 0.0
33.72522231 18.64143357 0.0 0.0 0.0 0.0 0.0 1.0 0.0 0.0
28.72522231 13.64143357 0.0 0.0 0.0 0.0 0.0 0.0 0.0 1.0
