85.32217982 62.72887991 0.0 0.0 1.0 0.0 0.0 0.0 0.0 0.0
85.32217982 67.72887991 0.0 1.0 0.0 0.0 0.0 0.0 0.0 0.0
90.32217982 72.72887991 0.0 0.0 1.0 0.0 0.0 0.0 0.0 0.0
90.32217982 77.72887991 0.0 0.0 1.0 0.0 0.0 0.0 0.0 0.0
90.32217982 82.72887991 0.0 0.0 1.0 0.0 0.0 0.0 0.0 0.0
90.32217982 87.72887991 0.0 0.0 0.0 1.0 0.0 0.0 0.0 0.0
85.32217982 92.72887991 0.0 0.0 0.0 1.0 0.0 0.0 0.0 0.0
80.32217982 97.72887991 0.0 0.0 0.0 0.0 1.0 0.0 0.0 0.0
75.32217982 97.72887991 0.0 0.0 0.0 0.0 1.0 0.0 0.0 0.0
70.32217982 97.72887991 0.0 0.0 0.0 0.0 1.0 0.0 0.0 0.0
65.32217982 97.72887991 0.0 0.0 0.0 0.0 1.0 0.0 0.0 0.0
60.32217982 97.72887991 0.0 0.0 0.0 0.0 1.0 0.0 0.0 0.0
55.32217982 97.72887991 0.0 0.0 0.0 0.0 1.0 0.0 0.0 0.0
50.32217982 97.72887991 0.0 0.0 0.0 0.0 1.0 0.0 0.0 0.0
45.32217982 97.72887991 0.0 0.0 0.0 0.0 1.0 0.0 0.0 0.0
40.32217982 97.72887991 0.0 0.0 0.0 0.0 1.0 0.0 0.0 0.0
35.32217982 97.72887991 0.0 0.0 0.0 0.0 0.0 1.0 0.0 0.0
30.32217982 92.72887991 0.0 0.0 0.0 0.0 1.0 0.0 0.0 0.0
25.32217982 92.72887991 0.0 0.0 0.0 0.0 0.0 1.0 0.0 0.0
20.32217982 87.72887991 0.0 0.0 0.0 0.0 1.0 0.0 0.0 0.0
15.32217982 87.72887991 0.0 0.0 0.0 0.0 0.0 1.0 0.0 0.0
