84.96219818 20.30105825 0.0 0.0 0.0 0.0 1.0 0.0 0.0 0.0
79.96219818 20.30105825 0.0 0.0 0.0 0.0 0.0 1.0 0.0 0.0
74.96219818 15.30105825 0.0 0.0 0.0 0.0 0.0 1.0 0.0 0.0
69.96219818 10.30105825 0.0 0.0 0.0 0.0 0.0 1.0 0.0 0.0
64.96219818 5.30105825 0.0 0.0 0.0 0.0 1.0 0.0 0.0 0.0
59.96219818 5.30105825 0.0 0.0 0.0 1.0 0.0 0.0 0.0 0.0
54.96219818 10.30105825 0.0 0.0 0.0 0.0 1.0 0.0 0.0 0.0
49.96219818 10.30105825 0.0 0.0 0.0 1.0 0.0 0.0 0.0 0.0
44.96219818 15.30105825 0.0 0.0 0.0 1.0 0.0 0.0 0.0 0.0
39.96219818 20.30105825 0.0 0.0 0.0 1.0 0.0 0.0 0.0 0.0
34.96219818 25.30105825 0.0 0.0 0.0 1.0 0.0 0.0 0.0 0.0
29.96219818 30.30105825 0.0 0.0 0.0 0.0 1.0 0.0 0.0 0.0
24.96219818 30.30105825 0.0 0.0 0.0 0.0 1.0 0.0 0.0 0.0
19.96219818 30.30105825 0.0 0.0 0.0 0.0 1.0 0.0 0.0 0.0
14.96219818 30.30105825 0.0 0.0 0.0 1.0 0.0 0.0 0.0 0.0
9.96219818 35.30105825 0.0 0.0 0.0 1.0 0.0 0.0 0.0 0.0
4.96219818 40.30105825 0.0 0.0 1.0 0.0 0.0 0.0 0.0 0.0
4.96219818 45.30105825 0.0 0.0 1.0 0.0 0.0 0.0 0.0 0.0
4.96219818 50.30105825 0.0 0.0 1.0 0.0 0.0 0.0 0.0 0.0
4.96219818 55.30105825 0.0 0.0 1.0 0.0 0.0 0.0 0.0 0.0
4.96219818 60.30105825 0.0 0.0 1.0 0.0 0.0 0.0 0.0 0.0
4.96219818 65.30105825 0.0 0.0 0.0 1.0 0.0 0.0 0.0 0.0
