91.47464679 63.36664821 0.0 0.0 0.0 0.0 1.0 0.0 0.0 0.0
86.47464679 63.36664821 0.0 0.0 0.0 0.0 1.0 0.0 0.0 0.0
81.47464679 63.36664821 0.0 0.0 0.0 1.0 0.0 0.0 0.0 0.0
76.47464679 68.36664821 0.0 0.0 0.0 0.0 1.0 0.0 0.0 0.0
71.47464679 68.36664821 0.0 0.0 0.0 0.0 1.0 0.0 0.0 0.0
66.47464679 68.36664821 0.0 0.0 0.0 0.0 1.0 0.0 0.0 0.0
61.47464679 68.36664821 0.0 0.0 0.0 1.0 0.0 0.0 0.0 0.0
56.47464679 73.36664821 0.0 0.0 0.0 1.0 0.0 0.0 0.0 0.0
51.47464679 78.36664821 0.0 0.0 0.0 0.0 1.0 0.0 0.0 0.0
46.47464679 78.36664821 0.0 0.0 0.0 0.0 1.0 0.0 0.0 0.0
41.47464679 78.36664821 0.0 0.0 0.0 0.0 1.0 0.0 0.0 0.0
36.47464679 78.36664821 0.0 0.0 0.0 0.0 0.0 1.0 0.0 0.0
31.47464679 73.36664821 0.0 0.0 0.0 0.0 0.0 1.0 0.0 0.0
26.47464679 68.36664821 0.0 0.0 0.0 0.0 0.0 1.0 0.0 0.0
21.47464679 63.36664821 0.0 0.0 0.0 0.0 0.0 0.0 1.0 0.0
21.47464679 58.36664821 0.0 0.0 0.0 0.0 0.0 1.0 0.0 0.0
16.47464679 53.36664821 0.0 0.0 0.0 0.0 0.0 0.0 1.0 0.0
16.47464679 48.36664821 0.0 0.0 0.0 0.0 0.0 1.0 0.0 0.0
