40.71814061 85.74675675 0.0 0.0 0.0 0.0 0.0 0.0 1.0 0.0
40.71814061 80.74675675 0.0 0.0 0.0 0.0 0.0 1.0 0.0 0.0
35.71814061 75.74675675 0.0 0.0 0.0 0.0 0.0 0.0 1.0 0.0
35.71814061 70.74675675 0.0 0.0 0.0 0.0 0.0 0.0 1.0 0.0
35.71814061 65.74675675 0.0 0.0 0.0 0.0 0.0 0.0 1.0 0.0
35.71814061 60.74675675 0.0 0.0 0.0 0.0 0.0 0.0 1.0 0.0
35.71814061 55.74675675 0.0 0.0 0.0 0.0 0.0 0.0 1.0 0.0
35.71814061 50.74675675 0.0 0.0 0.0 0.0 0.0 0.0 1.0 0.0
35.71814061 45.74675675 0.0 0.0 0.0 0.0 0.0 0.0 1.0 0.0
35.71814061 40.74675675 0.0 0.0 0.0 0.0 0.0 0.0 1.0 0.0
35.71814061 35.74675675 0.0 0.0 0.0 0.0 0.0 0.0 1.0 0.0
35.71814061 30.74675675 0.0 0.0 0.0 0.0 0.0 0.0 1.0 0.0
35.71814061 25.74675675 0.0 0.0 0.0 0.0 0.0 0.0 1.0 0.0
35.71814061 20.74675675 0.0 0.0 0.0 0.0 0.0 1.0 0.0 0.0
30.71814061 15.74675675 0.0 0.0 0.0 0.0 0.0 0.0 1.0 0.0
30.71814061 10.74675675 0.0 0.0 0.0 0.0 0.0 0.0 1.0 0.0
30.71814061 5.74675675 0.0 0.0 0.0 0.0 0.0 1.0 0.0 0.0
