2.35823118 96.27893688 0.0 0.0 0.0 0.0 0.0 0.0 0.0 1.0
7.35823118 91.27893688 0.0 0.0 0.0 0.0 0.0 0.0 0.0 1.0
12.35823118 86.27893688 0.0 0.0 0.0 0.0 0.0 0.0 0.0 1.0
17.35823118 81.27893688 0.0 0.0 0.0 0.0 0.0 0.0 0.0 1.0
22.35823118 76.27893688 0.0 0.0 0.0 0.0 0.0 0.0 0.0 1.0
27.35823118 71.27893688 0.0 0.0 0.0 0.0 0.0 0.0 0.0 1.0
32.35823118 66.27893688 0.0 0.0 0.0 0.0 0.0 0.0 0.0 1.0
37.35823118 61.27893688 0.0 0.0 0.0 0.0 0.0 0.0 0.0 1.0
42.35823118 56.27893688 0.0 0.0 0.0 0.0 0.0 0.0 0.0 1.0
47.35823118 51.27893688 0.0 0.0 0.0 0.0 0.0 0.0 0.0 1.0
52.35823118 46.27893688 0.0 0.0 0.0 0.0 0.0 0.0 0.0 1.0
57.35823118 41.27893688 0.0 0.0 0.0 0.0 0.0 0.0 0.0 1.0
62.35823118 36.27893688 1.0 0.0 0.0 0.0 0.0 0.0 0.0 0.0
67.35823118 36.27893688 1.0 0.0 0.0 0.0 0.0 0.0 0.0 0.0
72.35823118 36.27893688 0.0 0.0 0.0 0.0 0.0 0.0 0.0 1.0
77.35823118 31.27893688 0.0 0.0 0.0 0.0 0.0 0.0 0.0 1.0
82.35823118 26.27893688 0.0 0.0 0.0 0.0 0.0 0.0 0.0 1.0
87.35823118 21.27893688 0.0 0.0 0.0 0.0 0.0 0.0 0.0 1.0
92.35823118 16.27893688 0.0 0.0 0.0 0.0 0.0 0.0 1.0 0.0
92.35823118 11.27893688 0.0 0.0 0.0 0.0 0.0 0.0 0.0 1.0
97.35823118 6.27893688 0.0 0.0 0.0 0.0 0.0 0.0 0.0 1.0
