3.15750563 67.63328215 0.0 0.0 1.0 0.0 0.0 0.0 0.0 0.0
3.15750563 72.63328215 0.0 1.0 0.0 0.0 0.0 0.0 0.0 0.0
8.15750563 77.63328215 0.0 0.0 1.0 0.0 0.0 0.0 0.0 0.0
8.15750563 82.63328215 0.0 1.0 0.0 0.0 0.0 0.0 0.0 0.0
13.15750563 87.63328215 1.0 0.0 0.0 0.0 0.0 0.0 0.0 0.0
18.15750563 87.63328215 1.0 0.0 0.0 0.0 0.0 0.0 0.0 0.0
23.15750563 87.63328215 0.0 0.0 0.0 0.0 0.0 0.0 0.0 1.0
28.15750563 82.63328215 0.0 0.0 0.0 0.0 0.0 0.0 0.0 1.0
33.15750563 77.63328215 0.0 0.0 0.0 0.0 0.0 0.0 0.0 1.0
38.15750563 72.63328215 1.0 0.0 0.0 0.0 0.0 0.0 0.0 0.0
43.15750563 72.63328215 1.0 0.0 0.0 0.0 0.0 0.0 0.0 0.0
48.15750563 72.63328215 1.0 0.0 0.0 0.0 0.0 0.0 0.0 0.0
53.15750563 72.63328215 0.0 0.0 0.0 0.0 0.0 0.0 0.0 1.0
58.15750563 67.63328215 0.0 0.0 0.0 0.0 0.0 0.0 0.0 1.0
63.15750563 62.63328215 1.0 0.0 0.0 0.0 0.0 0.0 0.0 0.0
68.15750563 62.63328215 0.0 0.0 0.0 0.0 0.0 0.0 0.0 1.0
73.15750563 57.63328215 1.0 0.0 0.0 0.0 0.0 0.0 0.0 0.0
78.15750563 57.63328215 0.0 0.0 0.0 0.0 0.0 0.0 0.0 1.0
83.15750563 52.63328215 1.0 0.0 0.0 0.0 0.0 0.0 0.0 0.0
88.15750563 52.63328215 1.0 0.0 0.0 0.0 0.0 0.0 0.0 0.0
93.15750563 52.63328215 0.0 0.0 0.0 0.0 0.0 0.0 0.0 1.0
