7.84051693 69.75612867 0.0 0.0 0.0 0.0 0.0 0.0 0.0 1.0
12.84051693 64.75612867 0.0 0.0 0.0 0.0 0.0 0.0 0.0 1.0
17.84051693 59.75612867 1.0 0.0 0.0 0.0 0.0 0.0 0.0 0.0
22.84051693 59.75612867 0.0 0.0 0.0 0.0 0.0 0.0 0.0 1.0
27.84051693 54.75612867 0.0 0.0 0.0 0.0 0.0 0.0 0.0 1.0
32.84051693 49.75612867 0.0 0.0 0.0 0.0 0.0 0.0 0.0 1.0
37.84051693 44.75612867 1.0 0.0 0.0 0.0 0.0 0.0 0.0 0.0
42.84051693 44.75612867 0.0 0.0 0.0 0.0 0.0 0.0 0.0 1.0
47.84051693 39.75612867 0.0 0.0 0.0 0.0 0.0 0.0 0.0 1.0
52.84051693 34.75612867 0.0 0.0 0.0 0.0 0.0 0.0 0.0 1.0
57.84051693 29.75612867 1.0 0.0 0.0 0.0 0.0 0.0 0.0 0.0
62.84051693 29.75612867 1.0 0.0 0.0 0.0 0.0 0.0 0.0 0.0
67.84051693 29.75612867 1.0 0.0 0.0 0.0 0.0 0.0 0.0 0.0
72.84051693 29.75612867 0.0 0.0 0.0 0.0 0.0 0.0 0.0 1.0
