11.99779679 8.2814226 0.0 1.0 0.0 0.0 0.0 0.0 0.0 0.0
16.99779679 13.2814226 0.0 1.0 0.0 0.0 0.0 0.0 0.0 0.0
21.99779679 18.2814226 0.0 1.0 0.0 0.0 0.0 0.0 0.0 0.0
26.99779679 23.2814226 0.0 1.0 0.0 0.0 0.0 0.0 0.0 0.0
31.99779679 28.2814226 0.0 0.0 1.0 0.0 0.0 0.0 0.0 0.0
31.99779679 33.2814226 0.0 0.0 1.0 0.0 0.0 0.0 0.0 0.0
31.99779679 38.2814226 0.0 0.0 1.0 0.0 0.0 0.0 0.0 0.0
31.99779679 43.2814226 0.0 1.0 0.0 0.0 0.0 0.0 0.0 0.0
36.99779679 48.2814226 0.0 0.0 1.0 0.0 0.0 0.0 0.0 0.0
36.99779679 53.2814226 0.0 1.0 0.0 0.0 0.0 0.0 0.0 0.0
41.99779679 58.2814226 0.0 0.0 1.0 0.0 0.0 0.0 0.0 0.0
41.99779679 63.2814226 0.0 0.0 0.0 1.0 0.0 0.0 0.0 0.0
36.99779679 68.2814226 0.0 0.0 0.0 1.0 0.0 0.0 0.0 0.0
31.99779679 73.2814226 0.0 0.0 0.0 1.0 0.0 0.0 0.0 0.0
26.99779679 78.2814226 0.0 0.0 0.0 1.0 0.0 0.0 0.0 0.0
21.99779679 83.2814226 0.0 0.0 0.0 1.0 0.0 0.0 0.0 0.0
16.99779679 88.2814226 0.0 0.0 0.0 1.0 0.0 0.0 0.0 0.0
11.99779679 93.2814226 0.0 0.0 0.0 1.0 0.0 0.0 0.0 0.0
