29.47129283 95.12950135 0.0 0.0 0.0 0.0 0.0 0.0 0.0 1.0
34.47129283 90.12950135 0.0 0.0 0.0 0.0 0.0 0.0 0.0 1.0
39.47129283 85.12950135 0.0 0.0 0.0 0.0 0.0 0.0 0.0 1.0
44.47129283 80.12950135 1.0 0.0 0.0 0.0 0.0 0.0 0.0 0.0
49.47129283 80.12950135 1.0 0.0 0.0 0.0 0.0 0.0 0.0 0.0
54.47129283 80.12950135 0.0 0.0 0.0 0.0 0.0 0.0 0.0 1.0
59.47129283 75.12950135 0.0 0.0 0.0 0.0 0.0 0.0 0.0 1.0
64.47129283 70.12950135 0.0 0.0 0.0 0.0 0.0 0.0 0.0 1.0
69.47129283 65.12950135 0.0 0.0 0.0 0.0 0.0 0.0 1.0 0.0
69.47129283 60.12950135 0.0 0.0 0.0 0.0 0.0 0.0 1.0 0.0
69.47129283 55.12950135 0.0 0.0 0.0 0.0 0.0 0.0 1.0 0.0
69.47129283 50.12950135 0.0 0.0 0.0 0.0 0.0 0.0 0.0 1.0
74.47129283 45.12950135 0.0 0.0 0.0 0.0 0.0 0.0 1.0 0.0
74.47129283 40.12950135 0.0 0.0 0.0 0.0 0.0 0.0 0.0 1.0
79.47129283 35.12950135 0.0 0.0 0.0 0.0 0.0 0.0 1.0 0.0
79.47129283 30.12950135 0.0 0.0 0.0 0.0 0.0 0.0 0.0 1.0
84.47129283 25.12950135 0.0 0.0 0.0 0.0 0.0 0.0 0.0 1.0
