32.67970054 89.02086382 0.0 0.0 0.0 0.0 0.0 0.0 1.0 0.0
32.67970054 84.02086382 0.0 0.0 0.0 0.0 0.0 0.0 0.0 1.0
37.67970054 79.02086382 0.0 0.0 0.0 0.0 0.0 0.0 0.0 1.0
42.67970054 74.02086382 0.0 0.0 0.0 0.0 0.0 0.0 1.0 0.0
42.67970054 69.02086382 0.0 0.0 0.0 0.0 0.0 0.0 1.0 0.0
42.67970054 64.02086382 0.0 0.0 0.0 0.0 0.0 0.0 1.0 0.0
42.67970054 59.02086382 0.0 0.0 0.0 0.0 0.0 1.0 0.0 0.0
37.67970054 54.02086382 0.0 0.0 0.0 0.0 0.0 0.0 1.0 0.0
37.67970054 49.02086382 0.0 0.0 0.0 0.0 0.0 1.0 0.0 0.0
32.67970054 44.02086382 0.0 0.0 0.0 0.0 0.0 0.0 1.0 0.0
32.67970054 39.02086382 0.0 0.0 0.0 0.0 0.0 1.0 0.0 0.0
27.67970054 34.02086382 0.0 0.0 0.0 0.0 0.0 0.0 1.0 0.0
27.67970054 29.02086382 0.0 0.0 0.0 0.0 0.0 1.0 0.0 0.0
22.67970054 24.02086382 0.0 0.0 0.0 0.0 0.0 0.0 1.0 0.0
22.67970054 19.02086382 0.0 0.0 0.0 0.0 0.0 0.0 1.0 0.0
22.67970054 14.02086382 0.0 0.0 0.0 0.0 0.0 1.0 0.0 0.0
17.67970054 9.02086382 0.0 0.0 0.0 0.0 0.0 0.0 1.0 0.0
17.67970054 4.02086382 0.0 0.0 0.0 0.0 0.0 1.0 0.0 0.0
