31.50167048 96.92927189 0.0 0.0 0.0 0.0 0.0 0.0 0.0 1.0
36.50167048 91.92927189 0.0 0.0 0.0 0.0 0.0 0.0 0.0 1.0
41.50167048 86.92927189 0.0 0.0 0.0 0.0 0.0 0.0 0.0 1.0
46.50167048 81.92927189 1.0 0.0 0.0 0.0 0.0 0.0 0.0 0.0
51.50167048 81.92927189 0.0 0.0 0.0 0.0 0.0 0.0 0.0 1.0
56.50167048 76.92927189 0.0 0.0 0.0 0.0 0.0 0.0 0.0 1.0
61.50167048 71.92927189 0.0 0.0 0.0 0.0 0.0 0.0 0.0 1.0
66.50167048 66.92927189 0.0 0.0 0.0 0.0 0.0 0.0 1.0 0.0
66.50167048 61.92927189 0.0 0.0 0.0 0.0 0.0 0.0 0.0 1.0
71.50167048 56.92927189 0.0 0.0 0.0 0.0 0.0 0.0 1.0 0.0
71.50167048 51.92927189 0.0 0.0 0.0 0.0 0.0 0.0 0.0 1.0
76.50167048 46.92927189 0.0 0.0 0.0 0.0 0.0 0.0 1.0 0.0
76.50167048 41.92927189 0.0 0.0 0.0 0.0 0.0 0.0 0.0 1.0
81.50167048 36.92927189 0.0 0.0 0.0 0.0 0.0 0.0 0.0 1.0
86.50167048 31.92927189 0.0 0.0 0.0 0.0 0.0 0.0 0.0 1.0
91.50167048 26.92927189 0.0 0.0 0.0 0.0 0.0 0.0 1.0 0.0
91.50167048 21.92927189 0.0 0.0 0.0 0.0 0.0 0.0 1.0 0.0
91.50167048 16.92927189 0.0 0.0 0.0 0.0 0.0 0.0 0.0 1.0
