80.86345791 85.58805137 0.0 0.0 0.0 0.0 0.0 1.0 0.0 0.0
75.86345791 80.58805137 0.0 0.0 0.0 0.0 0.0 0.0 1.0 0.0
75.86345791 75.58805137 0.0 0.0 0.0 0.0 0.0 0.0 1.0 0.0
75.86345791 70.58805137 0.0 0.0 0.0 0.0 0.0 0.0 1.0 0.0
75.86345791 65.58805137 0.0 0.0 0.0 0.0 0.0 0.0 1.0 0.0
75.86345791 60.58805137 0.0 0.0 0.0 0.0 0.0 0.0 1.0 0.0
75.86345791 55.58805137 0.0 0.0 0.0 0.0 0.0 1.0 0.0 0.0
70.86345791 50.58805137 0.0 0.0 0.0 0.0 0.0 1.0 0.0 0.0
65.86345791 45.58805137 0.0 0.0 0.0 0.0 0.0 1.0 0.0 0.0
60.86345791 40.58805137 0.0 0.0 0.0 0.0 0.0 1.0 0.0 0.0
55.86345791 35.58805137 0.0 0.0 0.0 0.0 0.0 1.0 0.0 0.0
50.86345791 30.58805137 0.0 0.0 0.0 0.0 0.0 1.0 0.0 0.0
45.86345791 25.58805137 0.0 0.0 0.0 0.0 1.0 0.0 0.0 0.0
40.86345791 25.58805137 0.0 0.0 0.0 0.0 0.0 1.0 0.0 0.0
35.86345791 20.58805137 0.0 0.0 0.0 0.0 1.0 0.0 0.0 0.0
30.86345791 20.58805137 0.0 0.0 0.0 0.0 0.0 1.0 0.0 0.0
