95.99824031 13.73330835 0.0 0.0 0.0 1.0 0.0 0.0 0.0 0.0
90.99824031 18.73330835 0.0 0.0 0.0 1.0 0.0 0.0 0.0 0.0
85.99824031 23.73330835 0.0 0.0 0.0 1.0 0.0 0.0 0.0 0.0
80.99824031 28.73330835 0.0 0.0 0.0 0.0 1.0 0.0 0.0 0.0
75.99824031 28.73330835 0.0 0.0 0.0 0.0 1.0 0.0 0.0 0.0
70.99824031 28.73330835 0.0 0.0 0.0 0.0 1.0 0.0 0.0 0.0
65.99824031 28.73330835 0.0 0.0 0.0 0.0 1.0 0.0 0.0 0.0
60.99824031 28.73330835 0.0 0.0 0.0 0.0 1.0 0.0 0.0 0.0
55.99824031 28.73330835 0.0 0.0 0.0 0.0 1.0 0.0 0.0 0.0
50.99824031 28.73330835 0.0 0.0 0.0 1.0 0.0 0.0 0.0 0.0
45.99824031 33.73330835 0.0 0.0 0.0 1.0 0.0 0.0 0.0 0.0
40.99824031 38.73330835 0.0 0.0 0.0 1.0 0.0 0.0 0.0 0.0
35.99824031 43.73330835 0.0 0.0 0.0 1.0 0.0 0.0 0.0 0.0
30.99824031 48.73330835 0.0 0.0 0.0 1.0 0.0 0.0 0.0 0.0
25.99824031 53.73330835 0.0 0.0 0.0 1.0 0.0 0.0 0.0 0.0
20.99824031 58.73330835 0.0 0.0 1.0 0.0 0.0 0.0 0.0 0.0
20.99824031 63.73330835 0.0 0.0 1.0 0.0 0.0 0.0 0.0 0.0
20.99824031 68.73330835 0.0 0.0 0.0 1.0 0.0 0.0 0.0 0.0
15.99824031 73.73330835 0.0 0.0 1.0 0.0 0.0 0.0 0.0 0.0
15.99824031 78.73330835 0.0 0.0 0.0 1.0 0.0 0.0 0.0 0.0
10.99824031 83.73330835 0.0 0.0 1.0 0.0 0.0 0.0 0.0 0.0
10.99824031 88.73330835 0.0 0.0 0.0 1.0 0.0 0.0 0.0 0.0
5.99824031 93.73330835 0.0 0.0 0.0 1.0 0.0 0.0 0.0 0.0
