25.43803632 95.06094944 0.0 0.0 0.0 0.0 0.0 0.0 0.0 1.0
30.43803632 90.06094944 0.0 0.0 0.0 0.0 0.0 0.0 1.0 0.0
30.43803632 85.06094944 0.0 0.0 0.0 0.0 0.0 0.0 0.0 1.0
35.43803632 80.06094944 0.0 0.0 0.0 0.0 0.0 0.0 0.0 1.0
40.43803632 75.06094944 0.0 0.0 0.0 0.0 0.0 0.0 0.0 1.0
45.43803632 70.06094944 0.0 0.0 0.0 0.0 0.0 0.0 0.0 1.0
50.43803632 65.06094944 0.0 0.0 0.0 0.0 0.0 0.0 0.0 1.0
55.43803632 60.06094944 0.0 0.0 0.0 0.0 0.0 0.0 1.0 0.0
55.43803632 55.06094944 0.0 0.0 0.0 0.0 0.0 0.0 1.0 0.0
55.43803632 50.06094944 0.0 0.0 0.0 0.0 0.0 0.0 0.0 1.0
60.43803632 45.06094944 0.0 0.0 0.0 0.0 0.0 0.0 1.0 0.0
60.43803632 40.06094944 0.0 0.0 0.0 0.0 0.0 0.0 0.0 1.0
65.43803632 35.06094944 0.0 0.0 0.0 0.0 0.0 0.0 0.0 1.0
70.43803632 30.06094944 0.0 0.0 0.0 0.0 0.0 0.0 0.0 1.0
75.43803632 25.06094944 0.0 0.0 0.0 0.0 0.0 0.0 0.0 1.0
80.43803632 20.06094944 0.0 0.0 0.0 0.0 0.0 0.0 0.0 1.0
85.43803632 15.06094944 0.0 0.0 0.0 0.0 0.0 0.0 0.0 1.0
90.43803632 10.06094944 0.0 0.0 0.0 0.0 0.0 0.0 0.0 1.0
