7.04751495 89.60422743 0.0 0.0 0.0 0.0 0.0 0.0 0.0 1.0
12.04751495 84.60422743 0.0 0.0 0.0 0.0 0.0 0.0 0.0 1.0
17.04751495 79.60422743 0.0 0.0 0.0 0.0 0.0 0.0 0.0 1.0
22.04751495 74.60422743 0.0 0.0 0.0 0.0 0.0 0.0 0.0 1.0
27.04751495 69.60422743 0.0 0.0 0.0 0.0 0.0 0.0 0.0 1.0
32.04751495 64.60422743 0.0 0.0 0.0 0.0 0.0 0.0 1.0 0.0
32.04751495 59.60422743 0.0 0.0 0.0 0.0 0.0 0.0 1.0 0.0
32.04751495 54.60422743 0.0 0.0 0.0 0.0 0.0 0.0 1.0 0.0
32.04751495 49.60422743 0.0 0.0 0.0 0.0 0.0 0.0 0.0 1.0
37.04751495 44.60422743 0.0 0.0 0.0 0.0 0.0 0.0 0.0 1.0
42.04751495 39.60422743 0.0 0.0 0.0 0.0 0.0 0.0 0.0 1.0
47.04751495 34.60422743 0.0 0.0 0.0 0.0 0.0 0.0 0.0 1.0
52.04751495 29.60422743 0.0 0.0 0.0 0.0 0.0 0.0 0.0 1.0
57.04751495 24.60422743 0.0 0.0 0.0 0.0 0.0 0.0 0.0 1.0
62.04751495 19.60422743 1.0 0.0 0.0 0.0 0.0 0.0 0.0 0.0
67.04751495 19.60422743 0.0 0.0 0.0 0.0 0.0 0.0 0.0 1.0
72.04751495 14.60422743 0.0 0.0 0.0 0.0 0.0 0.0 0.0 1.0
77.04751495 9.60422743 0.0 0.0 0.0 0.0 0.0 0.0 0.0 1.0
