2.99029527 82.3976241 0.0 0.0 0.0 0.0 0.0 0.0 1.0 0.0
2.99029527 77.3976241 0.0 0.0 0.0 0.0 0.0 0.0 0.0 1.0
7.99029527 72.3976241 1.0 0.0 0.0 0.0 0.0 0.0 0.0 0.0
12.99029527 72.3976241 0.0 0.0 0.0 0.0 0.0 0.0 0.0 1.0
17.99029527 67.3976241 1.0 0.0 0.0 0.0 0.0 0.0 0.0 0.0
22.99029527 67.3976241 1.0 0.0 0.0 0.0 0.0 0.0 0.0 0.0
27.99029527 67.3976241 1.0 0.0 0.0 0.0 0.0 0.0 0.0 0.0
32.99029527 67.3976241 1.0 0.0 0.0 0.0 0.0 0.0 0.0 0.0
37.99029527 67.3976241 1.0 0.0 0.0 0.0 0.0 0.0 0.0 0.0
42.99029527 67.3976241 1.0 0.0 0.0 0.0 0.0 0.0 0.0 0.0
47.99029527 67.3976241 1.0 0.0 0.0 0.0 0.0 0.0 0.0 0.0
52.99029527 67.3976241 1.0 0.0 0.0 0.0 0.0 0.0 0.0 0.0
57.99029527 67.3976241 1.0 0.0 0.0 0.0 0.0 0.0 0.0 0.0
62.99029527 67.3976241 1.0 0.0 0.0 0.0 0.0 0.0 0.0 0.0
67.99029527 67.3976241 1.0 0.0 0.0 0.0 0.0 0.0 0.0 0.0
72.99029527 67.3976241 1.0 0.0 0.0 0.0 0.0 0.0 0.0 0.0
77.99029527 67.3976241 1.0 0.0 0.0 0.0 0.0 0.0 0.0 0.0
82.99029527 67.3976241 1.0 0.0 0.0 0.0 0.0 0.0 0.0 0.0
87.99029527 67.3976241 1.0 0.0 0.0 0.0 0.0 0.0 0.0 0.0
92.99029527 67.3976241 0.0 0.0 0.0 0.0 0.0 0.0 0.0 1.0
