34.81222328 22.4946004 1.0 0.0 0.0 0.0 0.0 0.0 0.0 0.0
39.81222328 22.4946004 1.0 0.0 0.0 0.0 0.0 0.0 0.0 0.0
44.81222328 22.4946004 1.0 0.0 0.0 0.0 0.0 0.0 0.0 0.0
49.81222328 22.4946004 0.0 1.0 0.0 0.0 0.0 0.0 0.0 0.0
54.81222328 27.4946004 1.0 0.0 0.0 0.0 0.0 0.0 0.0 0.0
59.81222328 27.4946004 0.0 1.0 0.0 0.0 0.0 0.0 0.0 0.0
64.81222328 32.4946004 0.0 1.0 0.0 0.0 0.0 0.0 0.0 0.0
69.81222328 37.4946004 0.0 0.0 1.0 0.0 0.0 0.0 0.0 0.0
69.81222328 42.4946004 0.0 1.0 0.0 0.0 0.0 0.0 0.0 0.0
74.81222328 47.4946004 0.0 1.0 0.0 0.0 0.0 0.0 0.0 0.0
