18.05299009 79.13994006 0.0 0.0 0.0 0.0 1.0 0.0 0.0 0.0
13.05299009 79.13994006 0.0 0.0 0.0 0.0 0.0 1.0 0.0 0.0
8.05299009 74.13994006 0.0 0.0 0.0 0.0 0.0 1.0 0.0 0.0
3.05299009 69.13994006 0.0 0.0 0.0 0.0 0.0 0.0 1.0 0.0
3.05299009 64.13994006 0.0 0.0 0.0 0.0 0.0 0.0 1.0 0.0
3.05299009 59.13994006 0.0 0.0 0.0 0.0 0.0 0.0 0.0 1.0
8.05299009 54.13994006 0.0 0.0 0.0 0.0 0.0 0.0 0.0 1.0
13.05299009 49.13994006 1.0 0.0 0.0 0.0 0.0 0.0 0.0 0.0
18.05299009 49.13994006 1.0 0.0 0.0 0.0 0.0 0.0 0.0 0.0
23.05299009 49.13994006 0.0 0.0 0.0 0.0 0.0 0.0 0.0 1.0
28.05299009 44.13994006 1.0 0.0 0.0 0.0 0.0 0.0 0.0 0.0
33.05299009 44.13994006 1.0 0.0 0.0 0.0 0.0 0.0 0.0 0.0
38.05299009 44.13994006 1.0 0.0 0.0 0.0 0.0 0.0 0.0 0.0
43.05299009 44.13994006 0.0 1.0 0.0 0.0 0.0 0.0 0.0 0.0
48.05299009 49.13994006 0.0 1.0 0.0 0.0 0.0 0.0 0.0 0.0
53.05299009 54.13994006 0.0 1.0 0.0 0.0 0.0 0.0 0.0 0.0
58.05299009 59.13994006 0.0 1.0 0.0 0.0 0.0 0.0 0.0 0.0
63.05299009 64.13994006 0.0 1.0 0.0 0.0 0.0 0.0 0.0 0.0
68.05299009 69.13994006 1.0 0.0 0.0 0.0 0.0 0.0 0.0 0.0
73.05299009 69.13994006 0.0 1.0 0.0 0.0 0.0 0.0 0.0 0.0
78.05299009 74.13994006 0.0 1.0 0.0 0.0 0.0 0.0 0.0 0.0
83.05299009 79.13994006 0.0 0.0 0.0 0.0 0.0 0.0 0.0 1.0
