97.50276236 23.81325752 0.0 0.0 0.0 0.0 1.0 0.0 0.0 0.0
92.50276236 23.81325752 0.0 0.0 0.0 0.0 1.0 0.0 0.0 0.0
87.50276236 23.81325752 0.0 0.0 0.0 0.0 0.0 1.0 0.0 0.0
82.50276236 18.81325752 0.0 0.0 0.0 0.0 0.0 1.0 0.0 0.0
77.50276236 13.81325752 0.0 0.0 0.0 0.0 1.0 0.0 0.0 0.0
72.50276236 13.81325752 0.0 0.0 0.0 0.0 1.0 0.0 0.0 0.0
67.50276236 13.81325752 0.0 0.0 0.0 0.0 1.0 0.0 0.0 0.0
62.50276236 13.81325752 0.0 0.0 0.0 1.0 0.0 0.0 0.0 0.0
57.50276236 18.81325752 0.0 0.0 0.0 0.0 1.0 0.0 0.0 0.0
52.50276236 18.81325752 0.0 0.0 0.0 0.0 1.0 0.0 0.0 0.0
47.50276236 18.81325752 0.0 0.0 0.0 0.0 1.0 0.0 0.0 0.0
42.50276236 18.81325752 0.0 0.0 0.0 0.0 1.0 0.0 0.0 0.0
37.50276236 18.81325752 0.0 0.0 0.0 0.0 1.0 0.0 0.0 0.0
32.50276236 18.81325752 0.0 0.0 0.0 1.0 0.0 0.0 0.0 0.0
27.50276236 23.81325752 0.0 0.0 0.0 1.0 0.0 0.0 0.0 0.0
22.50276236 28.81325752 0.0 0.0 0.0 1.0 0.0 0.0 0.0 0.0
17.50276236 33.81325752 0.0 0.0 1.0 0.0 0.0 0.0 0.0 0.0
17.50276236 38.81325752 0.0 0.0 0.0 1.0 0.0 0.0 0.0 0.0
