48.65803325 87.57559335 0.0 0.0 0.0 0.0 0.0 1.0 0.0 0.0
43.65803325 82.57559335 0.0 0.0 0.0 0.0 0.0 1.0 0.0 0.0
38.65803325 77.57559335 0.0 0.0 0.0 0.0 0.0 1.0 0.0 0.0
33.65803325 72.57559335 0.0 0.0 0.0 0.0 0.0 1.0 0.0 0.0
28.65803325 67.57559335 0.0 0.0 0.0 0.0 0.0 1.0 0.0 0.0
23.65803325 62.57559335 0.0 0.0 0.0 0.0 0.0 0.0 1.0 0.0
23.65803325 57.57559335 0.0 0.0 0.0 0.0 0.0 0.0 1.0 0.0
23.65803325 52.57559335 0.0 0.0 0.0 0.0 0.0 0.0 1.0 0.0
23.65803325 47.57559335 0.0 0.0 0.0 0.0 0.0 0.0 1.0 0.0
23.65803325 42.57559335 0.0 0.0 0.0 0.0 0.0 0.0 1.0 0.0
23.65803325 37.57559335 0.0 0.0 0.0 0.0 0.0 0.0 1.0 0.0
23.65803325 32.57559335 0.0 0.0 0.0 0.0 0.0 0.0 1.0 0.0
23.65803325 27.57559335 0.0 0.0 0.0 0.0 0.0 0.0 1.0 0.0
23.65803325 22.57559335 0.0 0.0 0.0 0.0 0.0 1.0 0.0 0.0
18.65803325 17.57559335 0.0 0.0 0.0 0.0 1.0 0.0 0.0 0.0
13.65803325 17.57559335 0.0 0.0 0.0 0.0 0.0 1.0 0.0 0.0
8.65803325 12.57559335 0.0 0.0 0.0 1.0 0.0 0.0 0.0 0.0
3.65803325 17.57559335 0.0 0.0 0.0 1.0 0.0 0.0 0.0 0.0
