87.98333336 24.56366216 0.0 0.0 0.0 0.0 1.0 0.0 0.0 0.0
82.98333336 24.56366216 0.0 0.0 0.0 1.0 0.0 0.0 0.0 0.0
77.98333336 29.56366216 0.0 0.0 0.0 0.0 1.0 0.0 0.0 0.0
72.98333336 29.56366216 0.0 0.0 0.0 0.0 1.0 0.0 0.0 0.0
67.98333336 29.56366216 0.0 0.0 0.0 0.0 0.0 1.0 0.0 0.0
62.98333336 24.56366216 0.0 0.0 0.0 0.0 1.0 0.0 0.0 0.0
57.98333336 24.56366216 0.0 0.0 0.0 0.0 0.0 1.0 0.0 0.0
52.98333336 19.56366216 0.0 0.0 0.0 0.0 1.0 0.0 0.0 0.0
47.98333336 19.56366216 0.0 0.0 0.0 0.0 0.0 1.0 0.0 0.0
42.98333336 14.56366216 0.0 0.0 0.0 0.0 1.0 0.0 0.0 0.0
37.98333336 14.56366216 0.0 0.0 0.0 0.0 0.0 1.0 0.0 0.0
32.98333336 9.56366216 0.0 0.0 0.0 0.0 1.0 0.0 0.0 0.0
27.98333336 9.56366216 0.0 0.0 0.0 0.0 1.0 0.0 0.0 0.0
22.98333336 9.56366216 0.0 0.0 0.0 0.0 0.0 1.0 0.0 0.0
17.98333336 4.56366216 0.0 0.0 0.0 0.0 1.0 0.0 0.0 0.0
12.98333336 4.56366216 0.0 0.0 0.0 0.0 0.0 1.0 0.0 0.0
