64.69336136 25.48062113 0.0 0.0 0.0 1.0 0.0 0.0 0.0 0.0
59.69336136 30.48062113 0.0 0.0 0.0 1.0 0.0 0.0 0.0 0.0
54.69336136 35.48062113 0.0 0.0 0.0 1.0 0.0 0.0 0.0 0.0
49.69336136 40.48062113 0.0 0.0 0.0 1.0 0.0 0.0 0.0 0.0
44.69336136 45.48062113 0.0 0.0 0.0 0.0 1.0 0.0 0.0 0.0
39.69336136 45.48062113 0.0 0.0 0.0 1.0 0.0 0.0 0.0 0.0
34.69336136 50.48062113 0.0 0.0 0.0 1.0 0.0 0.0 0.0 0.0
29.69336136 55.48062113 0.0 0.0 0.0 1.0 0.0 0.0 0.0 0.0
24.69336136 60.48062113 0.0 0.0 0.0 1.0 0.0 0.0 0.0 0.0
19.69336136 65.48062113 0.0 0.0 0.0 1.0 0.0 0.0 0.0 0.0
14.69336136 70.48062113 0.0 0.0 0.0 1.0 0.0 0.0 0.0 0.0
9.69336136 75.48062113 0.0 0.0 1.0 0.0 0.0 0.0 0.0 0.0
9.69336136 80.48062113 0.0 0.0 0.0 1.0 0.0 0.0 0.0 0.0
