99.46041838 22.56084579 0.0 0.0 0.0 0.0 1.0 0.0 0.0 0.0
94.46041838 22.56084579 0.0 0.0 0.0 0.0 0.0 1.0 0.0 0.0
89.46041838 17.56084579 0.0 0.0 0.0 0.0 1.0 0.0 0.0 0.0
84.46041838 17.56084579 0.0 0.0 0.0 0.0 1.0 0.0 0.0 0.0
79.46041838 17.56084579 0.0 0.0 0.0 0.0 1.0 0.0 0.0 0.0
74.46041838 17.56084579 0.0 0.0 0.0 0.0 1.0 0.0 0.0 0.0
69.46041838 17.56084579 0.0 0.0 0.0 1.0 0.0 0.0 0.0 0.0
64.46041838 22.56084579 0.0 0.0 0.0 0.0 1.0 0.0 0.0 0.0
59.46041838 22.56084579 0.0 0.0 0.0 0.0 1.0 0.0 0.0 0.0
54.46041838 22.56084579 0.0 0.0 0.0 0.0 1.0 0.0 0.0 0.0
49.46041838 22.56084579 0.0 0.0 0.0 0.0 0.0 1.0 0.0 0.0
44.46041838 17.56084579 0.0 0.0 0.0 0.0 1.0 0.0 0.0 0.0
39.46041838 17.56084579 0.0 0.0 0.0 0.0 1.0 0.0 0.0 0.0
34.46041838 17.56084579 0.0 0.0 0.0 0.0 0.0 1.0 0.0 0.0
29.46041838 12.56084579 0.0 0.0 0.0 0.0 1.0 0.0 0.0 0.0
24.46041838 12.56084579 0.0 0.0 0.0 0.0 0.0 1.0 0.0 0.0
19.46041838 7.56084579 0.0 0.0 0.0 0.0 0.0 1.0 0.0 0.0
