78.90926645 20.93373082 0.0 0.0 0.0 1.0 0.0 0.0 0.0 0.0
73.90926645 25.93373082 0.0 0.0 0.0 0.0 1.0 0.0 0.0 0.0
68.90926645 25.93373082 0.0 0.0 0.0 0.0 1.0 0.0 0.0 0.0
63.90926645 25.93373082 0.0 0.0 0.0 1.0 0.0 0.0 0.0 0.0
58.90926645 30.93373082 0.0 0.0 0.0 1.0 0.0 0.0 0.0 0.0
53.90926645 35.93373082 0.0 0.0 0.0 0.0 1.0 0.0 0.0 0.0
48.90926645 35.93373082 0.0 0.0 0.0 1.0 0.0 0.0 0.0 0.0
43.90926645 40.93373082 0.0 0.0 0.0 1.0 0.0 0.0 0.0 0.0
38.90926645 45.93373082 0.0 0.0 1.0 0.0 0.0 0.0 0.0 0.0
38.90926645 50.93373082 0.0 0.0 1.0 0.0 0.0 0.0 0.0 0.0
38.90926645 55.93373082 0.0 0.0 1.0 0.0 0.0 0.0 0.0 0.0
38.90926645 60.93373082 0.0 0.0 1.0 0.0 0.0 0.0 0.0 0.0
38.90926645 65.93373082 0.0 0.0 1.0 0.0 0.0 0.0 0.0 0.0
38.90926645 70.93373082 0.0 0.0 1.0 0.0 0.0 0.0 0.0 0.0
38.90926645 75.93373082 0.0 0.0 1.0 0.0 0.0 0.0 0.0 0.0
38.90926645 80.93373082 0.0 0.0 1.0 0.0 0.0 0.0 0.0 0.0
38.90926645 85.93373082 0.0 0.0 1.0 0.0 0.0 0.0 0.0 0.0
38.90926645 90.93373082 0.0 0.0 0.0 1.0 0.0 0.0 0.0 0.0
