5.58080487 24.67174773 0.0 0.0 1.0 0.0 0.0 0.0 0.0 0.0
5.58080487 29.67174773 0.0 0.0 1.0 0.0 0.0 0.0 0.0 0.0
5.58080487 34.67174773 0.0 1.0 0.0 0.0 0.0 0.0 0.0 0.0
10.58080487 39.67174773 0.0 1.0 0.0 0.0 0.0 0.0 0.0 0.0
15.58080487 44.67174773 0.0 1.0 0.0 0.0 0.0 0.0 0.0 0.0
20.58080487 49.67174773 0.0 1.0 0.0 0.0 0.0 0.0 0.0 0.0
25.58080487 54.67174773 0.0 0.0 1.0 0.0 0.0 0.0 0.0 0.0
25.58080487 59.67174773 0.0 0.0 1.0 0.0 0.0 0.0 0.0 0.0
25.58080487 64.67174773 0.0 0.0 1.0 0.0 0.0 0.0 0.0 0.0
25.58080487 69.67174773 0.0 0.0 0.0 1.0 0.0 0.0 0.0 0.0
20.58080487 74.67174773 0.0 0.0 0.0 1.0 0.0 0.0 0.0 0.0
15.58080487 79.67174773 0.0 0.0 1.0 0.0 0.0 0.0 0.0 0.0
15.58080487 84.67174773 0.0 0.0 0.0 1.0 0.0 0.0 0.0 0.0
10.58080487 89.67174773 0.0 0.0 1.0 0.0 0.0 0.0 0.0 0.0
10.58080487 94.67174773 0.0 0.0 0.0 1.0 0.0 0.0 0.0 0.0
