38.30835616 9.39395726 0.0 0.0 1.0 0.0 0.0 0.0 0.0 0.0
38.30835616 14.39395726 0.0 0.0 1.0 0.0 0.0 0.0 0.0 0.0
38.30835616 19.39395726 0.0 0.0 0.0 1.0 0.0 0.0 0.0 0.0
33.30835616 24.39395726 0.0 0.0 1.0 0.0 0.0 0.0 0.0 0.0
33.30835616 29.39395726 0.0 0.0 0.0 1.0 0.0 0.0 0.0 0.0
28.30835616 34.39395726 0.0 0.0 1.0 0.0 0.0 0.0 0.0 0.0
28.30835616 39.39395726 0.0 0.0 0.0 1.0 0.0 0.0 0.0 0.0
23.30835616 44.39395726 0.0 0.0 1.0 0.0 0.0 0.0 0.0 0.0
23.30835616 49.39395726 0.0 0.0 0.0 1.0 0.0 0.0 0.0 0.0
18.30835616 54.39395726 0.0 0.0 0.0 1.0 0.0 0.0 0.0 0.0
13.30835616 59.39395726 0.0 0.0 0.0 1.0 0.0 0.0 0.0 0.0
8.30835616 64.39395726 0.0 0.0 1.0 0.0 0.0 0.0 0.0 0.0
8.30835616 69.39395726 0.0 0.0 1.0 0.0 0.0 0.0 0.0 0.0
8.30835616 74.39395726 0.0 0.0 1.0 0.0 0.0 0.0 0.0 0.0
8.30835616 79.39395726 0.0 1.0 0.0 0.0 0.0 0.0 0.0 0.0
