43.70262709 93.42566104 0.0 0.0 0.0 0.0 0.0 0.0 1.0 0.0
43.70262709 88.42566104 0.0 0.0 0.0 0.0 0.0 0.0 1.0 0.0
43.70262709 83.42566104 0.0 0.0 0.0 0.0 0.0 0.0 1.0 0.0
43.70262709 78.42566104 0.0 0.0 0.0 0.0 0.0 0.0 1.0 0.0
43.70262709 73.42566104 0.0 0.0 0.0 0.0 0.0 0.0 1.0 0.0
43.70262709 68.42566104 0.0 0.0 0.0 0.0 0.0 0.0 1.0 0.0
43.70262709 63.42566104 0.0 0.0 0.0 0.0 0.0 0.0 1.0 0.0
43.70262709 58.42566104 0.0 0.0 0.0 0.0 0.0 0.0 1.0 0.0
43.70262709 53.42566104 0.0 0.0 0.0 0.0 0.0 0.0 1.0 0.0
43.70262709 48.42566104 0.0 0.0 0.0 0.0 0.0 0.0 1.0 0.0
43.70262709 43.42566104 0.0 0.0 0.0 0.0 0.0 0.0 1.0 0.0
43.70262709 38.42566104 0.0 0.0 0.0 0.0 0.0 0.0 1.0 0.0
43.70262709 33.42566104 0.0 0.0 0.0 0.0 0.0 0.0 1.0 0.0
43.70262709 28.42566104 0.0 0.0 0.0 0.0 0.0 0.0 1.0 0.0
43.70262709 23.42566104 0.0 0.0 0.0 0.0 0.0 0.0 1.0 0.0
43.70262709 18.42566104 0.0 0.0 0.0 0.0 0.0 0.0 0.0 1.0
48.70262709 13.42566104 0.0 0.0 0.0 0.0 0.0 0.0 0.0 1.0
53.70262709 8.42566104 0.0 0.0 0.0 0.0 0.0 0.0 0.0 1.0
58.70262709 3.42566104 1.0 0.0 0.0 0.0 0.0 0.0 0.0 0.0
63.70262709 3.42566104 1.0 0.0 0.0 0.0 0.0 0.0 0.0 0.0
68.70262709 3.42566104 0.0 1.0 0.0 0.0 0.0 0.0 0.0 0.0
