96.40447888 86.9761038 0.0 0.0 0.0 0.0 0.0 1.0 0.0 0.0
91.40447888 81.9761038 0.0 0.0 0.0 0.0 0.0 1.0 0.0 0.0
86.40447888 76.9761038 0.0 0.0 0.0 0.0 0.0 1.0 0.0 0.0
81.40447888 71.9761038 0.0 0.0 0.0 0.0 0.0 0.0 1.0 0.0
81.40447888 66.9761038 0.0 0.0 0.0 0.0 0.0 0.0 1.0 0.0
81.40447888 61.9761038 0.0 0.0 0.0 0.0 0.0 0.0 1.0 0.0
81.40447888 56.9761038 0.0 0.0 0.0 0.0 0.0 0.0 1.0 0.0
81.40447888 51.9761038 0.0 0.0 0.0 0.0 0.0 1.0 0.0 0.0
76.40447888 46.9761038 0.0 0.0 0.0 0.0 0.0 1.0 0.0 0.0
71.40447888 41.9761038 0.0 0.0 0.0 0.0 0.0 1.0 0.0 0.0
66.40447888 36.9761038 0.0 0.0 0.0 0.0 0.0 1.0 0.0 0.0
61.40447888 31.9761038 0.0 0.0 0.0 0.0 0.0 1.0 0.0 0.0
56.40447888 26.9761038 0.0 0.0 0.0 0.0 0.0 1.0 0.0 0.0
51.40447888 21.9761038 0.0 0.0 0.0 0.0 0.0 0.0 1.0 0.0
51.40447888 16.9761038 0.0 0.0 0.0 0.0 0.0 1.0 0.0 0.0
46.40447888 11.9761038 0.0 0.0 0.0 0.0 0.0 1.0 0.0 0.0
