1.96807101 29.33648849 1.0 0.0 0.0 0.0 0.0 0.0 0.0 0.0
6.96807101 29.33648849 1.0 0.0 0.0 0.0 0.0 0.0 0.0 0.0
11.96807101 29.33648849 1.0 0.0 0.0 0.0 0.0 0.0 0.0 0.0
16.96807101 29.33648849 1.0 0.0 0.0 0.0 0.0 0.0 0.0 0.0
21.96807101 29.33648849 1.0 0.0 0.0 0.0 0.0 0.0 0.0 0.0
26.96807101 29.33648849 1.0 0.0 0.0 0.0 0.0 0.0 0.0 0.0
31.96807101 29.33648849 1.0 0.0 0.0 0.0 0.0 0.0 0.0 0.0
36.96807101 29.33648849 1.0 0.0 0.0 0.0 0.0 0.0 0.0 0.0
41.96807101 29.33648849 1.0 0.0 0.0 0.0 0.0 0.0 0.0 0.0
46.96807101 29.33648849 0.0 1.0 0.0 0.0 0.0 0.0 0.0 0.0
51.96807101 34.33648849 1.0 0.0 0.0 0.0 0.0 0.0 0.0 0.0
56.96807101 34.33648849 0.0 1.0 0.0 0.0 0.0 0.0 0.0 0.0
61.96807101 39.33648849 0.0 1.0 0.0 0.0 0.0 0.0 0.0 0.0
66.96807101 44.33648849 0.0 1.0 0.0 0.0 0.0 0.0 0.0 0.0
71.96807101 49.33648849 0.0 1.0 0.0 0.0 0.0 0.0 0.0 0.0
76.96807101 54.33648849 1.0 0.0 0.0 0.0 0.0 0.0 0.0 0.0
81.96807101 54.33648849 1.0 0.0 0.0 0.0 0.0 0.0 0.0 0.0
86.96807101 54.33648849 1.0 0.0 0.0 0.0 0.0 0.0 0.0 0.0
91.96807101 54.33648849 0.0 0.0 0.0 0.0 0.0 0.0 0.0 1.0
