54.60944686 86.67481155 0.0 0.0 0.0 0.0 0.0 0.0 1.0 0.0
54.60944686 81.67481155 0.0 0.0 0.0 0.0 0.0 0.0 1.0 0.0
54.60944686 76.67481155 0.0 0.0 0.0 0.0 0.0 0.0 1.0 0.0
54.60944686 71.67481155 0.0 0.0 0.0 0.0 0.0 0.0 1.0 0.0
54.60944686 66.67481155 0.0 0.0 0.0 0.0 0.0 0.0 1.0 0.0
54.60944686 61.67481155 0.0 0.0 0.0 0.0 0.0 0.0 1.0 0.0
54.60944686 56.67481155 0.0 0.0 0.0 0.0 0.0 0.0 1.0 0.0
54.60944686 51.67481155 0.0 0.0 0.0 0.0 0.0 0.0 1.0 0.0
54.60944686 46.67481155 0.0 0.0 0.0 0.0 0.0 0.0 1.0 0.0
54.60944686 41.67481155 0.0 0.0 0.0 0.0 0.0 0.0 1.0 0.0
54.60944686 36.67481155 0.0 0.0 0.0 0.0 0.0 0.0 1.0 0.0
54.60944686 31.67481155 0.0 0.0 0.0 0.0 0.0 0.0 1.0 0.0
54.60944686 26.67481155 0.0 0.0 0.0 0.0 0.0 0.0 1.0 0.0
54.60944686 21.67481155 0.0 0.0 0.0 0.0 0.0 1.0 0.0 0.0
49.60944686 16.67481155 0.0 0.0 0.0 0.0 0.0 1.0 0.0 0.0
44.60944686 11.67481155 0.0 0.0 0.0 0.0 0.0 1.0 0.0 0.0
39.60944686 6.67481155 0.0 0.0 0.0 0.0 0.0 0.0 0.0 1.0
