91.52164906 13.47645955 0.0 0.0 0.0 1.0 0.0 0.0 0.0 0.0
86.52164906 18.47645955 0.0 0.0 0.0 1.0 0.0 0.0 0.0 0.0
81.52164906 23.47645955 0.0 0.0 0.0 1.0 0.0 0.0 0.0 0.0
76.52164906 28.47645955 0.0 0.0 1.0 0.0 0.0 0.0 0.0 0.0
76.52164906 33.47645955 0.0 0.0 0.0 1.0 0.0 0.0 0.0 0.0
71.52164906 38.47645955 0.0 0.0 1.0 0.0 0.0 0.0 0.0 0.0
71.52164906 43.47645955 0.0 0.0 0.0 1.0 0.0 0.0 0.0 0.0
66.52164906 48.47645955 0.0 0.0 0.0 1.0 0.0 0.0 0.0 0.0
61.52164906 53.47645955 0.0 0.0 0.0 1.0 0.0 0.0 0.0 0.0
56.52164906 58.47645955 0.0 0.0 0.0 1.0 0.0 0.0 0.0 0.0
51.52164906 63.47645955 0.0 0.0 0.0 1.0 0.0 0.0 0.0 0.0
46.52164906 68.47645955 0.0 0.0 1.0 0.0 0.0 0.0 0.0 0.0
46.52164906 73.47645955 0.0 0.0 1.0 0.0 0.0 0.0 0.0 0.0
46.52164906 78.47645955 0.0 0.0 1.0 0.0 0.0 0.0 0.0 0.0
46.52164906 83.47645955 0.0 0.0 1.0 0.0 0.0 0.0 0.0 0.0
46.52164906 88.47645955 0.0 0.0 1.0 0.0 0.0 0.0 0.0 0.0
46.52164906 93.47645955 0.0 1.0 0.0 0.0 0.0 0.0 0.0 0.0
