68.92320969 92.98697128 0.0 0.0 0.0 0.0 0.0 0.0 1.0 0.0
68.92320969 87.98697128 0.0 0.0 0.0 0.0 0.0 1.0 0.0 0.0
63.92320969 82.98697128 0.0 0.0 0.0 0.0 1.0 0.0 0.0 0.0
58.92320969 82.98697128 0.0 0.0 0.0 0.0 0.0 1.0 0.0 0.0
53.92320969 77.98697128 0.0 0.0 0.0 1.0 0.0 0.0 0.0 0.0
48.92320969 82.98697128 0.0 0.0 0.0 0.0 1.0 0.0 0.0 0.0
43.92320969 82.98697128 0.0 0.0 0.0 1.0 0.0 0.0 0.0 0.0
38.92320969 87.98697128 0.0 0.0 0.0 0.0 1.0 0.0 0.0 0.0
33.92320969 87.98697128 0.0 0.0 0.0 0.0 1.0 0.0 0.0 0.0
28.92320969 87.98697128 0.0 0.0 0.0 0.0 0.0 1.0 0.0 0.0
23.92320969 82.98697128 0.0 0.0 0.0 0.0 1.0 0.0 0.0 0.0
18.92320969 82.98697128 0.0 0.0 0.0 0.0 0.0 1.0 0.0 0.0
13.92320969 77.98697128 0.0 0.0 0.0 0.0 1.0 0.0 0.0 0.0
8.92320969 77.98697128 0.0 0.0 0.0 0.0 0.0 1.0 0.0 0.0
