28.48707914 0.78602447 0.0 0.0 1.0 0.0 0.0 0.0 0.0 0.0
28.48707914 5.78602447 0.0 0.0 1.0 0.0 0.0 0.0 0.0 0.0
28.48707914 10.78602447 0.0 0.0 1.0 0.0 0.0 0.0 0.0 0.0
28.48707914 15.78602447 0.0 1.0 0.0 0.0 0.0 0.0 0.0 0.0
33.48707914 20.78602447 0.0 1.0 0.0 0.0 0.0 0.0 0.0 0.0
38.48707914 25.78602447 0.0 1.0 0.0 0.0 0.0 0.0 0.0 0.0
43.48707914 30.78602447 0.0 0.0 1.0 0.0 0.0 0.0 0.0 0.0
43.48707914 35.78602447 0.0 0.0 1.0 0.0 0.0 0.0 0.0 0.0
43.48707914 40.78602447 0.0 0.0 0.0 1.0 0.0 0.0 0.0 0.0
38.48707914 45.78602447 0.0 0.0 1.0 0.0 0.0 0.0 0.0 0.0
38.48707914 50.78602447 0.0 0.0 1.0 0.0 0.0 0.0 0.0 0.0
38.48707914 55.78602447 0.0 0.0 1.0 0.0 0.0 0.0 0.0 0.0
38.48707914 60.78602447 0.0 0.0 1.0 0.0 0.0 0.0 0.0 0.0
38.48707914 65.78602447 0.0 0.0 1.0 0.0 0.0 0.0 0.0 0.0
38.48707914 70.78602447 0.0 0.0 0.0 1.0 0.0 0.0 0.0 0.0
33.48707914 75.78602447 0.0 0.0 1.0 0.0 0.0 0.0 0.0 0.0
33.48707914 80.78602447 0.0 0.0 1.0 0.0 0.0 0.0 0.0 0.0
33.48707914 85.78602447 0.0 0.0 0.0 1.0 0.0 0.0 0.0 0.0
