1.10069495 1.78679298 0.0 1.0 0.0 0.0 0.0 0.0 0.0 0.0
6.10069495 6.78679298 0.0 0.0 1.0 0.0 0.0 0.0 0.0 0.0
6.10069495 11.78679298 0.0 0.0 1.0 0.0 0.0 0.0 0.0 0.0
6.10069495 16.78679298 0.0 0.0 1.0 0.0 0.0 0.0 0.0 0.0
6.10069495 21.78679298 0.0 0.0 1.0 0.0 0.0 0.0 0.0 0.0
6.10069495 26.78679298 0.0 0.0 1.0 0.0 0.0 0.0 0.0 0.0
6.10069495 31.78679298 0.0 0.0 1.0 0.0 0.0 0.0 0.0 0.0
6.10069495 36.78679298 0.0 0.0 1.0 0.0 0.0 0.0 0.0 0.0
6.10069495 41.78679298 0.0 1.0 0.0 0.0 0.0 0.0 0.0 0.0
11.10069495 46.78679298 0.0 1.0 0.0 0.0 0.0 0.0 0.0 0.0
16.10069495 51.78679298 1.0 0.0 0.0 0.0 0.0 0.0 0.0 0.0
21.10069495 51.78679298 0.0 1.0 0.0 0.0 0.0 0.0 0.0 0.0
26.10069495 56.78679298 1.0 0.0 0.0 0.0 0.0 0.0 0.0 0.0
31.10069495 56.78679298 0.0 1.0 0.0 0.0 0.0 0.0 0.0 0.0
36.10069495 61.78679298 1.0 0.0 0.0 0.0 0.0 0.0 0.0 0.0
41.10069495 61.78679298 1.0 0.0 0.0 0.0 0.0 0.0 0.0 0.0
46.10069495 61.78679298 0.0 1.0 0.0 0.0 0.0 0.0 0.0 0.0
51.10069495 66.78679298 1.0 0.0 0.0 0.0 0.0 0.0 0.0 0.0
56.10069495 66.78679298 0.0 1.0 0.0 0.0 0.0 0.0 0.0 0.0
61.10069495 71.78679298 0.0 1.0 0.0 0.0 0.0 0.0 0.0 0.0
66.10069495 76.78679298 0.0 1.0 0.0 0.0 0.0 0.0 0.0 0.0
71.10069495 81.78679298 0.0 1.0 0.0 0.0 0.0 0.0 0.0 0.0
76.10069495 86.78679298 0.0 1.0 0.0 0.0 0.0 0.0 0.0 0.0
81.10069495 91.78679298 1.0 0.0 0.0 0.0 0.0 0.0 0.0 0.0
86.10069495 91.78679298 1.0 0.0 0.0 0.0 0.0 0.0 0.0 0.0
91.10069495 91.78679298 1.0 0.0 0.0 0.0 0.0 0.0 0.0 0.0
96.10069495 91.78679298 0.0 0.0 0.0 0.0 0.0 0.0 0.0 1.0
