23.12629722 41.50695244 1.0 0.0 0.0 0.0 0.0 0.0 0.0 0.0
28.12629722 41.50695244 1.0 0.0 0.0 0.0 0.0 0.0 0.0 0.0
33.12629722 41.50695244 0.0 1.0 0.0 0.0 0.0 0.0 0.0 0.0
38.12629722 46.50695244 0.0 1.0 0.0 0.0 0.0 0.0 0.0 0.0
43.12629722 51.50695244 0.0 1.0 0.0 0.0 0.0 0.0 0.0 0.0
48.12629722 56.50695244 0.0 1.0 0.0 0.0 0.0 0.0 0.0 0.0
53.12629722 61.50695244 0.0 1.0 0.0 0.0 0.0 0.0 0.0 0.0
58.12629722 66.50695244 0.0 1.0 0.0 0.0 0.0 0.0 0.0 0.0
63.12629722 71.50695244 1.0 0.0 0.0 0.0 0.0 0.0 0.0 0.0
68.12629722 71.50695244 1.0 0.0 0.0 0.0 0.0 0.0 0.0 0.0
73.12629722 71.50695244 1.0 0.0 0.0 0.0 0.0 0.0 0.0 0.0
78.12629722 71.50695244 0.0 0.0 0.0 0.0 0.0 0.0 0.0 1.0
83.12629722 66.50695244 0.0 0.0 0.0 0.0 0.0 0.0 0.0 1.0
88.12629722 61.50695244 0.0 0.0 0.0 0.0 0.0 0.0 0.0 1.0
93.12629722 56.50695244 0.0 0.0 0.0 0.0 0.0 0.0 0.0 1.0
98.12629722 51.50695244 0.0 0.0 0.0 0.0 0.0 0.0 0.0 1.0
