29.69610087 93.26818608 0.0 0.0 0.0 0.0 0.0 0.0 1.0 0.0
29.69610087 88.26818608 0.0 0.0 0.0 0.0 0.0 0.0 1.0 0.0
29.69610087 83.26818608 0.0 0.0 0.0 0.0 0.0 0.0 1.0 0.0
29.69610087 78.26818608 0.0 0.0 0.0 0.0 0.0 0.0 1.0 0.0
29.69610087 73.26818608 0.0 0.0 0.0 0.0 0.0 0.0 0.0 1.0
34.69610087 68.26818608 0.0 0.0 0.0 0.0 0.0 0.0 0.0 1.0
39.69610087 63.26818608 0.0 0.0 0.0 0.0 0.0 0.0 0.0 1.0
44.69610087 58.26818608 0.0 0.0 0.0 0.0 0.0 0.0 1.0 0.0
44.69610087 53.26818608 0.0 0.0 0.0 0.0 0.0 0.0 1.0 0.0
44.69610087 48.26818608 0.0 0.0 0.0 0.0 0.0 0.0 1.0 0.0
44.69610087 43.26818608 0.0 0.0 0.0 0.0 0.0 1.0 0.0 0.0
39.69610087 38.26818608 0.0 0.0 0.0 0.0 0.0 1.0 0.0 0.0
34.69610087 33.26818608 0.0 0.0 0.0 0.0 0.0 1.0 0.0 0.0
29.69610087 28.26818608 0.0 0.0 0.0 0.0 0.0 1.0 0.0 0.0
24.69610087 23.26818608 0.0 0.0 0.0 0.0 0.0 1.0 0.0 0.0
