18.60399252 0.16492209 0.0 0.0 1.0 0.0 0.0 0.0 0.0 0.0
18.60399252 5.16492209 0.0 0.0 1.0 0.0 0.0 0.0 0.0 0.0
18.60399252 10.16492209 0.0 0.0 1.0 0.0 0.0 0.0 0.0 0.0
18.60399252 15.16492209 0.0 0.0 1.0 0.0 0.0 0.0 0.0 0.0
18.60399252 20.16492209 0.0 1.0 0.0 0.0 0.0 0.0 0.0 0.0
23.60399252 25.16492209 0.0 1.0 0.0 0.0 0.0 0.0 0.0 0.0
28.60399252 30.16492209 0.0 1.0 0.0 0.0 0.0 0.0 0.0 0.0
33.60399252 35.16492209 0.0 1.0 0.0 0.0 0.0 0.0 0.0 0.0
38.60399252 40.16492209 0.0 0.0 1.0 0.0 0.0 0.0 0.0 0.0
38.60399252 45.16492209 0.0 0.0 1.0 0.0 0.0 0.0 0.0 0.0
38.60399252 50.16492209 0.0 0.0 1.0 0.0 0.0 0.0 0.0 0.0
38.60399252 55.16492209 0.0 0.0 1.0 0.0 0.0 0.0 0.0 0.0
38.60399252 60.16492209 0.0 0.0 1.0 0.0 0.0 0.0 0.0 0.0
38.60399252 65.16492209 0.0 0.0 1.0 0.0 0.0 0.0 0.0 0.0
38.60399252 70.16492209 0.0 0.0 1.0 0.0 0.0 0.0 0.0 0.0
38.60399252 75.16492209 0.0 0.0 0.0 1.0 0.0 0.0 0.0 0.0
33.60399252 80.16492209 0.0 0.0 1.0 0.0 0.0 0.0 0.0 0.0
33.60399252 85.16492209 0.0 0.0 0.0 1.0 0.0 0.0 0.0 0.0
