18.47771444 8.69465247 0.0 1.0 0.0 0.0 0.0 0.0 0.0 0.0
23.47771444 13.69465247 0.0 1.0 0.0 0.0 0.0 0.0 0.0 0.0
28.47771444 18.69465247 0.0 1.0 0.0 0.0 0.0 0.0 0.0 0.0
33.47771444 23.69465247 0.0 1.0 0.0 0.0 0.0 0.0 0.0 0.0
38.47771444 28.69465247 1.0 0.0 0.0 0.0 0.0 0.0 0.0 0.0
43.47771444 28.69465247 1.0 0.0 0.0 0.0 0.0 0.0 0.0 0.0
48.47771444 28.69465247 1.0 0.0 0.0 0.0 0.0 0.0 0.0 0.0
53.47771444 28.69465247 0.0 1.0 0.0 0.0 0.0 0.0 0.0 0.0
58.47771444 33.69465247 0.0 1.0 0.0 0.0 0.0 0.0 0.0 0.0
63.47771444 38.69465247 0.0 1.0 0.0 0.0 0.0 0.0 0.0 0.0
68.47771444 43.69465247 0.0 1.0 0.0 0.0 0.0 0.0 0.0 0.0
73.47771444 48.69465247 0.0 1.0 0.0 0.0 0.0 0.0 0.0 0.0
78.47771444 53.69465247 0.0 1.0 0.0 0.0 0.0 0.0 0.0 0.0
83.47771444 58.69465247 0.0 0.0 1.0 0.0 0.0 0.0 0.0 0.0
83.47771444 63.69465247 0.0 1.0 0.0 0.0 0.0 0.0 0.0 0.0
88.47771444 68.69465247 0.0 1.0 0.0 0.0 0.0 0.0 0.0 0.0
93.47771444 73.69465247 0.0 1.0 0.0 0.0 0.0 0.0 0.0 0.0
