98.97569902 31.65319587 0.0 0.0 0.0 0.0 0.0 0.0 1.0 0.0
98.97569902 26.65319587 0.0 0.0 0.0 0.0 0.0 0.0 1.0 0.0
98.97569902 21.65319587 0.0 0.0 0.0 0.0 0.0 0.0 1.0 0.0
98.97569902 16.65319587 0.0 0.0 0.0 0.0 0.0 0.0 1.0 0.0
98.97569902 11.65319587 0.0 0.0 0.0 0.0 0.0 1.0 0.0 0.0
93.97569902 6.65319587 0.0 0.0 0.0 0.0 0.0 1.0 0.0 0.0
88.97569902 1.65319587 0.0 0.0 0.0 0.0 1.0 0.0 0.0 0.0
83.97569902 1.65319587 0.0 0.0 0.0 0.0 1.0 0.0 0.0 0.0
78.97569902 1.65319587 0.0 0.0 0.0 1.0 0.0 0.0 0.0 0.0
73.97569902 6.65319587 0.0 0.0 0.0 1.0 0.0 0.0 0.0 0.0
68.97569902 11.65319587 0.0 0.0 0.0 1.0 0.0 0.0 0.0 0.0
63.97569902 16.65319587 0.0 0.0 1.0 0.0 0.0 0.0 0.0 0.0
63.97569902 21.65319587 0.0 0.0 0.0 1.0 0.0 0.0 0.0 0.0
58.97569902 26.65319587 0.0 0.0 1.0 0.0 0.0 0.0 0.0 0.0
58.97569902 31.65319587 0.0 0.0 0.0 1.0 0.0 0.0 0.0 0.0
53.97569902 36.65319587 0.0 0.0 1.0 0.0 0.0 0.0 0.0 0.0
53.97569902 41.65319587 0.0 0.0 1.0 0.0 0.0 0.0 0.0 0.0
53.97569902 46.65319587 0.0 0.0 0.0 1.0 0.0 0.0 0.0 0.0
48.97569902 51.65319587 0.0 0.0 1.0 0.0 0.0 0.0 0.0 0.0
48.97569902 56.65319587 0.0 0.0 1.0 0.0 0.0 0.0 0.0 0.0
48.97569902 61.65319587 0.0 0.0 1.0 0.0 0.0 0.0 0.0 0.0
48.97569902 66.65319587 0.0 0.0 0.0 1.0 0.0 0.0 0.0 0.0
43.97569902 71.65319587 0.0 0.0 0.0 1.0 0.0 0.0 0.0 0.0
38.97569902 76.65319587 0.0 0.0 0.0 1.0 0.0 0.0 0.0 0.0
33.97569902 81.65319587 0.0 1.0 0.0 0.0 0.0 0.0 0.0 0.0
