43.09770662 69.56918303 0.0 0.0 0.0 0.0 0.0 0.0 1.0 0.0
43.09770662 64.56918303 0.0 0.0 0.0 0.0 0.0 1.0 0.0 0.0
38.09770662 59.56918303 0.0 0.0 0.0 0.0 0.0 1.0 0.0 0.0
33.09770662 54.56918303 0.0 0.0 0.0 0.0 0.0 1.0 0.0 0.0
28.09770662 49.56918303 0.0 0.0 0.0 0.0 0.0 1.0 0.0 0.0
23.09770662 44.56918303 0.0 0.0 0.0 0.0 0.0 0.0 1.0 0.0
23.09770662 39.56918303 0.0 0.0 0.0 0.0 0.0 0.0 1.0 0.0
23.09770662 34.56918303 0.0 0.0 0.0 0.0 0.0 0.0 1.0 0.0
23.09770662 29.56918303 0.0 0.0 0.0 0.0 0.0 0.0 1.0 0.0
23.09770662 24.56918303 0.0 0.0 0.0 0.0 0.0 1.0 0.0 0.0
18.09770662 19.56918303 0.0 0.0 0.0 0.0 0.0 0.0 1.0 0.0
18.09770662 14.56918303 0.0 0.0 0.0 0.0 0.0 0.0 1.0 0.0
18.09770662 9.56918303 0.0 0.0 0.0 0.0 0.0 0.0 1.0 0.0
18.09770662 4.56918303 0.0 0.0 0.0 0.0 0.0 1.0 0.0 0.0
