74.06118176 81.63509489 0.0 0.0 0.0 0.0 0.0 0.0 1.0 0.0
74.06118176 76.63509489 0.0 0.0 0.0 0.0 0.0 0.0 1.0 0.0
74.06118176 71.63509489 0.0 0.0 0.0 0.0 0.0 0.0 1.0 0.0
74.06118176 66.63509489 0.0 0.0 0.0 0.0 0.0 0.0 1.0 0.0
74.06118176 61.63509489 0.0 0.0 0.0 0.0 0.0 0.0 1.0 0.0
74.06118176 56.63509489 0.0 0.0 0.0 0.0 0.0 1.0 0.0 0.0
69.06118176 51.63509489 0.0 0.0 0.0 0.0 0.0 0.0 1.0 0.0
69.06118176 46.63509489 0.0 0.0 0.0 0.0 0.0 1.0 0.0 0.0
64.06118176 41.63509489 0.0 0.0 0.0 0.0 1.0 0.0 0.0 0.0
59.06118176 41.63509489 0.0 0.0 0.0 0.0 1.0 0.0 0.0 0.0
54.06118176 41.63509489 0.0 0.0 0.0 0.0 1.0 0.0 0.0 0.0
49.06118176 41.63509489 0.0 0.0 0.0 1.0 0.0 0.0 0.0 0.0
44.06118176 46.63509489 0.0 0.0 0.0 1.0 0.0 0.0 0.0 0.0
39.06118176 51.63509489 0.0 0.0 0.0 1.0 0.0 0.0 0.0 0.0
34.06118176 56.63509489 0.0 0.0 0.0 1.0 0.0 0.0 0.0 0.0
29.06118176 61.63509489 0.0 0.0 0.0 0.0 1.0 0.0 0.0 0.0
24.06118176 61.63509489 0.0 0.0 0.0 1.0 0.0 0.0 0.0 0.0
19.06118176 66.63509489 0.0 0.0 0.0 0.0 1.0 0.0 0.0 0.0
14.06118176 66.63509489 0.0 0.0 0.0 1.0 0.0 0.0 0.0 0.0
9.06118176 71.63509489 0.0 0.0 0.0 0.0 1.0 0.0 0.0 0.0
4.06118176 71.63509489 0.0 0.0 0.0 1.0 0.0 0.0 0.0 0.0
