62.43408134 9.66491439 0.0 0.0 1.0 0.0 0.0 0.0 0.0 0.0
62.43408134 14.66491439 0.0 0.0 1.0 0.0 0.0 0.0 0.0 0.0
62.43408134 19.66491439 0.0 0.0 1.0 0.0 0.0 0.0 0.0 0.0
62.43408134 24.66491439 0.0 0.0 1.0 0.0 0.0 0.0 0.0 0.0
62.43408134 29.66491439 0.0 0.0 1.0 0.0 0.0 0.0 0.0 0.0
62.43408134 34.66491439 0.0 0.0 1.0 0.0 0.0 0.0 0.0 0.0
62.43408134 39.66491439 0.0 0.0 1.0 0.0 0.0 0.0 0.0 0.0
62.43408134 44.66491439 0.0 0.0 0.0 1.0 0.0 0.0 0.0 0.0
57.43408134 49.66491439 0.0 0.0 0.0 1.0 0.0 0.0 0.0 0.0
52.43408134 54.66491439 0.0 0.0 0.0 1.0 0.0 0.0 0.0 0.0
47.43408134 59.66491439 0.0 0.0 1.0 0.0 0.0 0.0 0.0 0.0
47.43408134 64.66491439 0.0 0.0 1.0 0.0 0.0 0.0 0.0 0.0
47.43408134 69.66491439 0.0 0.0 1.0 0.0 0.0 0.0 0.0 0.0
47.43408134 74.66491439 0.0 0.0 1.0 0.0 0.0 0.0 0.0 0.0
47.43408134 79.66491439 0.0 1.0 0.0 0.0 0.0 0.0 0.0 0.0
52.43408134 84.66491439 0.0 0.0 1.0 0.0 0.0 0.0 0.0 0.0
52.43408134 89.66491439 0.0 1.0 0.0 0.0 0.0 0.0 0.0 0.0
