97.60021171 87.32533813 0.0 0.0 1.0 0.0 0.0 0.0 0.0 0.0
97.60021171 92.32533813 0.0 0.0 0.0 1.0 0.0 0.0 0.0 0.0
92.60021171 97.32533813 0.0 0.0 0.0 0.0 1.0 0.0 0.0 0.0
87.60021171 97.32533813 0.0 0.0 0.0 0.0 1.0 0.0 0.0 0.0
82.60021171 97.32533813 0.0 0.0 0.0 0.0 1.0 0.0 0.0 0.0
77.60021171 97.32533813 0.0 0.0 0.0 0.0 1.0 0.0 0.0 0.0
72.60021171 97.32533813 0.0 0.0 0.0 0.0 1.0 0.0 0.0 0.0
67.60021171 97.32533813 0.0 0.0 0.0 0.0 1.0 0.0 0.0 0.0
62.60021171 97.32533813 0.0 0.0 0.0 0.0 1.0 0.0 0.0 0.0
57.60021171 97.32533813 0.0 0.0 0.0 0.0 1.0 0.0 0.0 0.0
52.60021171 97.32533813 0.0 0.0 0.0 0.0 0.0 1.0 0.0 0.0
47.60021171 92.32533813 0.0 0.0 0.0 0.0 0.0 1.0 0.0 0.0
42.60021171 87.32533813 0.0 0.0 0.0 0.0 0.0 1.0 0.0 0.0
37.60021171 82.32533813 0.0 0.0 0.0 0.0 1.0 0.0 0.0 0.0
32.60021171 82.32533813 0.0 0.0 0.0 0.0 0.0 1.0 0.0 0.0
27.60021171 77.32533813 0.0 0.0 0.0 0.0 1.0 0.0 0.0 0.0
22.60021171 77.32533813 0.0 0.0 0.0 0.0 1.0 0.0 0.0 0.0
17.60021171 77.32533813 0.0 0.0 0.0 0.0 1.0 0.0 0.0 0.0
12.60021171 77.32533813 0.0 0.0 0.0 0.0 1.0 0.0 0.0 0.0
7.60021171 77.32533813 0.0 0.0 0.0 0.0 0.0 1.0 0.0 0.0
