13.80913156 10.3218068 0.0 1.0 0.0 0.0 0.0 0.0 0.0 0.0
18.80913156 15.3218068 0.0 1.0 0.0 0.0 0.0 0.0 0.0 0.0
23.80913156 20.3218068 0.0 1.0 0.0 0.0 0.0 0.0 0.0 0.0
28.80913156 25.3218068 0.0 1.0 0.0 0.0 0.0 0.0 0.0 0.0
33.80913156 30.3218068 0.0 0.0 1.0 0.0 0.0 0.0 0.0 0.0
33.80913156 35.3218068 0.0 0.0 1.0 0.0 0.0 0.0 0.0 0.0
33.80913156 40.3218068 0.0 0.0 1.0 0.0 0.0 0.0 0.0 0.0
33.80913156 45.3218068 0.0 0.0 1.0 0.0 0.0 0.0 0.0 0.0
33.80913156 50.3218068 0.0 1.0 0.0 0.0 0.0 0.0 0.0 0.0
38.80913156 55.3218068 0.0 1.0 0.0 0.0 0.0 0.0 0.0 0.0
43.80913156 60.3218068 0.0 1.0 0.0 0.0 0.0 0.0 0.0 0.0
48.80913156 65.3218068 0.0 1.0 0.0 0.0 0.0 0.0 0.0 0.0
53.80913156 70.3218068 0.0 1.0 0.0 0.0 0.0 0.0 0.0 0.0
58.80913156 75.3218068 0.0 1.0 0.0 0.0 0.0 0.0 0.0 0.0
63.80913156 80.3218068 0.0 1.0 0.0 0.0 0.0 0.0 0.0 0.0
68.80913156 85.3218068 0.0 1.0 0.0 0.0 0.0 0.0 0.0 0.0
73.80913156 90.3218068 0.0 0.0 0.0 0.0 0.0 0.0 0.0 1.0
