91.69274754 82.63880316 0.0 0.0 0.0 0.0 0.0 1.0 0.0 0.0
86.69274754 77.63880316 0.0 0.0 0.0 0.0 0.0 0.0 1.0 0.0
86.69274754 72.63880316 0.0 0.0 0.0 0.0 0.0 0.0 1.0 0.0
86.69274754 67.63880316 0.0 0.0 0.0 0.0 0.0 1.0 0.0 0.0
81.69274754 62.63880316 0.0 0.0 0.0 0.0 0.0 1.0 0.0 0.0
76.69274754 57.63880316 0.0 0.0 0.0 0.0 0.0 1.0 0.0 0.0
71.69274754 52.63880316 0.0 0.0 0.0 0.0 0.0 1.0 0.0 0.0
66.69274754 47.63880316 0.0 0.0 0.0 0.0 0.0 0.0 1.0 0.0
66.69274754 42.63880316 0.0 0.0 0.0 0.0 0.0 1.0 0.0 0.0
61.69274754 37.63880316 0.0 0.0 0.0 0.0 0.0 0.0 1.0 0.0
61.69274754 32.63880316 0.0 0.0 0.0 0.0 0.0 1.0 0.0 0.0
56.69274754 27.63880316 0.0 0.0 0.0 0.0 0.0 0.0 1.0 0.0
56.69274754 22.63880316 0.0 0.0 0.0 0.0 0.0 1.0 0.0 0.0
