3.26160067 98.57921591 1.0 0.0 0.0 0.0 0.0 0.0 0.0 0.0
8.26160067 98.57921591 1.0 0.0 0.0 0.0 0.0 0.0 0.0 0.0
13.26160067 98.57921591 1.0 0.0 0.0 0.0 0.0 0.0 0.0 0.0
18.26160067 98.57921591 1.0 0.0 0.0 0.0 0.0 0.0 0.0 0.0
23.26160067 98.57921591 1.0 0.0 0.0 0.0 0.0 0.0 0.0 0.0
28.26160067 98.57921591 1.0 0.0 0.0 0.0 0.0 0.0 0.0 0.0
33.26160067 98.57921591 1.0 0.0 0.0 0.0 0.0 0.0 0.0 0.0
38.26160067 98.57921591 0.0 0.0 0.0 0.0 0.0 0.0 0.0 1.0
43.26160067 93.57921591 0.0 0.0 0.0 0.0 0.0 0.0 0.0 1.0
48.26160067 88.57921591 0.0 0.0 0.0 0.0 0.0 0.0 0.0 1.0
53.26160067 83.57921591 1.0 0.0 0.0 0.0 0.0 0.0 0.0 0.0
58.26160067 83.57921591 1.0 0.0 0.0 0.0 0.0 0.0 0.0 0.0
63.26160067 83.57921591 1.0 0.0 0.0 0.0 0.0 0.0 0.0 0.0
68.26160067 83.57921591 1.0 0.0 0.0 0.0 0.0 0.0 0.0 0.0
73.26160067 83.57921591 0.0 1.0 0.0 0.0 0.0 0.0 0.0 0.0
78.26160067 88.57921591 0.0 1.0 0.0 0.0 0.0 0.0 0.0 0.0
