70.74686469 89.88573965 0.0 0.0 0.0 0.0 0.0 0.0 0.0 1.0
75.74686469 84.88573965 0.0 0.0 0.0 0.0 0.0 0.0 1.0 0.0
75.74686469 79.88573965 0.0 0.0 0.0 0.0 0.0 0.0 1.0 0.0
75.74686469 74.88573965 0.0 0.0 0.0 0.0 0.0 0.0 1.0 0.0
75.74686469 69.88573965 0.0 0.0 0.0 0.0 0.0 0.0 1.0 0.0
75.74686469 64.88573965 0.0 0.0 0.0 0.0 0.0 0.0 1.0 0.0
75.74686469 59.88573965 0.0 0.0 0.0 0.0 0.0 0.0 0.0 1.0
80.74686469 54.88573965 0.0 0.0 0.0 0.0 0.0 0.0 1.0 0.0
80.74686469 49.88573965 0.0 0.0 0.0 0.0 0.0 0.0 0.0 1.0
85.74686469 44.88573965 0.0 0.0 0.0 0.0 0.0 0.0 1.0 0.0
85.74686469 39.88573965 0.0 0.0 0.0 0.0 0.0 0.0 1.0 0.0
85.74686469 34.88573965 0.0 0.0 0.0 0.0 0.0 0.0 0.0 1.0
90.74686469 29.88573965 0.0 0.0 0.0 0.0 0.0 0.0 1.0 0.0
90.74686469 24.88573965 0.0 0.0 0.0 0.0 0.0 0.0 0.0 1.0
95.74686469 19.88573965 0.0 0.0 0.0 0.0 0.0 0.0 1.0 0.0
95.74686469 14.88573965 0.0 0.0 0.0 0.0 0.0 0.0 0.0 1.0
