95.39758707 36.80568325 0.0 0.0 0.0 0.0 1.0 0.0 0.0 0.0
90.39758707 36.80568325 0.0 0.0 0.0 0.0 1.0 0.0 0.0 0.0
85.39758707 36.80568325 0.0 0.0 0.0 0.0 1.0 0.0 0.0 0.0
80.39758707 36.80568325 0.0 0.0 0.0 0.0 1.0 0.0 0.0 0.0
75.39758707 36.80568325 0.0 0.0 0.0 0.0 0.0 1.0 0.0 0.0
70.39758707 31.80568325 0.0 0.0 0.0 0.0 1.0 0.0 0.0 0.0
65.39758707 31.80568325 0.0 0.0 0.0 0.0 1.0 0.0 0.0 0.0
60.39758707 31.80568325 0.0 0.0 0.0 1.0 0.0 0.0 0.0 0.0
55.39758707 36.80568325 0.0 0.0 0.0 1.0 0.0 0.0 0.0 0.0
50.39758707 41.80568325 0.0 0.0 0.0 0.0 1.0 0.0 0.0 0.0
45.39758707 41.80568325 0.0 0.0 0.0 0.0 1.0 0.0 0.0 0.0
40.39758707 41.80568325 0.0 0.0 0.0 1.0 0.0 0.0 0.0 0.0
35.39758707 46.80568325 0.0 0.0 0.0 0.0 1.0 0.0 0.0 0.0
30.39758707 46.80568325 0.0 0.0 0.0 0.0 1.0 0.0 0.0 0.0
25.39758707 46.80568325 0.0 0.0 0.0 1.0 0.0 0.0 0.0 0.0
20.39758707 51.80568325 0.0 0.0 0.0 0.0 1.0 0.0 0.0 0.0
15.39758707 51.80568325 0.0 0.0 0.0 1.0 0.0 0.0 0.0 0.0
10.39758707 56.80568325 0.0 0.0 0.0 1.0 0.0 0.0 0.0 0.0
