92.08663771 62.48611936 0.0 0.0 0.0 0.0 0.0 0.0 0.0 1.0
97.08663771 57.48611936 0.0 0.0 0.0 0.0 0.0 1.0 0.0 0.0
92.08663771 52.48611936 0.0 0.0 0.0 0.0 0.0 0.0 1.0 0.0
92.08663771 47.48611936 0.0 0.0 0.0 0.0 0.0 1.0 0.0 0.0
87.08663771 42.48611936 0.0 0.0 0.0 0.0 0.0 1.0 0.0 0.0
82.08663771 37.48611936 0.0 0.0 0.0 0.0 1.0 0.0 0.0 0.0
77.08663771 37.48611936 0.0 0.0 0.0 0.0 1.0 0.0 0.0 0.0
72.08663771 37.48611936 0.0 0.0 0.0 0.0 0.0 1.0 0.0 0.0
67.08663771 32.48611936 0.0 0.0 0.0 0.0 1.0 0.0 0.0 0.0
62.08663771 32.48611936 0.0 0.0 0.0 0.0 1.0 0.0 0.0 0.0
57.08663771 32.48611936 0.0 0.0 0.0 0.0 1.0 0.0 0.0 0.0
52.08663771 32.48611936 0.0 0.0 0.0 0.0 0.0 1.0 0.0 0.0
47.08663771 27.48611936 0.0 0.0 0.0 0.0 1.0 0.0 0.0 0.0
42.08663771 27.48611936 0.0 0.0 0.0 0.0 0.0 1.0 0.0 0.0
