88.8543209 71.58397691 0.0 0.0 0.0 0.0 0.0 1.0 0.0 0.0
83.8543209 66.58397691 0.0 0.0 0.0 0.0 1.0 0.0 0.0 0.0
78.8543209 66.58397691 0.0 0.0 0.0 0.0 1.0 0.0 0.0 0.0
73.8543209 66.58397691 0.0 0.0 0.0 0.0 1.0 0.0 0.0 0.0
68.8543209 66.58397691 0.0 0.0 0.0 0.0 1.0 0.0 0.0 0.0
63.8543209 66.58397691 0.0 0.0 0.0 0.0 1.0 0.0 0.0 0.0
58.8543209 66.58397691 0.0 0.0 0.0 0.0 1.0 0.0 0.0 0.0
53.8543209 66.58397691 0.0 0.0 0.0 0.0 0.0 1.0 0.0 0.0
48.8543209 61.58397691 0.0 0.0 0.0 0.0 0.0 0.0 1.0 0.0
48.8543209 56.58397691 0.0 0.0 0.0 0.0 0.0 1.0 0.0 0.0
43.8543209 51.58397691 0.0 0.0 0.0 0.0 0.0 0.0 1.0 0.0
43.8543209 46.58397691 0.0 0.0 0.0 0.0 0.0 0.0 1.0 0.0
43.8543209 41.58397691 0.0 0.0 0.0 0.0 0.0 0.0 1.0 0.0
43.8543209 36.58397691 0.0 0.0 0.0 0.0 0.0 0.0 1.0 0.0
43.8543209 31.58397691 0.0 0.0 0.0 0.0 0.0 0.0 1.0 0.0
43.8543209 26.58397691 0.0 0.0 0.0 0.0 0.0 0.0 1.0 0.0
43.8543209 21.58397691 0.0 0.0 0.0 0.0 0.0 0.0 1.0 0.0
43.8543209 16.58397691 0.0 0.0 0.0 0.0 0.0 1.0 0.0 0.0
