72.65796688 5.76512711 0.0 0.0 1.0 0.0 0.0 0.0 0.0 0.0
72.65796688 10.76512711 0.0 0.0 1.0 0.0 0.0 0.0 0.0 0.0
72.65796688 15.76512711 0.0 0.0 1.0 0.0 0.0 0.0 0.0 0.0
72.65796688 20.76512711 0.0 0.0 1.0 0.0 0.0 0.0 0.0 0.0
72.65796688 25.76512711 0.0 0.0 1.0 0.0 0.0 0.0 0.0 0.0
72.65796688 30.76512711 0.0 0.0 1.0 0.0 0.0 0.0 0.0 0.0
72.65796688 35.76512711 0.0 0.0 1.0 0.0 0.0 0.0 0.0 0.0
72.65796688 40.76512711 0.0 0.0 1.0 0.0 0.0 0.0 0.0 0.0
72.65796688 45.76512711 0.0 0.0 1.0 0.0 0.0 0.0 0.0 0.0
72.65796688 50.76512711 0.0 0.0 1.0 0.0 0.0 0.0 0.0 0.0
72.65796688 55.76512711 0.0 0.0 1.0 0.0 0.0 0.0 0.0 0.0
72.65796688 60.76512711 0.0 0.0 1.0 0.0 0.0 0.0 0.0 0.0
72.65796688 65.76512711 0.0 0.0 1.0 0.0 0.0 0.0 0.0 0.0
72.65796688 70.76512711 0.0 0.0 1.0 0.0 0.0 0.0 0.0 0.0
72.65796688 75.76512711 0.0 0.0 1.0 0.0 0.0 0.0 0.0 0.0
72.65796688 80.76512711 0.0 0.0 1.0 0.0 0.0 0.0 0.0 0.0
72.65796688 85.76512711 0.0 1.0 0.0 0.0 0.0 0.0 0.0 0.0
77.65796688 90.76512711 0.0 1.0 0.0 0.0 0.0 0.0 0.0 0.0
82.65796688 95.76512711 1.0 0.0 0.0 0.0 0.0 0.0 0.0 0.0
87.65796688 95.76512711 0.0 1.0 0.0 0.0 0.0 0.0 0.0 0.0
