82.43453791 89.38721786 0.0 0.0 0.0 0.0 0.0 1.0 0.0 0.0
77.43453791 84.38721786 0.0 0.0 0.0 0.0 0.0 1.0 0.0 0.0
72.43453791 79.38721786 0.0 0.0 0.0 0.0 0.0 1.0 0.0 0.0
67.43453791 74.38721786 0.0 0.0 0.0 0.0 0.0 1.0 0.0 0.0
62.43453791 69.38721786 0.0 0.0 0.0 0.0 0.0 1.0 0.0 0.0
57.43453791 64.38721786 0.0 0.0 0.0 0.0 0.0 0.0 1.0 0.0
57.43453791 59.38721786 0.0 0.0 0.0 0.0 0.0 0.0 1.0 0.0
57.43453791 54.38721786 0.0 0.0 0.0 0.0 0.0 0.0 1.0 0.0
57.43453791 49.38721786 0.0 0.0 0.0 0.0 0.0 0.0 1.0 0.0
57.43453791 44.38721786 0.0 0.0 0.0 0.0 0.0 1.0 0.0 0.0
52.43453791 39.38721786 0.0 0.0 0.0 0.0 0.0 1.0 0.0 0.0
47.43453791 34.38721786 0.0 0.0 0.0 0.0 1.0 0.0 0.0 0.0
42.43453791 34.38721786 0.0 0.0 0.0 0.0 1.0 0.0 0.0 0.0
37.43453791 34.38721786 0.0 0.0 0.0 0.0 1.0 0.0 0.0 0.0
32.43453791 34.38721786 0.0 0.0 0.0 0.0 1.0 0.0 0.0 0.0
27.43453791 34.38721786 0.0 0.0 0.0 0.0 1.0 0.0 0.0 0.0
22.43453791 34.38721786 0.0 0.0 0.0 0.0 1.0 0.0 0.0 0.0
17.43453791 34.38721786 0.0 0.0 0.0 0.0 1.0 0.0 0.0 0.0
12.43453791 34.38721786 0.0 0.0 0.0 0.0 1.0 0.0 0.0 0.0
7.43453791 34.38721786 0.0 0.0 0.0 0.0 0.0 1.0 0.0 0.0
