65.07711926 3.88079672 0.0 0.0 0.0 1.0 0.0 0.0 0.0 0.0
60.07711926 8.88079672 0.0 0.0 0.0 1.0 0.0 0.0 0.0 0.0
55.07711926 13.88079672 0.0 0.0 0.0 1.0 0.0 0.0 0.0 0.0
50.07711926 18.88079672 0.0 0.0 0.0 1.0 0.0 0.0 0.0 0.0
45.07711926 23.88079672 0.0 0.0 0.0 1.0 0.0 0.0 0.0 0.0
40.07711926 28.88079672 0.0 0.0 0.0 1.0 0.0 0.0 0.0 0.0
35.07711926 33.88079672 0.0 0.0 0.0 1.0 0.0 0.0 0.0 0.0
30.07711926 38.88079672 0.0 0.0 0.0 1.0 0.0 0.0 0.0 0.0
25.07711926 43.88079672 0.0 0.0 0.0 1.0 0.0 0.0 0.0 0.0
20.07711926 48.88079672 0.0 0.0 1.0 0.0 0.0 0.0 0.0 0.0
20.07711926 53.88079672 0.0 0.0 0.0 1.0 0.0 0.0 0.0 0.0
15.07711926 58.88079672 0.0 0.0 1.0 0.0 0.0 0.0 0.0 0.0
15.07711926 63.88079672 0.0 0.0 0.0 1.0 0.0 0.0 0.0 0.0
10.07711926 68.88079672 0.0 0.0 1.0 0.0 0.0 0.0 0.0 0.0
10.07711926 73.88079672 0.0 0.0 0.0 1.0 0.0 0.0 0.0 0.0
5.07711926 78.88079672 0.0 0.0 0.0 1.0 0.0 0.0 0.0 0.0
