6.65418282 74.16147593 1.0 0.0 0.0 0.0 0.0 0.0 0.0 0.0
11.65418282 74.16147593 1.0 0.0 0.0 0.0 0.0 0.0 0.0 0.0
16.65418282 74.16147593 1.0 0.0 0.0 0.0 0.0 0.0 0.0 0.0
21.65418282 74.16147593 1.0 0.0 0.0 0.0 0.0 0.0 0.0 0.0
26.65418282 74.16147593 0.0 1.0 0.0 0.0 0.0 0.0 0.0 0.0
31.65418282 79.16147593 1.0 0.0 0.0 0.0 0.0 0.0 0.0 0.0
36.65418282 79.16147593 0.0 1.0 0.0 0.0 0.0 0.0 0.0 0.0
41.65418282 84.16147593 0.0 1.0 0.0 0.0 0.0 0.0 0.0 0.0
46.65418282 89.16147593 0.0 1.0 0.0 0.0 0.0 0.0 0.0 0.0
51.65418282 94.16147593 1.0 0.0 0.0 0.0 0.0 0.0 0.0 0.0
56.65418282 94.16147593 1.0 0.0 0.0 0.0 0.0 0.0 0.0 0.0
61.65418282 94.16147593 1.0 0.0 0.0 0.0 0.0 0.0 0.0 0.0
66.65418282 94.16147593 0.0 0.0 0.0 0.0 0.0 0.0 0.0 1.0
71.65418282 89.16147593 0.0 0.0 0.0 0.0 0.0 0.0 0.0 1.0
76.65418282 84.16147593 0.0 0.0 0.0 0.0 0.0 0.0 1.0 0.0
76.65418282 79.16147593 0.0 0.0 0.0 0.0 0.0 0.0 1.0 0.0
76.65418282 74.16147593 0.0 0.0 0.0 0.0 0.0 0.0 1.0 0.0
76.65418282 69.16147593 0.0 0.0 0.0 0.0 0.0 0.0 1.0 0.0
76.65418282 64.16147593 0.0 0.0 0.0 0.0 0.0 0.0 1.0 0.0
76.65418282 59.16147593 0.0 0.0 0.0 0.0 0.0 0.0 1.0 0.0
76.65418282 54.16147593 0.0 0.0 0.0 0.0 0.0 0.0 0.0 1.0
