1.46301002 23.26169523 0.0 1.0 0.0 0.0 0.0 0.0 0.0 0.0
6.46301002 28.26169523 0.0 0.0 1.0 0.0 0.0 0.0 0.0 0.0
6.46301002 33.26169523 0.0 0.0 1.0 0.0 0.0 0.0 0.0 0.0
6.46301002 38.26169523 0.0 1.0 0.0 0.0 0.0 0.0 0.0 0.0
11.46301002 43.26169523 0.0 0.0 1.0 0.0 0.0 0.0 0.0 0.0
11.46301002 48.26169523 1.0 0.0 0.0 0.0 0.0 0.0 0.0 0.0
16.46301002 48.26169523 0.0 1.0 0.0 0.0 0.0 0.0 0.0 0.0
21.46301002 53.26169523 1.0 0.0 0.0 0.0 0.0 0.0 0.0 0.0
26.46301002 53.26169523 1.0 0.0 0.0 0.0 0.0 0.0 0.0 0.0
31.46301002 53.26169523 1.0 0.0 0.0 0.0 0.0 0.0 0.0 0.0
36.46301002 53.26169523 1.0 0.0 0.0 0.0 0.0 0.0 0.0 0.0
41.46301002 53.26169523 1.0 0.0 0.0 0.0 0.0 0.0 0.0 0.0
46.46301002 53.26169523 1.0 0.0 0.0 0.0 0.0 0.0 0.0 0.0
51.46301002 53.26169523 1.0 0.0 0.0 0.0 0.0 0.0 0.0 0.0
56.46301002 53.26169523 1.0 0.0 0.0 0.0 0.0 0.0 0.0 0.0
61.46301002 53.26169523 1.0 0.0 0.0 0.0 0.0 0.0 0.0 0.0
66.46301002 53.26169523 0.0 0.0 0.0 0.0 0.0 0.0 0.0 1.0
71.46301002 48.26169523 1.0 0.0 0.0 0.0 0.0 0.0 0.0 0.0
76.46301002 48.26169523 1.0 0.0 0.0 0.0 0.0 0.0 0.0 0.0
81.46301002 48.26169523 0.0 0.0 0.0 0.0 0.0 0.0 0.0 1.0
86.46301002 43.26169523 0.0 0.0 0.0 0.0 0.0 0.0 0.0 1.0
