46.89837068 2.98509915 0.0 0.0 1.0 0.0 0.0 0.0 0.0 0.0
46.89837068 7.98509915 0.0 0.0 1.0 0.0 0.0 0.0 0.0 0.0
46.89837068 12.98509915 0.0 0.0 0.0 1.0 0.0 0.0 0.0 0.0
41.89837068 17.98509915 0.0 0.0 1.0 0.0 0.0 0.0 0.0 0.0
41.89837068 22.98509915 0.0 0.0 1.0 0.0 0.0 0.0 0.0 0.0
41.89837068 27.98509915 0.0 0.0 1.0 0.0 0.0 0.0 0.0 0.0
41.89837068 32.98509915 0.0 0.0 1.0 0.0 0.0 0.0 0.0 0.0
41.89837068 37.98509915 0.0 0.0 1.0 0.0 0.0 0.0 0.0 0.0
41.89837068 42.98509915 0.0 0.0 1.0 0.0 0.0 0.0 0.0 0.0
41.89837068 47.98509915 0.0 1.0 0.0 0.0 0.0 0.0 0.0 0.0
46.89837068 52.98509915 0.0 1.0 0.0 0.0 0.0 0.0 0.0 0.0
51.89837068 57.98509915 0.0 1.0 0.0 0.0 0.0 0.0 0.0 0.0
56.89837068 62.98509915 0.0 1.0 0.0 0.0 0.0 0.0 0.0 0.0
61.89837068 67.98509915 0.0 1.0 0.0 0.0 0.0 0.0 0.0 0.0
66.89837068 72.98509915 0.0 1.0 0.0 0.0 0.0 0.0 0.0 0.0
71.89837068 77.98509915 0.0 1.0 0.0 0.0 0.0 0.0 0.0 0.0
