20.6953344 11.66420039 0.0 0.0 1.0 0.0 0.0 0.0 0.0 0.0
20.6953344 16.66420039 0.0 0.0 1.0 0.0 0.0 0.0 0.0 0.0
20.6953344 21.66420039 0.0 0.0 1.0 0.0 0.0 0.0 0.0 0.0
20.6953344 26.66420039 0.0 0.0 1.0 0.0 0.0 0.0 0.0 0.0
20.6953344 31.66420039 0.0 0.0 1.0 0.0 0.0 0.0 0.0 0.0
20.6953344 36.66420039 0.0 0.0 0.0 1.0 0.0 0.0 0.0 0.0
15.6953344 41.66420039 0.0 0.0 0.0 1.0 0.0 0.0 0.0 0.0
10.6953344 46.66420039 0.0 0.0 1.0 0.0 0.0 0.0 0.0 0.0
10.6953344 51.66420039 0.0 0.0 1.0 0.0 0.0 0.0 0.0 0.0
10.6953344 56.66420039 0.0 0.0 1.0 0.0 0.0 0.0 0.0 0.0
10.6953344 61.66420039 0.0 0.0 1.0 0.0 0.0 0.0 0.0 0.0
10.6953344 66.66420039 0.0 0.0 1.0 0.0 0.0 0.0 0.0 0.0
10.6953344 71.66420039 0.0 0.0 1.0 0.0 0.0 0.0 0.0 0.0
10.6953344 76.66420039 0.0 0.0 1.0 0.0 0.0 0.0 0.0 0.0
10.6953344 81.66420039 0.0 0.0 1.0 0.0 0.0 0.0 0.0 0.0
10.6953344 86.66420039 0.0 0.0 1.0 0.0 0.0 0.0 0.0 0.0
10.6953344 91.66420039 0.0 0.0 1.0 0.0 0.0 0.0 0.0 0.0
10.6953344 96.66420039 0.0 1.0 0.0 0.0 0.0 0.0 0.0 0.0
