46.09387114 8.97998754 0.0 0.0 1.0 0.0 0.0 0.0 0.0 0.0
46.09387114 13.97998754 0.0 0.0 1.0 0.0 0.0 0.0 0.0 0.0
46.09387114 18.97998754 0.0 0.0 1.0 0.0 0.0 0.0 0.0 0.0
46.09387114 23.97998754 0.0 0.0 1.0 0.0 0.0 0.0 0.0 0.0
46.09387114 28.97998754 0.0 0.0 1.0 0.0 0.0 0.0 0.0 0.0
46.09387114 33.97998754 0.0 0.0 1.0 0.0 0.0 0.0 0.0 0.0
46.09387114 38.97998754 0.0 0.0 1.0 0.0 0.0 0.0 0.0 0.0
46.09387114 43.97998754 0.0 0.0 1.0 0.0 0.0 0.0 0.0 0.0
46.09387114 48.97998754 0.0 0.0 1.0 0.0 0.0 0.0 0.0 0.0
46.09387114 53.97998754 0.0 0.0 1.0 0.0 0.0 0.0 0.0 0.0
46.09387114 58.97998754 0.0 0.0 0.0 1.0 0.0 0.0 0.0 0.0
41.09387114 63.97998754 0.0 0.0 0.0 1.0 0.0 0.0 0.0 0.0
36.09387114 68.97998754 0.0 0.0 0.0 1.0 0.0 0.0 0.0 0.0
31.09387114 73.97998754 0.0 0.0 0.0 1.0 0.0 0.0 0.0 0.0
26.09387114 78.97998754 0.0 0.0 0.0 1.0 0.0 0.0 0.0 0.0
21.09387114 83.97998754 0.0 0.0 0.0 1.0 0.0 0.0 0.0 0.0
