11.57044238 70.63186116 0.0 0.0 0.0 0.0 0.0 0.0 0.0 1.0
16.57044238 65.63186116 1.0 0.0 0.0 0.0 0.0 0.0 0.0 0.0
21.57044238 65.63186116 1.0 0.0 0.0 0.0 0.0 0.0 0.0 0.0
26.57044238 65.63186116 1.0 0.0 0.0 0.0 0.0 0.0 0.0 0.0
31.57044238 65.63186116 1.0 0.0 0.0 0.0 0.0 0.0 0.0 0.0
36.57044238 65.63186116 0.0 0.0 0.0 0.0 0.0 0.0 0.0 1.0
41.57044238 60.63186116 1.0 0.0 0.0 0.0 0.0 0.0 0.0 0.0
46.57044238 60.63186116 0.0 0.0 0.0 0.0 0.0 0.0 0.0 1.0
51.57044238 55.63186116 0.0 0.0 0.0 0.0 0.0 0.0 0.0 1.0
56.57044238 50.63186116 0.0 0.0 0.0 0.0 0.0 0.0 0.0 1.0
61.57044238 45.63186116 0.0 0.0 0.0 0.0 0.0 0.0 0.0 1.0
66.57044238 40.63186116 0.0 0.0 0.0 0.0 0.0 0.0 0.0 1.0
71.57044238 35.63186116 1.0 0.0 0.0 0.0 0.0 0.0 0.0 0.0
76.57044238 35.63186116 0.0 0.0 0.0 0.0 0.0 0.0 0.0 1.0
81.57044238 30.63186116 0.0 0.0 0.0 0.0 0.0 0.0 0.0 1.0
86.57044238 25.63186116 0.0 0.0 0.0 0.0 0.0 0.0 1.0 0.0
86.57044238 20.63186116 0.0 0.0 0.0 0.0 0.0 0.0 1.0 0.0
86.57044238 15.63186116 0.0 0.0 0.0 0.0 0.0 0.0 1.0 0.0
86.57044238 10.63186116 0.0 0.0 0.0 0.0 0.0 1.0 0.0 0.0
