89.29870319 5.92918834 0.0 0.0 0.0 0.0 1.0 0.0 0.0 0.0
84.29870319 5.92918834 0.0 0.0 0.0 0.0 1.0 0.0 0.0 0.0
79.29870319 5.92918834 0.0 0.0 0.0 0.0 1.0 0.0 0.0 0.0
74.29870319 5.92918834 0.0 0.0 0.0 0.0 1.0 0.0 0.0 0.0
69.29870319 5.92918834 0.0 0.0 0.0 0.0 1.0 0.0 0.0 0.0
64.29870319 5.92918834 0.0 0.0 0.0 0.0 1.0 0.0 0.0 0.0
59.29870319 5.92918834 0.0 0.0 0.0 0.0 1.0 0.0 0.0 0.0
54.29870319 5.92918834 0.0 0.0 0.0 0.0 1.0 0.0 0.0 0.0
49.29870319 5.92918834 0.0 0.0 0.0 0.0 1.0 0.0 0.0 0.0
44.29870319 5.92918834 0.0 0.0 0.0 0.0 1.0 0.0 0.0 0.0
39.29870319 5.92918834 0.0 0.0 0.0 0.0 1.0 0.0 0.0 0.0
34.29870319 5.92918834 0.0 0.0 0.0 0.0 1.0 0.0 0.0 0.0
29.29870319 5.92918834 0.0 0.0 0.0 1.0 0.0 0.0 0.0 0.0
24.29870319 10.92918834 0.0 0.0 0.0 0.0 1.0 0.0 0.0 0.0
19.29870319 10.92918834 0.0 0.0 0.0 0.0 1.0 0.0 0.0 0.0
14.29870319 10.92918834 0.0 0.0 0.0 0.0 1.0 0.0 0.0 0.0
9.29870319 10.92918834 0.0 0.0 0.0 1.0 0.0 0.0 0.0 0.0
4.29870319 15.92918834 0.0 0.0 0.0 1.0 0.0 0.0 0.0 0.0
