1.40871392 10.13327986 0.0 1.0 0.0 0.0 0.0 0.0 0.0 0.0
6.40871392 15.13327986 0.0 1.0 0.0 0.0 0.0 0.0 0.0 0.0
11.40871392 20.13327986 0.0 1.0 0.0 0.0 0.0 0.0 0.0 0.0
16.40871392 25.13327986 0.0 1.0 0.0 0.0 0.0 0.0 0.0 0.0
21.40871392 30.13327986 0.0 1.0 0.0 0.0 0.0 0.0 0.0 0.0
26.40871392 35.13327986 0.0 1.0 0.0 0.0 0.0 0.0 0.0 0.0
31.40871392 40.13327986 0.0 1.0 0.0 0.0 0.0 0.0 0.0 0.0
36.40871392 45.13327986 0.0 1.0 0.0 0.0 0.0 0.0 0.0 0.0
41.40871392 50.13327986 0.0 1.0 0.0 0.0 0.0 0.0 0.0 0.0
46.40871392 55.13327986 0.0 1.0 0.0 0.0 0.0 0.0 0.0 0.0
51.40871392 60.13327986 0.0 1.0 0.0 0.0 0.0 0.0 0.0 0.0
56.40871392 65.13327986 0.0 1.0 0.0 0.0 0.0 0.0 0.0 0.0
61.40871392 70.13327986 0.0 1.0 0.0 0.0 0.0 0.0 0.0 0.0
66.40871392 75.13327986 0.0 1.0 0.0 0.0 0.0 0.0 0.0 0.0
71.40871392 80.13327986 0.0 0.0 1.0 0.0 0.0 0.0 0.0 0.0
71.40871392 85.13327986 0.0 1.0 0.0 0.0 0.0 0.0 0.0 0.0
