59.91193762 99.37638962 0.0 0.0 0.0 0.0 0.0 0.0 1.0 0.0
59.91193762 94.37638962 0.0 0.0 0.0 0.0 0.0 0.0 1.0 0.0
59.91193762 89.37638962 0.0 0.0 0.0 0.0 0.0 0.0 0.0 1.0
64.91193762 84.37638962 0.0 0.0 0.0 0.0 0.0 0.0 1.0 0.0
64.91193762 79.37638962 0.0 0.0 0.0 0.0 0.0 0.0 1.0 0.0
64.91193762 74.37638962 0.0 0.0 0.0 0.0 0.0 0.0 1.0 0.0
64.91193762 69.37638962 0.0 0.0 0.0 0.0 0.0 0.0 1.0 0.0
64.91193762 64.37638962 0.0 0.0 0.0 0.0 0.0 0.0 1.0 0.0
64.91193762 59.37638962 0.0 0.0 0.0 0.0 0.0 0.0 1.0 0.0
64.91193762 54.37638962 0.0 0.0 0.0 0.0 0.0 0.0 1.0 0.0
64.91193762 49.37638962 0.0 0.0 0.0 0.0 0.0 0.0 1.0 0.0
64.91193762 44.37638962 0.0 0.0 0.0 0.0 0.0 0.0 1.0 0.0
64.91193762 39.37638962 0.0 0.0 0.0 0.0 0.0 0.0 1.0 0.0
64.91193762 34.37638962 0.0 0.0 0.0 0.0 0.0 0.0 1.0 0.0
64.91193762 29.37638962 0.0 0.0 0.0 0.0 0.0 0.0 1.0 0.0
64.91193762 24.37638962 0.0 0.0 0.0 0.0 0.0 0.0 1.0 0.0
64.91193762 19.37638962 0.0 0.0 0.0 0.0 0.0 0.0 1.0 0.0
64.91193762 14.37638962 0.0 0.0 0.0 0.0 0.0 0.0 1.0 0.0
64.91193762 9.37638962 0.0 0.0 0.0 0.0 0.0 1.0 0.0 0.0
