90.89168664 98.46746512 0.0 0.0 0.0 0.0 1.0 0.0 0.0 0.0
85.89168664 98.46746512 0.0 0.0 0.0 0.0 1.0 0.0 0.0 0.0
80.89168664 98.46746512 0.0 0.0 0.0 0.0 0.0 1.0 0.0 0.0
75.89168664 93.46746512 0.0 0.0 0.0 0.0 0.0 1.0 0.0 0.0
70.89168664 88.46746512 0.0 0.0 0.0 0.0 0.0 1.0 0.0 0.0
65.89168664 83.46746512 0.0 0.0 0.0 0.0 0.0 1.0 0.0 0.0
60.89168664 78.46746512 0.0 0.0 0.0 0.0 0.0 1.0 0.0 0.0
55.89168664 73.46746512 0.0 0.0 0.0 0.0 0.0 1.0 0.0 0.0
50.89168664 68.46746512 0.0 0.0 0.0 0.0 0.0 1.0 0.0 0.0
45.89168664 63.46746512 0.0 0.0 0.0 0.0 0.0 1.0 0.0 0.0
40.89168664 58.46746512 0.0 0.0 0.0 0.0 0.0 1.0 0.0 0.0
35.89168664 53.46746512 0.0 0.0 0.0 0.0 0.0 1.0 0.0 0.0
30.89168664 48.46746512 0.0 0.0 0.0 0.0 0.0 1.0 0.0 0.0
25.89168664 43.46746512 0.0 0.0 0.0 0.0 0.0 1.0 0.0 0.0
20.89168664 38.46746512 0.0 0.0 0.0 0.0 0.0 1.0 0.0 0.0
15.89168664 33.46746512 0.0 0.0 0.0 0.0 0.0 1.0 0.0 0.0
10.89168664 28.46746512 0.0 0.0 0.0 0.0 0.0 1.0 0.0 0.0
5.89168664 23.46746512 0.0 0.0 0.0 0.0 0.0 0.0 1.0 0.0
5.89168664 18.46746512 0.0 0.0 0.0 0.0 0.0 1.0 0.0 0.0
0.89168664 13.46746512 0.0 0.0 0.0 0.0 0.0 1.0 0.0 0.0
