99.58704179 38.07656664 0.0 0.0 0.0 0.0 1.0 0.0 0.0 0.0
94.58704179 38.07656664 0.0 0.0 0.0 0.0 1.0 0.0 0.0 0.0
89.58704179 38.07656664 0.0 0.0 0.0 0.0 1.0 0.0 0.0 0.0
84.58704179 38.07656664 0.0 0.0 0.0 0.0 1.0 0.0 0.0 0.0
79.58704179 38.07656664 0.0 0.0 0.0 0.0 1.0 0.0 0.0 0.0
74.58704179 38.07656664 0.0 0.0 0.0 0.0 1.0 0.0 0.0 0.0
69.58704179 38.07656664 0.0 0.0 0.0 0.0 0.0 1.0 0.0 0.0
64.58704179 33.07656664 0.0 0.0 0.0 0.0 1.0 0.0 0.0 0.0
59.58704179 33.07656664 0.0 0.0 0.0 0.0 0.0 1.0 0.0 0.0
54.58704179 28.07656664 0.0 0.0 0.0 0.0 1.0 0.0 0.0 0.0
49.58704179 28.07656664 0.0 0.0 0.0 0.0 1.0 0.0 0.0 0.0
44.58704179 28.07656664 0.0 0.0 0.0 0.0 1.0 0.0 0.0 0.0
39.58704179 28.07656664 0.0 0.0 0.0 0.0 0.0 1.0 0.0 0.0
34.58704179 23.07656664 0.0 0.0 0.0 0.0 0.0 1.0 0.0 0.0
29.58704179 18.07656664 0.0 0.0 0.0 0.0 1.0 0.0 0.0 0.0
24.58704179 18.07656664 0.0 0.0 0.0 0.0 0.0 1.0 0.0 0.0
19.58704179 13.07656664 0.0 0.0 0.0 0.0 1.0 0.0 0.0 0.0
14.58704179 13.07656664 0.0 0.0 0.0 0.0 0.0 1.0 0.0 0.0
