1.60785192 86.45589523 0.0 0.0 0.0 0.0 0.0 0.0 0.0 1.0
6.60785192 81.45589523 0.0 0.0 0.0 0.0 0.0 0.0 0.0 1.0
11.60785192 76.45589523 0.0 0.0 0.0 0.0 0.0 0.0 0.0 1.0
16.60785192 71.45589523 0.0 0.0 0.0 0.0 0.0 0.0 0.0 1.0
21.60785192 66.45589523 0.0 0.0 0.0 0.0 0.0 0.0 0.0 1.0
26.60785192 61.45589523 0.0 0.0 0.0 0.0 0.0 0.0 0.0 1.0
31.60785192 56.45589523 0.0 0.0 0.0 0.0 0.0 0.0 0.0 1.0
36.60785192 51.45589523 0.0 0.0 0.0 0.0 0.0 0.0 1.0 0.0
36.60785192 46.45589523 0.0 0.0 0.0 0.0 0.0 0.0 1.0 0.0
36.60785192 41.45589523 0.0 0.0 0.0 0.0 0.0 0.0 1.0 0.0
36.60785192 36.45589523 0.0 0.0 0.0 0.0 0.0 0.0 1.0 0.0
36.60785192 31.45589523 0.0 0.0 0.0 0.0 0.0 0.0 0.0 1.0
41.60785192 26.45589523 0.0 0.0 0.0 0.0 0.0 0.0 0.0 1.0
46.60785192 21.45589523 0.0 0.0 0.0 0.0 0.0 0.0 0.0 1.0
51.60785192 16.45589523 1.0 0.0 0.0 0.0 0.0 0.0 0.0 0.0
56.60785192 16.45589523 0.0 0.0 0.0 0.0 0.0 0.0 0.0 1.0
61.60785192 11.45589523 1.0 0.0 0.0 0.0 0.0 0.0 0.0 0.0
66.60785192 11.45589523 0.0 0.0 0.0 0.0 0.0 0.0 0.0 1.0
71.60785192 6.45589523 0.0 1.0 0.0 0.0 0.0 0.0 0.0 0.0
