9.54750674 10.4104356 0.0 0.0 1.0 0.0 0.0 0.0 0.0 0.0
9.54750674 15.4104356 0.0 0.0 1.0 0.0 0.0 0.0 0.0 0.0
9.54750674 20.4104356 0.0 0.0 0.0 1.0 0.0 0.0 0.0 0.0
4.54750674 25.4104356 0.0 0.0 1.0 0.0 0.0 0.0 0.0 0.0
4.54750674 30.4104356 0.0 0.0 1.0 0.0 0.0 0.0 0.0 0.0
4.54750674 35.4104356 0.0 0.0 1.0 0.0 0.0 0.0 0.0 0.0
4.54750674 40.4104356 0.0 1.0 0.0 0.0 0.0 0.0 0.0 0.0
9.54750674 45.4104356 0.0 1.0 0.0 0.0 0.0 0.0 0.0 0.0
14.54750674 50.4104356 0.0 1.0 0.0 0.0 0.0 0.0 0.0 0.0
19.54750674 55.4104356 0.0 1.0 0.0 0.0 0.0 0.0 0.0 0.0
24.54750674 60.4104356 0.0 1.0 0.0 0.0 0.0 0.0 0.0 0.0
29.54750674 65.4104356 0.0 1.0 0.0 0.0 0.0 0.0 0.0 0.0
34.54750674 70.4104356 0.0 1.0 0.0 0.0 0.0 0.0 0.0 0.0
39.54750674 75.4104356 0.0 1.0 0.0 0.0 0.0 0.0 0.0 0.0
44.54750674 80.4104356 1.0 0.0 0.0 0.0 0.0 0.0 0.0 0.0
49.54750674 80.4104356 1.0 0.0 0.0 0.0 0.0 0.0 0.0 0.0
54.54750674 80.4104356 1.0 0.0 0.0 0.0 0.0 0.0 0.0 0.0
59.54750674 80.4104356 1.0 0.0 0.0 0.0 0.0 0.0 0.0 0.0
64.54750674 80.4104356 1.0 0.0 0.0 0.0 0.0 0.0 0.0 0.0
69.54750674 80.4104356 1.0 0.0 0.0 0.0 0.0 0.0 0.0 0.0
74.54750674 80.4104356 1.0 0.0 0.0 0.0 0.0 0.0 0.0 0.0
79.54750674 80.4104356 1.0 0.0 0.0 0.0 0.0 0.0 0.0 0.0
84.54750674 80.4104356 0.0 0.0 0.0 0.0 0.0 0.0 0.0 1.0
