91.9469472 48.79285919 0.0 0.0 0.0 1.0 0.0 0.0 0.0 0.0
86.9469472 53.79285919 0.0 0.0 0.0 1.0 0.0 0.0 0.0 0.0
81.9469472 58.79285919 0.0 0.0 0.0 0.0 1.0 0.0 0.0 0.0
76.9469472 58.79285919 0.0 0.0 0.0 0.0 1.0 0.0 0.0 0.0
71.9469472 58.79285919 0.0 0.0 0.0 1.0 0.0 0.0 0.0 0.0
66.9469472 63.79285919 0.0 0.0 0.0 0.0 1.0 0.0 0.0 0.0
61.9469472 63.79285919 0.0 0.0 0.0 1.0 0.0 0.0 0.0 0.0
56.9469472 68.79285919 0.0 0.0 0.0 1.0 0.0 0.0 0.0 0.0
51.9469472 73.79285919 0.0 0.0 0.0 1.0 0.0 0.0 0.0 0.0
46.9469472 78.79285919 0.0 0.0 0.0 1.0 0.0 0.0 0.0 0.0
41.9469472 83.79285919 0.0 0.0 0.0 1.0 0.0 0.0 0.0 0.0
36.9469472 88.79285919 0.0 0.0 0.0 1.0 0.0 0.0 0.0 0.0
31.9469472 93.79285919 0.0 0.0 0.0 0.0 1.0 0.0 0.0 0.0
26.9469472 93.79285919 0.0 0.0 0.0 1.0 0.0 0.0 0.0 0.0
21.9469472 98.79285919 0.0 0.0 0.0 1.0 0.0 0.0 0.0 0.0
