6.84379917 99.50860525 0.0 0.0 0.0 0.0 0.0 0.0 0.0 1.0
11.84379917 94.50860525 0.0 0.0 0.0 0.0 0.0 0.0 0.0 1.0
16.84379917 89.50860525 0.0 0.0 0.0 0.0 0.0 0.0 1.0 0.0
16.84379917 84.50860525 0.0 0.0 0.0 0.0 0.0 0.0 1.0 0.0
16.84379917 79.50860525 0.0 0.0 0.0 0.0 0.0 0.0 1.0 0.0
16.84379917 74.50860525 0.0 0.0 0.0 0.0 0.0 0.0 0.0 1.0
21.84379917 69.50860525 0.0 0.0 0.0 0.0 0.0 0.0 0.0 1.0
26.84379917 64.50860525 0.0 0.0 0.0 0.0 0.0 0.0 0.0 1.0
31.84379917 59.50860525 0.0 0.0 0.0 0.0 0.0 0.0 0.0 1.0
36.84379917 54.50860525 0.0 0.0 0.0 0.0 0.0 0.0 0.0 1.0
41.84379917 49.50860525 0.0 0.0 0.0 0.0 0.0 0.0 0.0 1.0
46.84379917 44.50860525 0.0 0.0 0.0 0.0 0.0 0.0 0.0 1.0
51.84379917 39.50860525 0.0 0.0 0.0 0.0 0.0 0.0 0.0 1.0
56.84379917 34.50860525 0.0 0.0 0.0 0.0 0.0 0.0 0.0 1.0
61.84379917 29.50860525 0.0 0.0 0.0 0.0 0.0 0.0 1.0 0.0
61.84379917 24.50860525 0.0 0.0 0.0 0.0 0.0 0.0 0.0 1.0
66.84379917 19.50860525 0.0 0.0 0.0 0.0 0.0 0.0 1.0 0.0
66.84379917 14.50860525 0.0 0.0 0.0 0.0 0.0 0.0 0.0 1.0
71.84379917 9.50860525 0.0 0.0 0.0 0.0 0.0 0.0 0.0 1.0
