81.1530841 17.85062413 0.0 0.0 0.0 1.0 0.0 0.0 0.0 0.0
76.1530841 22.85062413 0.0 0.0 0.0 1.0 0.0 0.0 0.0 0.0
71.1530841 27.85062413 0.0 0.0 0.0 0.0 1.0 0.0 0.0 0.0
66.1530841 27.85062413 0.0 0.0 0.0 0.0 1.0 0.0 0.0 0.0
61.1530841 27.85062413 0.0 0.0 0.0 0.0 1.0 0.0 0.0 0.0
56.1530841 27.85062413 0.0 0.0 0.0 0.0 1.0 0.0 0.0 0.0
51.1530841 27.85062413 0.0 0.0 0.0 1.0 0.0 0.0 0.0 0.0
46.1530841 32.85062413 0.0 0.0 0.0 1.0 0.0 0.0 0.0 0.0
41.1530841 37.85062413 0.0 0.0 0.0 1.0 0.0 0.0 0.0 0.0
36.1530841 42.85062413 0.0 0.0 0.0 1.0 0.0 0.0 0.0 0.0
31.1530841 47.85062413 0.0 0.0 0.0 0.0 1.0 0.0 0.0 0.0
26.1530841 47.85062413 0.0 0.0 0.0 0.0 1.0 0.0 0.0 0.0
21.1530841 47.85062413 0.0 0.0 0.0 1.0 0.0 0.0 0.0 0.0
16.1530841 52.85062413 0.0 0.0 0.0 0.0 1.0 0.0 0.0 0.0
11.1530841 52.85062413 0.0 0.0 0.0 1.0 0.0 0.0 0.0 0.0
