72.64058416 80.0897905 0.0 0.0 0.0 0.0 0.0 1.0 0.0 0.0
67.64058416 75.0897905 0.0 0.0 0.0 0.0 0.0 1.0 0.0 0.0
62.64058416 70.0897905 0.0 0.0 0.0 0.0 0.0 1.0 0.0 0.0
57.64058416 65.0897905 0.0 0.0 0.0 0.0 0.0 1.0 0.0 0.0
52.64058416 60.0897905 0.0 0.0 0.0 0.0 0.0 1.0 0.0 0.0
47.64058416 55.0897905 0.0 0.0 0.0 0.0 0.0 1.0 0.0 0.0
42.64058416 50.0897905 0.0 0.0 0.0 0.0 0.0 1.0 0.0 0.0
37.64058416 45.0897905 0.0 0.0 0.0 0.0 0.0 0.0 1.0 0.0
37.64058416 40.0897905 0.0 0.0 0.0 0.0 0.0 1.0 0.0 0.0
32.64058416 35.0897905 0.0 0.0 0.0 0.0 0.0 0.0 1.0 0.0
32.64058416 30.0897905 0.0 0.0 0.0 0.0 0.0 1.0 0.0 0.0
27.64058416 25.0897905 0.0 0.0 0.0 0.0 0.0 0.0 1.0 0.0
27.64058416 20.0897905 0.0 0.0 0.0 0.0 0.0 0.0 1.0 0.0
27.64058416 15.0897905 0.0 0.0 0.0 0.0 0.0 1.0 0.0 0.0
22.64058416 10.0897905 0.0 0.0 0.0 0.0 0.0 0.0 0.0 1.0
