72.84034545 1.2716861 0.0 0.0 1.0 0.0 0.0 0.0 0.0 0.0
72.84034545 6.2716861 0.0 0.0 1.0 0.0 0.0 0.0 0.0 0.0
72.84034545 11.2716861 0.0 0.0 1.0 0.0 0.0 0.0 0.0 0.0
72.84034545 16.2716861 0.0 0.0 1.0 0.0 0.0 0.0 0.0 0.0
72.84034545 21.2716861 0.0 0.0 1.0 0.0 0.0 0.0 0.0 0.0
72.84034545 26.2716861 0.0 0.0 0.0 1.0 0.0 0.0 0.0 0.0
67.84034545 31.2716861 0.0 0.0 0.0 1.0 0.0 0.0 0.0 0.0
62.84034545 36.2716861 0.0 0.0 0.0 1.0 0.0 0.0 0.0 0.0
57.84034545 41.2716861 0.0 0.0 0.0 1.0 0.0 0.0 0.0 0.0
52.84034545 46.2716861 0.0 0.0 0.0 1.0 0.0 0.0 0.0 0.0
47.84034545 51.2716861 0.0 0.0 0.0 1.0 0.0 0.0 0.0 0.0
42.84034545 56.2716861 0.0 0.0 0.0 1.0 0.0 0.0 0.0 0.0
37.84034545 61.2716861 0.0 0.0 0.0 1.0 0.0 0.0 0.0 0.0
32.84034545 66.2716861 0.0 0.0 0.0 1.0 0.0 0.0 0.0 0.0
27.84034545 71.2716861 0.0 0.0 0.0 1.0 0.0 0.0 0.0 0.0
22.84034545 76.2716861 0.0 0.0 1.0 0.0 0.0 0.0 0.0 0.0
22.84034545 81.2716861 0.0 0.0 0.0 1.0 0.0 0.0 0.0 0.0
