67.48051707 70.522121 0.0 0.0 0.0 0.0 0.0 0.0 1.0 0.0
67.48051707 65.522121 0.0 0.0 0.0 0.0 0.0 0.0 0.0 1.0
72.48051707 60.522121 0.0 0.0 0.0 0.0 0.0 0.0 1.0 0.0
72.48051707 55.522121 0.0 0.0 0.0 0.0 0.0 0.0 1.0 0.0
72.48051707 50.522121 0.0 0.0 0.0 0.0 0.0 0.0 1.0 0.0
72.48051707 45.522121 0.0 0.0 0.0 0.0 0.0 0.0 1.0 0.0
72.48051707 40.522121 0.0 0.0 0.0 0.0 0.0 0.0 1.0 0.0
72.48051707 35.522121 0.0 0.0 0.0 0.0 0.0 0.0 1.0 0.0
72.48051707 30.522121 0.0 0.0 0.0 0.0 0.0 0.0 1.0 0.0
72.48051707 25.522121 0.0 0.0 0.0 0.0 0.0 0.0 0.0 1.0
77.48051707 20.522121 0.0 0.0 0.0 0.0 0.0 0.0 0.0 1.0
82.48051707 15.522121 0.0 0.0 0.0 0.0 0.0 0.0 0.0 1.0
87.48051707 10.522121 1.0 0.0 0.0 0.0 0.0 0.0 0.0 0.0
92.48051707 10.522121 0.0 0.0 0.0 0.0 0.0 0.0 0.0 1.0
