98.49819695 99.93488919 0.0 0.0 0.0 0.0 0.0 1.0 0.0 0.0
93.49819695 94.93488919 0.0 0.0 0.0 0.0 0.0 1.0 0.0 0.0
88.49819695 89.93488919 0.0 0.0 0.0 0.0 0.0 0.0 1.0 0.0
88.49819695 84.93488919 0.0 0.0 0.0 0.0 0.0 0.0 1.0 0.0
88.49819695 79.93488919 0.0 0.0 0.0 0.0 0.0 0.0 1.0 0.0
88.49819695 74.93488919 0.0 0.0 0.0 0.0 0.0 0.0 1.0 0.0
88.49819695 69.93488919 0.0 0.0 0.0 0.0 0.0 1.0 0.0 0.0
83.49819695 64.93488919 0.0 0.0 0.0 0.0 0.0 1.0 0.0 0.0
78.49819695 59.93488919 0.0 0.0 0.0 0.0 0.0 1.0 0.0 0.0
73.49819695 54.93488919 0.0 0.0 0.0 0.0 0.0 1.0 0.0 0.0
68.49819695 49.93488919 0.0 0.0 0.0 0.0 0.0 1.0 0.0 0.0
63.49819695 44.93488919 0.0 0.0 0.0 0.0 1.0 0.0 0.0 0.0
58.49819695 44.93488919 0.0 0.0 0.0 0.0 0.0 1.0 0.0 0.0
53.49819695 39.93488919 0.0 0.0 0.0 0.0 1.0 0.0 0.0 0.0
48.49819695 39.93488919 0.0 0.0 0.0 0.0 1.0 0.0 0.0 0.0
43.49819695 39.93488919 0.0 0.0 0.0 0.0 0.0 1.0 0.0 0.0
38.49819695 34.93488919 0.0 0.0 0.0 0.0 1.0 0.0 0.0 0.0
33.49819695 34.93488919 0.0 0.0 0.0 0.0 1.0 0.0 0.0 0.0
28.49819695 34.93488919 0.0 0.0 0.0 0.0 1.0 0.0 0.0 0.0
23.49819695 34.93488919 0.0 0.0 0.0 0.0 1.0 0.0 0.0 0.0
18.49819695 34.93488919 0.0 0.0 0.0 0.0 0.0 1.0 0.0 0.0
13.49819695 29.93488919 0.0 0.0 0.0 0.0 0.0 1.0 0.0 0.0
