74.88035093 1.43951336 0.0 0.0 1.0 0.0 0.0 0.0 0.0 0.0
74.88035093 6.43951336 0.0 0.0 1.0 0.0 0.0 0.0 0.0 0.0
74.88035093 11.43951336 0.0 0.0 1.0 0.0 0.0 0.0 0.0 0.0
74.88035093 16.43951336 0.0 0.0 1.0 0.0 0.0 0.0 0.0 0.0
74.88035093 21.43951336 0.0 0.0 1.0 0.0 0.0 0.0 0.0 0.0
74.88035093 26.43951336 0.0 0.0 1.0 0.0 0.0 0.0 0.0 0.0
74.88035093 31.43951336 0.0 0.0 1.0 0.0 0.0 0.0 0.0 0.0
74.88035093 36.43951336 0.0 0.0 1.0 0.0 0.0 0.0 0.0 0.0
74.88035093 41.43951336 0.0 0.0 1.0 0.0 0.0 0.0 0.0 0.0
74.88035093 46.43951336 0.0 0.0 1.0 0.0 0.0 0.0 0.0 0.0
74.88035093 51.43951336 0.0 0.0 1.0 0.0 0.0 0.0 0.0 0.0
74.88035093 56.43951336 0.0 0.0 1.0 0.0 0.0 0.0 0.0 0.0
74.88035093 61.43951336 0.0 0.0 1.0 0.0 0.0 0.0 0.0 0.0
74.88035093 66.43951336 0.0 0.0 1.0 0.0 0.0 0.0 0.0 0.0
74.88035093 71.43951336 0.0 0.0 1.0 0.0 0.0 0.0 0.0 0.0
74.88035093 76.43951336 0.0 0.0 0.0 1.0 0.0 0.0 0.0 0.0
69.88035093 81.43951336 0.0 0.0 1.0 0.0 0.0 0.0 0.0 0.0
69.88035093 86.43951336 0.0 1.0 0.0 0.0 0.0 0.0 0.0 0.0
