20.72867617 36.02241186 1.0 0.0 0.0 0.0 0.0 0.0 0.0 0.0
25.72867617 36.02241186 0.0 0.0 0.0 0.0 0.0 0.0 0.0 1.0
30.72867617 31.02241186 0.0 0.0 0.0 0.0 0.0 0.0 0.0 1.0
35.72867617 26.02241186 1.0 0.0 0.0 0.0 0.0 0.0 0.0 0.0
40.72867617 26.02241186 1.0 0.0 0.0 0.0 0.0 0.0 0.0 0.0
45.72867617 26.02241186 0.0 1.0 0.0 0.0 0.0 0.0 0.0 0.0
50.72867617 31.02241186 1.0 0.0 0.0 0.0 0.0 0.0 0.0 0.0
55.72867617 31.02241186 0.0 1.0 0.0 0.0 0.0 0.0 0.0 0.0
60.72867617 36.02241186 0.0 1.0 0.0 0.0 0.0 0.0 0.0 0.0
65.72867617 41.02241186 0.0 0.0 1.0 0.0 0.0 0.0 0.0 0.0
65.72867617 46.02241186 0.0 0.0 1.0 0.0 0.0 0.0 0.0 0.0
65.72867617 51.02241186 0.0 0.0 1.0 0.0 0.0 0.0 0.0 0.0
65.72867617 56.02241186 0.0 0.0 0.0 1.0 0.0 0.0 0.0 0.0
60.72867617 61.02241186 0.0 0.0 1.0 0.0 0.0 0.0 0.0 0.0
60.72867617 66.02241186 0.0 0.0 0.0 1.0 0.0 0.0 0.0 0.0
55.72867617 71.02241186 0.0 0.0 1.0 0.0 0.0 0.0 0.0 0.0
55.72867617 76.02241186 0.0 0.0 1.0 0.0 0.0 0.0 0.0 0.0
55.72867617 81.02241186 0.0 0.0 0.0 1.0 0.0 0.0 0.0 0.0
50.72867617 86.02241186 0.0 0.0 1.0 0.0 0.0 0.0 0.0 0.0
50.72867617 91.02241186 0.0 0.0 0.0 1.0 0.0 0.0 0.0 0.0
