44.75910871 3.22105773 0.0 1.0 0.0 0.0 0.0 0.0 0.0 0.0
49.75910871 8.22105773 0.0 0.0 1.0 0.0 0.0 0.0 0.0 0.0
49.75910871 13.22105773 0.0 0.0 1.0 0.0 0.0 0.0 0.0 0.0
49.75910871 18.22105773 0.0 0.0 1.0 0.0 0.0 0.0 0.0 0.0
49.75910871 23.22105773 0.0 0.0 0.0 1.0 0.0 0.0 0.0 0.0
44.75910871 28.22105773 0.0 0.0 0.0 1.0 0.0 0.0 0.0 0.0
39.75910871 33.22105773 0.0 0.0 0.0 1.0 0.0 0.0 0.0 0.0
34.75910871 38.22105773 0.0 0.0 0.0 1.0 0.0 0.0 0.0 0.0
29.75910871 43.22105773 0.0 0.0 1.0 0.0 0.0 0.0 0.0 0.0
29.75910871 48.22105773 0.0 0.0 1.0 0.0 0.0 0.0 0.0 0.0
29.75910871 53.22105773 0.0 0.0 1.0 0.0 0.0 0.0 0.0 0.0
29.75910871 58.22105773 0.0 0.0 0.0 1.0 0.0 0.0 0.0 0.0
24.75910871 63.22105773 0.0 0.0 0.0 1.0 0.0 0.0 0.0 0.0
19.75910871 68.22105773 0.0 0.0 0.0 1.0 0.0 0.0 0.0 0.0
14.75910871 73.22105773 0.0 0.0 0.0 1.0 0.0 0.0 0.0 0.0
9.75910871 78.22105773 0.0 0.0 0.0 1.0 0.0 0.0 0.0 0.0
