74.42105421 33.45468661 0.0 0.0 0.0 0.0 1.0 0.0 0.0 0.0
69.42105421 33.45468661 0.0 0.0 0.0 0.0 1.0 0.0 0.0 0.0
64.42105421 33.45468661 0.0 0.0 0.0 1.0 0.0 0.0 0.0 0.0
59.42105421 38.45468661 0.0 0.0 0.0 1.0 0.0 0.0 0.0 0.0
54.42105421 43.45468661 0.0 0.0 0.0 0.0 1.0 0.0 0.0 0.0
49.42105421 43.45468661 0.0 0.0 0.0 0.0 0.0 1.0 0.0 0.0
44.42105421 38.45468661 0.0 0.0 0.0 0.0 1.0 0.0 0.0 0.0
39.42105421 38.45468661 0.0 0.0 0.0 0.0 1.0 0.0 0.0 0.0
34.42105421 38.45468661 0.0 0.0 0.0 0.0 1.0 0.0 0.0 0.0
29.42105421 38.45468661 0.0 0.0 0.0 0.0 1.0 0.0 0.0 0.0
24.42105421 38.45468661 0.0 0.0 0.0 1.0 0.0 0.0 0.0 0.0
19.42105421 43.45468661 0.0 0.0 0.0 0.0 1.0 0.0 0.0 0.0
14.42105421 43.45468661 0.0 0.0 0.0 1.0 0.0 0.0 0.0 0.0
9.42105421 48.45468661 0.0 0.0 0.0 0.0 1.0 0.0 0.0 0.0
4.42105421 48.45468661 0.0 0.0 0.0 1.0 0.0 0.0 0.0 0.0
