20.13012246 12.24043696 0.0 1.0 0.0 0.0 0.0 0.0 0.0 0.0
25.13012246 17.24043696 0.0 0.0 1.0 0.0 0.0 0.0 0.0 0.0
25.13012246 22.24043696 0.0 1.0 0.0 0.0 0.0 0.0 0.0 0.0
30.13012246 27.24043696 0.0 1.0 0.0 0.0 0.0 0.0 0.0 0.0
35.13012246 32.24043696 0.0 0.0 1.0 0.0 0.0 0.0 0.0 0.0
35.13012246 37.24043696 0.0 0.0 1.0 0.0 0.0 0.0 0.0 0.0
35.13012246 42.24043696 0.0 0.0 1.0 0.0 0.0 0.0 0.0 0.0
35.13012246 47.24043696 0.0 1.0 0.0 0.0 0.0 0.0 0.0 0.0
40.13012246 52.24043696 0.0 1.0 0.0 0.0 0.0 0.0 0.0 0.0
45.13012246 57.24043696 1.0 0.0 0.0 0.0 0.0 0.0 0.0 0.0
50.13012246 57.24043696 1.0 0.0 0.0 0.0 0.0 0.0 0.0 0.0
55.13012246 57.24043696 1.0 0.0 0.0 0.0 0.0 0.0 0.0 0.0
60.13012246 57.24043696 1.0 0.0 0.0 0.0 0.0 0.0 0.0 0.0
65.13012246 57.24043696 1.0 0.0 0.0 0.0 0.0 0.0 0.0 0.0
70.13012246 57.24043696 1.0 0.0 0.0 0.0 0.0 0.0 0.0 0.0
75.13012246 57.24043696 0.0 1.0 0.0 0.0 0.0 0.0 0.0 0.0
80.13012246 62.24043696 1.0 0.0 0.0 0.0 0.0 0.0 0.0 0.0
85.13012246 62.24043696 0.0 1.0 0.0 0.0 0.0 0.0 0.0 0.0
90.13012246 67.24043696 0.0 1.0 0.0 0.0 0.0 0.0 0.0 0.0
