79.93327038 3.40860379 0.0 0.0 0.0 1.0 0.0 0.0 0.0 0.0
74.93327038 8.40860379 0.0 0.0 0.0 1.0 0.0 0.0 0.0 0.0
69.93327038 13.40860379 0.0 0.0 0.0 1.0 0.0 0.0 0.0 0.0
64.93327038 18.40860379 0.0 0.0 0.0 1.0 0.0 0.0 0.0 0.0
59.93327038 23.40860379 0.0 0.0 0.0 1.0 0.0 0.0 0.0 0.0
54.93327038 28.40860379 0.0 0.0 0.0 0.0 1.0 0.0 0.0 0.0
49.93327038 28.40860379 0.0 0.0 0.0 1.0 0.0 0.0 0.0 0.0
44.93327038 33.40860379 0.0 0.0 0.0 0.0 1.0 0.0 0.0 0.0
39.93327038 33.40860379 0.0 0.0 0.0 1.0 0.0 0.0 0.0 0.0
34.93327038 38.40860379 0.0 0.0 0.0 0.0 1.0 0.0 0.0 0.0
29.93327038 38.40860379 0.0 0.0 0.0 1.0 0.0 0.0 0.0 0.0
24.93327038 43.40860379 0.0 0.0 0.0 0.0 1.0 0.0 0.0 0.0
19.93327038 43.40860379 0.0 0.0 0.0 0.0 1.0 0.0 0.0 0.0
14.93327038 43.40860379 0.0 0.0 0.0 1.0 0.0 0.0 0.0 0.0
