47.61841644 17.77661877 0.0 0.0 1.0 0.0 0.0 0.0 0.0 0.0
47.61841644 22.77661877 0.0 0.0 1.0 0.0 0.0 0.0 0.0 0.0
47.61841644 27.77661877 0.0 0.0 1.0 0.0 0.0 0.0 0.0 0.0
47.61841644 32.77661877 0.0 0.0 1.0 0.0 0.0 0.0 0.0 0.0
47.61841644 37.77661877 0.0 1.0 0.0 0.0 0.0 0.0 0.0 0.0
52.61841644 42.77661877 0.0 0.0 1.0 0.0 0.0 0.0 0.0 0.0
52.61841644 47.77661877 0.0 0.0 1.0 0.0 0.0 0.0 0.0 0.0
52.61841644 52.77661877 0.0 0.0 0.0 1.0 0.0 0.0 0.0 0.0
47.61841644 57.77661877 0.0 0.0 0.0 1.0 0.0 0.0 0.0 0.0
42.61841644 62.77661877 0.0 0.0 0.0 1.0 0.0 0.0 0.0 0.0
37.61841644 67.77661877 0.0 0.0 0.0 0.0 1.0 0.0 0.0 0.0
32.61841644 67.77661877 0.0 0.0 0.0 0.0 1.0 0.0 0.0 0.0
27.61841644 67.77661877 0.0 0.0 0.0 0.0 1.0 0.0 0.0 0.0
22.61841644 67.77661877 0.0 0.0 0.0 0.0 1.0 0.0 0.0 0.0
17.61841644 67.77661877 0.0 0.0 0.0 1.0 0.0 0.0 0.0 0.0
12.61841644 72.77661877 0.0 0.0 0.0 1.0 0.0 0.0 0.0 0.0
7.61841644 77.77661877 0.0 0.0 0.0 1.0 0.0 0.0 0.0 0.0
