61.70987667 98.26955497 0.0 0.0 0.0 0.0 0.0 1.0 0.0 0.0
56.70987667 93.26955497 0.0 0.0 0.0 0.0 0.0 1.0 0.0 0.0
51.70987667 88.26955497 0.0 0.0 0.0 0.0 0.0 1.0 0.0 0.0
46.70987667 83.26955497 0.0 0.0 0.0 0.0 0.0 1.0 0.0 0.0
41.70987667 78.26955497 0.0 0.0 0.0 0.0 0.0 1.0 0.0 0.0
36.70987667 73.26955497 0.0 0.0 0.0 0.0 0.0 1.0 0.0 0.0
31.70987667 68.26955497 0.0 0.0 0.0 0.0 1.0 0.0 0.0 0.0
26.70987667 68.26955497 0.0 0.0 0.0 0.0 1.0 0.0 0.0 0.0
21.70987667 68.26955497 0.0 0.0 0.0 0.0 1.0 0.0 0.0 0.0
16.70987667 68.26955497 0.0 0.0 0.0 0.0 0.0 1.0 0.0 0.0
11.70987667 63.26955497 0.0 0.0 0.0 0.0 0.0 1.0 0.0 0.0
6.70987667 58.26955497 0.0 0.0 0.0 0.0 0.0 0.0 1.0 0.0
6.70987667 53.26955497 0.0 0.0 0.0 0.0 0.0 0.0 1.0 0.0
6.70987667 48.26955497 0.0 0.0 0.0 0.0 0.0 0.0 1.0 0.0
6.70987667 43.26955497 0.0 0.0 0.0 0.0 0.0 0.0 0.0 1.0
11.70987667 38.26955497 0.0 0.0 0.0 0.0 0.0 0.0 0.0 1.0
16.70987667 33.26955497 1.0 0.0 0.0 0.0 0.0 0.0 0.0 0.0
21.70987667 33.26955497 0.0 1.0 0.0 0.0 0.0 0.0 0.0 0.0
