15.97561655 96.06072535 0.0 0.0 0.0 0.0 0.0 0.0 0.0 1.0
20.97561655 91.06072535 0.0 0.0 0.0 0.0 0.0 0.0 0.0 1.0
25.97561655 86.06072535 0.0 0.0 0.0 0.0 0.0 0.0 0.0 1.0
30.97561655 81.06072535 0.0 0.0 0.0 0.0 0.0 0.0 0.0 1.0
35.97561655 76.06072535 0.0 0.0 0.0 0.0 0.0 0.0 0.0 1.0
40.97561655 71.06072535 0.0 0.0 0.0 0.0 0.0 0.0 0.0 1.0
45.97561655 66.06072535 0.0 0.0 0.0 0.0 0.0 0.0 1.0 0.0
45.97561655 61.06072535 0.0 0.0 0.0 0.0 0.0 0.0 1.0 0.0
45.97561655 56.06072535 0.0 0.0 0.0 0.0 0.0 0.0 1.0 0.0
45.97561655 51.06072535 0.0 0.0 0.0 0.0 0.0 0.0 1.0 0.0
45.97561655 46.06072535 0.0 0.0 0.0 0.0 0.0 0.0 0.0 1.0
50.97561655 41.06072535 0.0 0.0 0.0 0.0 0.0 0.0 0.0 1.0
55.97561655 36.06072535 0.0 0.0 0.0 0.0 0.0 0.0 0.0 1.0
60.97561655 31.06072535 0.0 0.0 0.0 0.0 0.0 0.0 0.0 1.0
65.97561655 26.06072535 0.0 0.0 0.0 0.0 0.0 0.0 0.0 1.0
70.97561655 21.06072535 0.0 0.0 0.0 0.0 0.0 0.0 0.0 1.0
75.97561655 16.06072535 0.0 0.0 0.0 0.0 0.0 0.0 0.0 1.0
80.97561655 11.06072535 0.0 0.0 0.0 0.0 0.0 0.0 0.0 1.0
