1.29152094 87.68670074 0.0 0.0 0.0 0.0 0.0 0.0 0.0 1.0
6.29152094 82.68670074 1.0 0.0 0.0 0.0 0.0 0.0 0.0 0.0
11.29152094 82.68670074 1.0 0.0 0.0 0.0 0.0 0.0 0.0 0.0
16.29152094 82.68670074 1.0 0.0 0.0 0.0 0.0 0.0 0.0 0.0
21.29152094 82.68670074 1.0 0.0 0.0 0.0 0.0 0.0 0.0 0.0
26.29152094 82.68670074 1.0 0.0 0.0 0.0 0.0 0.0 0.0 0.0
31.29152094 82.68670074 1.0 0.0 0.0 0.0 0.0 0.0 0.0 0.0
36.29152094 82.68670074 1.0 0.0 0.0 0.0 0.0 0.0 0.0 0.0
41.29152094 82.68670074 1.0 0.0 0.0 0.0 0.0 0.0 0.0 0.0
46.29152094 82.68670074 1.0 0.0 0.0 0.0 0.0 0.0 0.0 0.0
51.29152094 82.68670074 1.0 0.0 0.0 0.0 0.0 0.0 0.0 0.0
56.29152094 82.68670074 1.0 0.0 0.0 0.0 0.0 0.0 0.0 0.0
61.29152094 82.68670074 1.0 0.0 0.0 0.0 0.0 0.0 0.0 0.0
66.29152094 82.68670074 0.0 0.0 0.0 0.0 0.0 0.0 0.0 1.0
71.29152094 77.68670074 0.0 0.0 0.0 0.0 0.0 0.0 1.0 0.0
71.29152094 72.68670074 0.0 0.0 0.0 0.0 0.0 0.0 1.0 0.0
71.29152094 67.68670074 0.0 0.0 0.0 0.0 0.0 0.0 1.0 0.0
71.29152094 62.68670074 0.0 0.0 0.0 0.0 0.0 0.0 1.0 0.0
71.29152094 57.68670074 0.0 0.0 0.0 0.0 0.0 0.0 1.0 0.0
71.29152094 52.68670074 0.0 0.0 0.0 0.0 0.0 0.0 1.0 0.0
71.29152094 47.68670074 0.0 0.0 0.0 0.0 0.0 0.0 0.0 1.0
76.29152094 42.68670074 0.0 0.0 0.0 0.0 0.0 0.0 0.0 1.0
81.29152094 37.68670074 0.0 0.0 0.0 0.0 0.0 0.0 0.0 1.0
86.29152094 32.68670074 0.0 0.0 0.0 0.0 0.0 0.0 0.0 1.0
91.29152094 27.68670074 0.0 0.0 0.0 0.0 0.0 0.0 0.0 1.0
96.29152094 22.68670074 0.0 0.0 0.0 0.0 0.0 0.0 1.0 0.0
96.29152094 17.68670074 0.0 0.0 0.0 0.0 0.0 0.0 1.0 0.0
96.29152094 12.68670074 0.0 0.0 0.0 0.0 0.0 1.0 0.0 0.0
91.29152094 7.68670074 0.0 0.0 0.0 0.0 0.0 1.0 0.0 0.0
86.29152094 2.68670074 0.0 0.0 0.0 0.0 1.0 0.0 0.0 0.0
81.29152094 2.68670074 0.0 0.0 0.0 0.0 1.0 0.0 0.0 0.0
76.29152094 2.68670074 0.0 0.0 0.0 0.0 1.0 0.0 0.0 0.0
71.29152094 2.68670074 0.0 0.0 0.0 0.0 1.0 0.0 0.0 0.0
66.29152094 2.68670074 0.0 0.0 0.0 0.0 0.0 1.0 0.0 0.0
