3.54003781 91.22216492 0.0 0.0 0.0 0.0 0.0 0.0 1.0 0.0
3.54003781 86.22216492 0.0 0.0 0.0 0.0 0.0 0.0 1.0 0.0
3.54003781 81.22216492 0.0 0.0 0.0 0.0 0.0 0.0 1.0 0.0
3.54003781 76.22216492 0.0 0.0 0.0 0.0 0.0 0.0 0.0 1.0
8.54003781 71.22216492 0.0 0.0 0.0 0.0 0.0 0.0 0.0 1.0
13.54003781 66.22216492 0.0 0.0 0.0 0.0 0.0 0.0 0.0 1.0
18.54003781 61.22216492 0.0 0.0 0.0 0.0 0.0 0.0 0.0 1.0
23.54003781 56.22216492 1.0 0.0 0.0 0.0 0.0 0.0 0.0 0.0
28.54003781 56.22216492 1.0 0.0 0.0 0.0 0.0 0.0 0.0 0.0
33.54003781 56.22216492 1.0 0.0 0.0 0.0 0.0 0.0 0.0 0.0
38.54003781 56.22216492 1.0 0.0 0.0 0.0 0.0 0.0 0.0 0.0
43.54003781 56.22216492 1.0 0.0 0.0 0.0 0.0 0.0 0.0 0.0
48.54003781 56.22216492 1.0 0.0 0.0 0.0 0.0 0.0 0.0 0.0
53.54003781 56.22216492 0.0 0.0 0.0 0.0 0.0 0.0 0.0 1.0
58.54003781 51.22216492 1.0 0.0 0.0 0.0 0.0 0.0 0.0 0.0
63.54003781 51.22216492 0.0 0.0 0.0 0.0 0.0 0.0 0.0 1.0
68.54003781 46.22216492 0.0 0.0 0.0 0.0 0.0 0.0 1.0 0.0
68.54003781 41.22216492 0.0 0.0 0.0 0.0 0.0 0.0 1.0 0.0
68.54003781 36.22216492 0.0 0.0 0.0 0.0 0.0 0.0 0.0 1.0
73.54003781 31.22216492 0.0 0.0 0.0 0.0 0.0 0.0 1.0 0.0
73.54003781 26.22216492 0.0 0.0 0.0 0.0 0.0 0.0 0.0 1.0
78.54003781 21.22216492 0.0 0.0 0.0 0.0 0.0 0.0 0.0 1.0
