40.21369859 84.3682337 0.0 0.0 0.0 0.0 0.0 0.0 1.0 0.0
40.21369859 79.3682337 0.0 0.0 0.0 0.0 0.0 0.0 1.0 0.0
40.21369859 74.3682337 0.0 0.0 0.0 0.0 0.0 0.0 1.0 0.0
40.21369859 69.3682337 0.0 0.0 0.0 0.0 0.0 0.0 1.0 0.0
40.21369859 64.3682337 0.0 0.0 0.0 0.0 0.0 0.0 1.0 0.0
40.21369859 59.3682337 0.0 0.0 0.0 0.0 0.0 0.0 1.0 0.0
40.21369859 54.3682337 0.0 0.0 0.0 0.0 0.0 0.0 1.0 0.0
40.21369859 49.3682337 0.0 0.0 0.0 0.0 0.0 1.0 0.0 0.0
35.21369859 44.3682337 0.0 0.0 0.0 0.0 0.0 0.0 1.0 0.0
35.21369859 39.3682337 0.0 0.0 0.0 0.0 0.0 1.0 0.0 0.0
30.21369859 34.3682337 0.0 0.0 0.0 0.0 0.0 0.0 1.0 0.0
30.21369859 29.3682337 0.0 0.0 0.0 0.0 0.0 0.0 0.0 1.0
35.21369859 24.3682337 0.0 0.0 0.0 0.0 0.0 0.0 1.0 0.0
35.21369859 19.3682337 1.0 0.0 0.0 0.0 0.0 0.0 0.0 0.0
40.21369859 19.3682337 0.0 0.0 0.0 0.0 0.0 0.0 0.0 1.0
45.21369859 14.3682337 1.0 0.0 0.0 0.0 0.0 0.0 0.0 0.0
50.21369859 14.3682337 0.0 0.0 0.0 0.0 0.0 0.0 0.0 1.0
55.21369859 9.3682337 0.0 1.0 0.0 0.0 0.0 0.0 0.0 0.0
