73.14425566 43.89468829 0.0 0.0 0.0 0.0 1.0 0.0 0.0 0.0
68.14425566 43.89468829 0.0 0.0 0.0 0.0 1.0 0.0 0.0 0.0
63.14425566 43.89468829 0.0 0.0 0.0 0.0 1.0 0.0 0.0 0.0
58.14425566 43.89468829 0.0 0.0 0.0 0.0 1.0 0.0 0.0 0.0
53.14425566 43.89468829 0.0 0.0 0.0 0.0 1.0 0.0 0.0 0.0
48.14425566 43.89468829 0.0 0.0 0.0 0.0 1.0 0.0 0.0 0.0
43.14425566 43.89468829 0.0 0.0 0.0 0.0 1.0 0.0 0.0 0.0
38.14425566 43.89468829 0.0 0.0 0.0 0.0 1.0 0.0 0.0 0.0
33.14425566 43.89468829 0.0 0.0 0.0 1.0 0.0 0.0 0.0 0.0
28.14425566 48.89468829 0.0 0.0 0.0 0.0 1.0 0.0 0.0 0.0
23.14425566 48.89468829 0.0 0.0 0.0 0.0 1.0 0.0 0.0 0.0
18.14425566 48.89468829 0.0 0.0 0.0 0.0 0.0 1.0 0.0 0.0
13.14425566 43.89468829 0.0 0.0 0.0 0.0 0.0 1.0 0.0 0.0
8.14425566 38.89468829 0.0 0.0 0.0 0.0 1.0 0.0 0.0 0.0
3.14425566 38.89468829 0.0 0.0 0.0 0.0 0.0 1.0 0.0 0.0
