8.92919666 95.30134345 0.0 0.0 0.0 0.0 0.0 0.0 0.0 1.0
13.92919666 90.30134345 0.0 0.0 0.0 0.0 0.0 0.0 0.0 1.0
18.92919666 85.30134345 0.0 0.0 0.0 0.0 0.0 0.0 0.0 1.0
23.92919666 80.30134345 0.0 0.0 0.0 0.0 0.0 0.0 0.0 1.0
28.92919666 75.30134345 0.0 0.0 0.0 0.0 0.0 0.0 0.0 1.0
33.92919666 70.30134345 0.0 0.0 0.0 0.0 0.0 0.0 0.0 1.0
38.92919666 65.30134345 0.0 0.0 0.0 0.0 0.0 0.0 0.0 1.0
43.92919666 60.30134345 0.0 0.0 0.0 0.0 0.0 0.0 0.0 1.0
48.92919666 55.30134345 0.0 0.0 0.0 0.0 0.0 0.0 0.0 1.0
53.92919666 50.30134345 0.0 0.0 0.0 0.0 0.0 0.0 0.0 1.0
58.92919666 45.30134345 0.0 0.0 0.0 0.0 0.0 0.0 0.0 1.0
63.92919666 40.30134345 0.0 0.0 0.0 0.0 0.0 0.0 1.0 0.0
63.92919666 35.30134345 0.0 0.0 0.0 0.0 0.0 0.0 1.0 0.0
63.92919666 30.30134345 0.0 0.0 0.0 0.0 0.0 0.0 1.0 0.0
63.92919666 25.30134345 0.0 0.0 0.0 0.0 0.0 0.0 1.0 0.0
63.92919666 20.30134345 0.0 0.0 0.0 0.0 0.0 0.0 0.0 1.0
68.92919666 15.30134345 0.0 0.0 0.0 0.0 0.0 0.0 0.0 1.0
73.92919666 10.30134345 0.0 0.0 0.0 0.0 0.0 0.0 0.0 1.0
78.92919666 5.30134345 1.0 0.0 0.0 0.0 0.0 0.0 0.0 0.0
83.92919666 5.30134345 1.0 0.0 0.0 0.0 0.0 0.0 0.0 0.0
88.92919666 5.30134345 0.0 0.0 0.0 0.0 0.0 0.0 0.0 1.0
