31.77964731 86.91530981 0.0 0.0 0.0 0.0 0.0 0.0 1.0 0.0
31.77964731 81.91530981 0.0 0.0 0.0 0.0 0.0 1.0 0.0 0.0
26.77964731 76.91530981 0.0 0.0 0.0 0.0 0.0 0.0 1.0 0.0
26.77964731 71.91530981 0.0 0.0 0.0 0.0 0.0 0.0 1.0 0.0
26.77964731 66.91530981 0.0 0.0 0.0 0.0 0.0 0.0 1.0 0.0
26.77964731 61.91530981 0.0 0.0 0.0 0.0 0.0 0.0 0.0 1.0
31.77964731 56.91530981 0.0 0.0 0.0 0.0 0.0 0.0 0.0 1.0
36.77964731 51.91530981 0.0 0.0 0.0 0.0 0.0 0.0 0.0 1.0
41.77964731 46.91530981 0.0 0.0 0.0 0.0 0.0 0.0 0.0 1.0
46.77964731 41.91530981 0.0 0.0 0.0 0.0 0.0 0.0 0.0 1.0
51.77964731 36.91530981 0.0 0.0 0.0 0.0 0.0 0.0 0.0 1.0
56.77964731 31.91530981 0.0 0.0 0.0 0.0 0.0 0.0 0.0 1.0
61.77964731 26.91530981 1.0 0.0 0.0 0.0 0.0 0.0 0.0 0.0
66.77964731 26.91530981 1.0 0.0 0.0 0.0 0.0 0.0 0.0 0.0
71.77964731 26.91530981 0.0 0.0 0.0 0.0 0.0 0.0 0.0 1.0
76.77964731 21.91530981 0.0 0.0 0.0 0.0 0.0 0.0 0.0 1.0
81.77964731 16.91530981 0.0 0.0 0.0 0.0 0.0 0.0 0.0 1.0
86.77964731 11.91530981 0.0 0.0 0.0 0.0 0.0 0.0 0.0 1.0
