71.18711289 58.39656184 1.0 0.0 0.0 0.0 0.0 0.0 0.0 0.0
76.18711289 58.39656184 0.0 0.0 1.0 0.0 0.0 0.0 0.0 0.0
76.18711289 63.39656184 0.0 1.0 0.0 0.0 0.0 0.0 0.0 0.0
81.18711289 68.39656184 0.0 0.0 1.0 0.0 0.0 0.0 0.0 0.0
81.18711289 73.39656184 0.0 0.0 1.0 0.0 0.0 0.0 0.0 0.0
81.18711289 78.39656184 0.0 0.0 0.0 1.0 0.0 0.0 0.0 0.0
76.18711289 83.39656184 0.0 0.0 0.0 0.0 1.0 0.0 0.0 0.0
71.18711289 83.39656184 0.0 0.0 0.0 1.0 0.0 0.0 0.0 0.0
66.18711289 88.39656184 0.0 0.0 0.0 0.0 1.0 0.0 0.0 0.0
61.18711289 88.39656184 0.0 0.0 0.0 0.0 1.0 0.0 0.0 0.0
56.18711289 88.39656184 0.0 0.0 0.0 0.0 1.0 0.0 0.0 0.0
51.18711289 88.39656184 0.0 0.0 0.0 0.0 1.0 0.0 0.0 0.0
46.18711289 88.39656184 0.0 0.0 0.0 0.0 0.0 1.0 0.0 0.0
41.18711289 83.39656184 0.0 0.0 0.0 0.0 1.0 0.0 0.0 0.0
36.18711289 83.39656184 0.0 0.0 0.0 0.0 1.0 0.0 0.0 0.0
31.18711289 83.39656184 0.0 0.0 0.0 0.0 0.0 1.0 0.0 0.0
26.18711289 78.39656184 0.0 0.0 0.0 0.0 1.0 0.0 0.0 0.0
21.18711289 78.39656184 0.0 0.0 0.0 0.0 0.0 1.0 0.0 0.0
16.18711289 73.39656184 0.0 0.0 0.0 0.0 0.0 1.0 0.0 0.0
11.18711289 68.39656184 0.0 0.0 0.0 1.0 0.0 0.0 0.0 0.0
