22.4755711 4.43985174 0.0 0.0 1.0 0.0 0.0 0.0 0.0 0.0
22.4755711 9.43985174 0.0 0.0 1.0 0.0 0.0 0.0 0.0 0.0
22.4755711 14.43985174 0.0 0.0 1.0 0.0 0.0 0.0 0.0 0.0
22.4755711 19.43985174 0.0 0.0 1.0 0.0 0.0 0.0 0.0 0.0
22.4755711 24.43985174 0.0 0.0 1.0 0.0 0.0 0.0 0.0 0.0
22.4755711 29.43985174 0.0 0.0 1.0 0.0 0.0 0.0 0.0 0.0
22.4755711 34.43985174 0.0 0.0 1.0 0.0 0.0 0.0 0.0 0.0
22.4755711 39.43985174 0.0 1.0 0.0 0.0 0.0 0.0 0.0 0.0
27.4755711 44.43985174 0.0 0.0 1.0 0.0 0.0 0.0 0.0 0.0
27.4755711 49.43985174 0.0 0.0 1.0 0.0 0.0 0.0 0.0 0.0
27.4755711 54.43985174 0.0 0.0 0.0 1.0 0.0 0.0 0.0 0.0
22.4755711 59.43985174 0.0 0.0 1.0 0.0 0.0 0.0 0.0 0.0
22.4755711 64.43985174 0.0 0.0 1.0 0.0 0.0 0.0 0.0 0.0
22.4755711 69.43985174 0.0 0.0 0.0 1.0 0.0 0.0 0.0 0.0
17.4755711 74.43985174 0.0 0.0 1.0 0.0 0.0 0.0 0.0 0.0
17.4755711 79.43985174 0.0 0.0 0.0 1.0 0.0 0.0 0.0 0.0
12.4755711 84.43985174 0.0 0.0 1.0 0.0 0.0 0.0 0.0 0.0
12.4755711 89.43985174 0.0 0.0 0.0 1.0 0.0 0.0 0.0 0.0
