99.79901058 20.9379193 0.0 0.0 1.0 0.0 0.0 0.0 0.0 0.0
99.79901058 25.9379193 0.0 0.0 0.0 1.0 0.0 0.0 0.0 0.0
94.79901058 30.9379193 0.0 0.0 0.0 1.0 0.0 0.0 0.0 0.0
89.79901058 35.9379193 0.0 0.0 0.0 1.0 0.0 0.0 0.0 0.0
84.79901058 40.9379193 0.0 0.0 0.0 1.0 0.0 0.0 0.0 0.0
79.79901058 45.9379193 0.0 0.0 0.0 1.0 0.0 0.0 0.0 0.0
74.79901058 50.9379193 0.0 0.0 0.0 1.0 0.0 0.0 0.0 0.0
69.79901058 55.9379193 0.0 0.0 0.0 1.0 0.0 0.0 0.0 0.0
64.79901058 60.9379193 0.0 0.0 0.0 1.0 0.0 0.0 0.0 0.0
59.79901058 65.9379193 0.0 0.0 0.0 1.0 0.0 0.0 0.0 0.0
54.79901058 70.9379193 0.0 0.0 0.0 0.0 1.0 0.0 0.0 0.0
49.79901058 70.9379193 0.0 0.0 0.0 1.0 0.0 0.0 0.0 0.0
44.79901058 75.9379193 0.0 0.0 0.0 0.0 1.0 0.0 0.0 0.0
39.79901058 75.9379193 0.0 0.0 0.0 0.0 1.0 0.0 0.0 0.0
34.79901058 75.9379193 0.0 0.0 0.0 0.0 1.0 0.0 0.0 0.0
29.79901058 75.9379193 0.0 0.0 0.0 0.0 1.0 0.0 0.0 0.0
24.79901058 75.9379193 0.0 0.0 0.0 1.0 0.0 0.0 0.0 0.0
19.79901058 80.9379193 0.0 0.0 0.0 1.0 0.0 0.0 0.0 0.0
14.79901058 85.9379193 0.0 0.0 0.0 1.0 0.0 0.0 0.0 0.0
9.79901058 90.9379193 0.0 0.0 0.0 1.0 0.0 0.0 0.0 0.0
