9.34473831 11.49510872 0.0 1.0 0.0 0.0 0.0 0.0 0.0 0.0
14.34473831 16.49510872 0.0 1.0 0.0 0.0 0.0 0.0 0.0 0.0
19.34473831 21.49510872 0.0 1.0 0.0 0.0 0.0 0.0 0.0 0.0
24.34473831 26.49510872 0.0 1.0 0.0 0.0 0.0 0.0 0.0 0.0
29.34473831 31.49510872 0.0 0.0 1.0 0.0 0.0 0.0 0.0 0.0
29.34473831 36.49510872 0.0 0.0 1.0 0.0 0.0 0.0 0.0 0.0
29.34473831 41.49510872 0.0 0.0 1.0 0.0 0.0 0.0 0.0 0.0
29.34473831 46.49510872 0.0 1.0 0.0 0.0 0.0 0.0 0.0 0.0
34.34473831 51.49510872 0.0 1.0 0.0 0.0 0.0 0.0 0.0 0.0
39.34473831 56.49510872 0.0 1.0 0.0 0.0 0.0 0.0 0.0 0.0
44.34473831 61.49510872 1.0 0.0 0.0 0.0 0.0 0.0 0.0 0.0
49.34473831 61.49510872 1.0 0.0 0.0 0.0 0.0 0.0 0.0 0.0
54.34473831 61.49510872 1.0 0.0 0.0 0.0 0.0 0.0 0.0 0.0
59.34473831 61.49510872 1.0 0.0 0.0 0.0 0.0 0.0 0.0 0.0
64.34473831 61.49510872 1.0 0.0 0.0 0.0 0.0 0.0 0.0 0.0
69.34473831 61.49510872 0.0 1.0 0.0 0.0 0.0 0.0 0.0 0.0
74.34473831 66.49510872 0.0 1.0 0.0 0.0 0.0 0.0 0.0 0.0
