5.60312243 2.77857408 0.0 0.0 1.0 0.0 0.0 0.0 0.0 0.0
5.60312243 7.77857408 0.0 0.0 1.0 0.0 0.0 0.0 0.0 0.0
5.60312243 12.77857408 0.0 1.0 0.0 0.0 0.0 0.0 0.0 0.0
10.60312243 17.77857408 0.0 1.0 0.0 0.0 0.0 0.0 0.0 0.0
15.60312243 22.77857408 0.0 1.0 0.0 0.0 0.0 0.0 0.0 0.0
20.60312243 27.77857408 0.0 1.0 0.0 0.0 0.0 0.0 0.0 0.0
25.60312243 32.77857408 0.0 0.0 1.0 0.0 0.0 0.0 0.0 0.0
25.60312243 37.77857408 0.0 0.0 1.0 0.0 0.0 0.0 0.0 0.0
25.60312243 42.77857408 0.0 0.0 1.0 0.0 0.0 0.0 0.0 0.0
25.60312243 47.77857408 0.0 0.0 1.0 0.0 0.0 0.0 0.0 0.0
25.60312243 52.77857408 0.0 0.0 1.0 0.0 0.0 0.0 0.0 0.0
25.60312243 57.77857408 0.0 0.0 1.0 0.0 0.0 0.0 0.0 0.0
25.60312243 62.77857408 0.0 0.0 0.0 1.0 0.0 0.0 0.0 0.0
20.60312243 67.77857408 0.0 0.0 0.0 1.0 0.0 0.0 0.0 0.0
15.60312243 72.77857408 0.0 0.0 0.0 1.0 0.0 0.0 0.0 0.0
10.60312243 77.77857408 0.0 0.0 0.0 1.0 0.0 0.0 0.0 0.0
5.60312243 82.77857408 0.0 0.0 1.0 0.0 0.0 0.0 0.0 0.0
5.60312243 87.77857408 0.0 1.0 0.0 0.0 0.0 0.0 0.0 0.0
