92.68059646 75.70276548 0.0 0.0 0.0 0.0 1.0 0.0 0.0 0.0
87.68059646 75.70276548 0.0 0.0 0.0 0.0 1.0 0.0 0.0 0.0
82.68059646 75.70276548 0.0 0.0 0.0 0.0 1.0 0.0 0.0 0.0
77.68059646 75.70276548 0.0 0.0 0.0 0.0 1.0 0.0 0.0 0.0
72.68059646 75.70276548 0.0 0.0 0.0 0.0 1.0 0.0 0.0 0.0
67.68059646 75.70276548 0.0 0.0 0.0 0.0 1.0 0.0 0.0 0.0
62.68059646 75.70276548 0.0 0.0 0.0 0.0 1.0 0.0 0.0 0.0
57.68059646 75.70276548 0.0 0.0 0.0 0.0 1.0 0.0 0.0 0.0
52.68059646 75.70276548 0.0 0.0 0.0 1.0 0.0 0.0 0.0 0.0
47.68059646 80.70276548 0.0 0.0 0.0 1.0 0.0 0.0 0.0 0.0
42.68059646 85.70276548 0.0 0.0 0.0 1.0 0.0 0.0 0.0 0.0
37.68059646 90.70276548 0.0 0.0 0.0 1.0 0.0 0.0 0.0 0.0
32.68059646 95.70276548 0.0 0.0 0.0 0.0 1.0 0.0 0.0 0.0
27.68059646 95.70276548 0.0 0.0 0.0 0.0 1.0 0.0 0.0 0.0
22.68059646 95.70276548 0.0 0.0 0.0 0.0 1.0 0.0 0.0 0.0
17.68059646 95.70276548 0.0 0.0 0.0 0.0 0.0 1.0 0.0 0.0
12.68059646 90.70276548 0.0 0.0 0.0 0.0 1.0 0.0 0.0 0.0
7.68059646 90.70276548 0.0 0.0 0.0 0.0 0.0 1.0 0.0 0.0
