99.08260591 99.05749368 0.0 0.0 0.0 0.0 0.0 1.0 0.0 0.0
94.08260591 94.05749368 0.0 0.0 0.0 0.0 0.0 1.0 0.0 0.0
89.08260591 89.05749368 0.0 0.0 0.0 0.0 0.0 1.0 0.0 0.0
84.08260591 84.05749368 0.0 0.0 0.0 0.0 0.0 1.0 0.0 0.0
79.08260591 79.05749368 0.0 0.0 0.0 0.0 0.0 1.0 0.0 0.0
74.08260591 74.05749368 0.0 0.0 0.0 0.0 0.0 1.0 0.0 0.0
69.08260591 69.05749368 0.0 0.0 0.0 0.0 0.0 1.0 0.0 0.0
64.08260591 64.05749368 0.0 0.0 0.0 0.0 0.0 0.0 1.0 0.0
64.08260591 59.05749368 0.0 0.0 0.0 0.0 0.0 1.0 0.0 0.0
59.08260591 54.05749368 0.0 0.0 0.0 0.0 0.0 0.0 1.0 0.0
59.08260591 49.05749368 0.0 0.0 0.0 0.0 0.0 0.0 1.0 0.0
59.08260591 44.05749368 0.0 0.0 0.0 0.0 0.0 0.0 1.0 0.0
59.08260591 39.05749368 0.0 0.0 0.0 0.0 0.0 1.0 0.0 0.0
54.08260591 34.05749368 0.0 0.0 0.0 0.0 0.0 1.0 0.0 0.0
49.08260591 29.05749368 0.0 0.0 0.0 0.0 0.0 1.0 0.0 0.0
44.08260591 24.05749368 0.0 0.0 0.0 0.0 0.0 1.0 0.0 0.0
39.08260591 19.05749368 0.0 0.0 0.0 0.0 0.0 1.0 0.0 0.0
34.08260591 14.05749368 0.0 0.0 0.0 0.0 0.0 1.0 0.0 0.0
29.08260591 9.05749368 0.0 0.0 0.0 0.0 1.0 0.0 0.0 0.0
24.08260591 9.05749368 0.0 0.0 0.0 0.0 0.0 1.0 0.0 0.0
19.08260591 4.05749368 0.0 0.0 0.0 0.0 1.0 0.0 0.0 0.0
14.08260591 4.05749368 0.0 0.0 0.0 0.0 0.0 1.0 0.0 0.0
