83.19136914 83.02317401 0.0 0.0 0.0 0.0 0.0 1.0 0.0 0.0
78.19136914 78.02317401 0.0 0.0 0.0 0.0 0.0 0.0 1.0 0.0
78.19136914 73.02317401 0.0 0.0 0.0 0.0 0.0 0.0 1.0 0.0
78.19136914 68.02317401 0.0 0.0 0.0 0.0 0.0 0.0 1.0 0.0
78.19136914 63.02317401 0.0 0.0 0.0 0.0 0.0 0.0 1.0 0.0
78.19136914 58.02317401 0.0 0.0 0.0 0.0 0.0 0.0 1.0 0.0
78.19136914 53.02317401 0.0 0.0 0.0 0.0 0.0 1.0 0.0 0.0
73.19136914 48.02317401 0.0 0.0 0.0 0.0 0.0 0.0 1.0 0.0
73.19136914 43.02317401 0.0 0.0 0.0 0.0 0.0 1.0 0.0 0.0
68.19136914 38.02317401 0.0 0.0 0.0 0.0 0.0 0.0 1.0 0.0
68.19136914 33.02317401 0.0 0.0 0.0 0.0 0.0 1.0 0.0 0.0
63.19136914 28.02317401 0.0 0.0 0.0 0.0 0.0 1.0 0.0 0.0
58.19136914 23.02317401 0.0 0.0 0.0 0.0 1.0 0.0 0.0 0.0
53.19136914 23.02317401 0.0 0.0 0.0 0.0 0.0 1.0 0.0 0.0
48.19136914 18.02317401 0.0 0.0 0.0 0.0 0.0 1.0 0.0 0.0
