10.86835396 34.34771003 0.0 0.0 0.0 0.0 0.0 0.0 1.0 0.0
10.86835396 29.34771003 0.0 0.0 0.0 0.0 0.0 0.0 1.0 0.0
10.86835396 24.34771003 0.0 0.0 0.0 0.0 0.0 0.0 0.0 1.0
15.86835396 19.34771003 0.0 0.0 0.0 0.0 0.0 0.0 1.0 0.0
15.86835396 14.34771003 0.0 0.0 0.0 0.0 0.0 0.0 0.0 1.0
20.86835396 9.34771003 1.0 0.0 0.0 0.0 0.0 0.0 0.0 0.0
25.86835396 9.34771003 0.0 0.0 0.0 0.0 0.0 0.0 0.0 1.0
30.86835396 4.34771003 0.0 1.0 0.0 0.0 0.0 0.0 0.0 0.0
35.86835396 9.34771003 1.0 0.0 0.0 0.0 0.0 0.0 0.0 0.0
40.86835396 9.34771003 0.0 1.0 0.0 0.0 0.0 0.0 0.0 0.0
45.86835396 14.34771003 0.0 1.0 0.0 0.0 0.0 0.0 0.0 0.0
50.86835396 19.34771003 0.0 1.0 0.0 0.0 0.0 0.0 0.0 0.0
55.86835396 24.34771003 0.0 1.0 0.0 0.0 0.0 0.0 0.0 0.0
60.86835396 29.34771003 0.0 0.0 1.0 0.0 0.0 0.0 0.0 0.0
60.86835396 34.34771003 0.0 1.0 0.0 0.0 0.0 0.0 0.0 0.0
65.86835396 39.34771003 0.0 0.0 1.0 0.0 0.0 0.0 0.0 0.0
65.86835396 44.34771003 0.0 1.0 0.0 0.0 0.0 0.0 0.0 0.0
70.86835396 49.34771003 0.0 0.0 1.0 0.0 0.0 0.0 0.0 0.0
70.86835396 54.34771003 0.0 1.0 0.0 0.0 0.0 0.0 0.0 0.0
75.86835396 59.34771003 0.0 0.0 1.0 0.0 0.0 0.0 0.0 0.0
75.86835396 64.34771003 0.0 1.0 0.0 0.0 0.0 0.0 0.0 0.0
80.86835396 69.34771003 0.0 0.0 1.0 0.0 0.0 0.0 0.0 0.0
80.86835396 74.34771003 0.0 0.0 1.0 0.0 0.0 0.0 0.0 0.0
80.86835396 79.34771003 0.0 1.0 0.0 0.0 0.0 0.0 0.0 0.0
85.86835396 84.34771003 0.0 0.0 1.0 0.0 0.0 0.0 0.0 0.0
85.86835396 89.34771003 0.0 1.0 0.0 0.0 0.0 0.0 0.0 0.0
