96.39215194 79.50414432 0.0 0.0 0.0 0.0 0.0 1.0 0.0 0.0
91.39215194 74.50414432 0.0 0.0 0.0 0.0 0.0 1.0 0.0 0.0
86.39215194 69.50414432 0.0 0.0 0.0 0.0 0.0 1.0 0.0 0.0
81.39215194 64.50414432 0.0 0.0 0.0 0.0 0.0 1.0 0.0 0.0
76.39215194 59.50414432 0.0 0.0 0.0 0.0 0.0 0.0 1.0 0.0
76.39215194 54.50414432 0.0 0.0 0.0 0.0 0.0 0.0 1.0 0.0
76.39215194 49.50414432 0.0 0.0 0.0 0.0 0.0 0.0 1.0 0.0
76.39215194 44.50414432 0.0 0.0 0.0 0.0 0.0 1.0 0.0 0.0
71.39215194 39.50414432 0.0 0.0 0.0 0.0 0.0 1.0 0.0 0.0
66.39215194 34.50414432 0.0 0.0 0.0 0.0 0.0 1.0 0.0 0.0
61.39215194 29.50414432 0.0 0.0 0.0 0.0 1.0 0.0 0.0 0.0
56.39215194 29.50414432 0.0 0.0 0.0 0.0 0.0 1.0 0.0 0.0
51.39215194 24.50414432 0.0 0.0 0.0 0.0 1.0 0.0 0.0 0.0
46.39215194 24.50414432 0.0 0.0 0.0 0.0 0.0 1.0 0.0 0.0
