4.58547976 48.06504866 0.0 0.0 0.0 0.0 0.0 0.0 0.0 1.0
9.58547976 43.06504866 0.0 0.0 0.0 0.0 0.0 0.0 1.0 0.0
9.58547976 38.06504866 0.0 0.0 0.0 0.0 0.0 0.0 1.0 0.0
9.58547976 33.06504866 0.0 0.0 0.0 0.0 0.0 0.0 0.0 1.0
14.58547976 28.06504866 1.0 0.0 0.0 0.0 0.0 0.0 0.0 0.0
19.58547976 28.06504866 0.0 0.0 0.0 0.0 0.0 0.0 0.0 1.0
24.58547976 23.06504866 1.0 0.0 0.0 0.0 0.0 0.0 0.0 0.0
29.58547976 23.06504866 0.0 1.0 0.0 0.0 0.0 0.0 0.0 0.0
34.58547976 28.06504866 0.0 1.0 0.0 0.0 0.0 0.0 0.0 0.0
39.58547976 33.06504866 0.0 1.0 0.0 0.0 0.0 0.0 0.0 0.0
44.58547976 38.06504866 0.0 1.0 0.0 0.0 0.0 0.0 0.0 0.0
49.58547976 43.06504866 0.0 1.0 0.0 0.0 0.0 0.0 0.0 0.0
54.58547976 48.06504866 0.0 1.0 0.0 0.0 0.0 0.0 0.0 0.0
59.58547976 53.06504866 1.0 0.0 0.0 0.0 0.0 0.0 0.0 0.0
64.58547976 53.06504866 1.0 0.0 0.0 0.0 0.0 0.0 0.0 0.0
69.58547976 53.06504866 1.0 0.0 0.0 0.0 0.0 0.0 0.0 0.0
74.58547976 53.06504866 1.0 0.0 0.0 0.0 0.0 0.0 0.0 0.0
79.58547976 53.06504866 1.0 0.0 0.0 0.0 0.0 0.0 0.0 0.0
84.58547976 53.06504866 0.0 1.0 0.0 0.0 0.0 0.0 0.0 0.0
89.58547976 58.06504866 0.0 1.0 0.0 0.0 0.0 0.0 0.0 0.0
94.58547976 63.06504866 0.0 1.0 0.0 0.0 0.0 0.0 0.0 0.0
99.58547976 68.06504866 0.0 0.0 1.0 0.0 0.0 0.0 0.0 0.0
99.58547976 73.06504866 0.0 0.0 1.0 0.0 0.0 0.0 0.0 0.0
99.58547976 78.06504866 0.0 0.0 0.0 1.0 0.0 0.0 0.0 0.0
94.58547976 83.06504866 0.0 0.0 0.0 1.0 0.0 0.0 0.0 0.0
89.58547976 88.06504866 0.0 0.0 0.0 1.0 0.0 0.0 0.0 0.0
84.58547976 93.06504866 0.0 1.0 0.0 0.0 0.0 0.0 0.0 0.0
