26.07536601 99.20747597 0.0 0.0 0.0 0.0 0.0 0.0 0.0 1.0
31.07536601 94.20747597 0.0 0.0 0.0 0.0 0.0 0.0 0.0 1.0
36.07536601 89.20747597 0.0 0.0 0.0 0.0 0.0 0.0 0.0 1.0
41.07536601 84.20747597 0.0 0.0 0.0 0.0 0.0 0.0 1.0 0.0
41.07536601 79.20747597 0.0 0.0 0.0 0.0 0.0 0.0 1.0 0.0
41.07536601 74.20747597 0.0 0.0 0.0 0.0 0.0 0.0 0.0 1.0
46.07536601 69.20747597 0.0 0.0 0.0 0.0 0.0 0.0 0.0 1.0
51.07536601 64.20747597 0.0 0.0 0.0 0.0 0.0 0.0 0.0 1.0
56.07536601 59.20747597 0.0 0.0 0.0 0.0 0.0 0.0 0.0 1.0
61.07536601 54.20747597 0.0 0.0 0.0 0.0 0.0 0.0 0.0 1.0
66.07536601 49.20747597 0.0 0.0 0.0 0.0 0.0 0.0 1.0 0.0
66.07536601 44.20747597 0.0 0.0 0.0 0.0 0.0 0.0 0.0 1.0
71.07536601 39.20747597 0.0 0.0 0.0 0.0 0.0 0.0 1.0 0.0
71.07536601 34.20747597 0.0 0.0 0.0 0.0 0.0 0.0 1.0 0.0
71.07536601 29.20747597 0.0 0.0 0.0 0.0 0.0 0.0 1.0 0.0
71.07536601 24.20747597 0.0 0.0 0.0 0.0 0.0 0.0 1.0 0.0
71.07536601 19.20747597 0.0 0.0 0.0 0.0 0.0 0.0 0.0 1.0
76.07536601 14.20747597 0.0 0.0 0.0 0.0 0.0 0.0 0.0 1.0
81.07536601 9.20747597 0.0 0.0 0.0 0.0 0.0 0.0 0.0 1.0
86.07536601 4.20747597 0.0 0.0 0.0 0.0 0.0 0.0 0.0 1.0
