4.12636777 32.36846055 1.0 0.0 0.0 0.0 0.0 0.0 0.0 0.0
9.12636777 32.36846055 1.0 0.0 0.0 0.0 0.0 0.0 0.0 0.0
14.12636777 32.36846055 1.0 0.0 0.0 0.0 0.0 0.0 0.0 0.0
19.12636777 32.36846055 0.0 1.0 0.0 0.0 0.0 0.0 0.0 0.0
24.12636777 37.36846055 0.0 1.0 0.0 0.0 0.0 0.0 0.0 0.0
29.12636777 42.36846055 0.0 1.0 0.0 0.0 0.0 0.0 0.0 0.0
34.12636777 47.36846055 0.0 1.0 0.0 0.0 0.0 0.0 0.0 0.0
39.12636777 52.36846055 1.0 0.0 0.0 0.0 0.0 0.0 0.0 0.0
44.12636777 52.36846055 1.0 0.0 0.0 0.0 0.0 0.0 0.0 0.0
49.12636777 52.36846055 1.0 0.0 0.0 0.0 0.0 0.0 0.0 0.0
54.12636777 52.36846055 1.0 0.0 0.0 0.0 0.0 0.0 0.0 0.0
59.12636777 52.36846055 1.0 0.0 0.0 0.0 0.0 0.0 0.0 0.0
64.12636777 52.36846055 1.0 0.0 0.0 0.0 0.0 0.0 0.0 0.0
69.12636777 52.36846055 1.0 0.0 0.0 0.0 0.0 0.0 0.0 0.0
74.12636777 52.36846055 0.0 0.0 0.0 0.0 0.0 0.0 0.0 1.0
79.12636777 47.36846055 1.0 0.0 0.0 0.0 0.0 0.0 0.0 0.0
84.12636777 47.36846055 0.0 0.0 0.0 0.0 0.0 0.0 0.0 1.0
89.12636777 42.36846055 1.0 0.0 0.0 0.0 0.0 0.0 0.0 0.0
94.12636777 42.36846055 0.0 0.0 0.0 0.0 0.0 0.0 0.0 1.0
