54.46374605 6.31087376 0.0 0.0 1.0 0.0 0.0 0.0 0.0 0.0
54.46374605 11.31087376 0.0 0.0 1.0 0.0 0.0 0.0 0.0 0.0
54.46374605 16.31087376 0.0 0.0 1.0 0.0 0.0 0.0 0.0 0.0
54.46374605 21.31087376 0.0 0.0 1.0 0.0 0.0 0.0 0.0 0.0
54.46374605 26.31087376 0.0 0.0 1.0 0.0 0.0 0.0 0.0 0.0
54.46374605 31.31087376 0.0 0.0 1.0 0.0 0.0 0.0 0.0 0.0
54.46374605 36.31087376 0.0 0.0 1.0 0.0 0.0 0.0 0.0 0.0
54.46374605 41.31087376 0.0 0.0 0.0 1.0 0.0 0.0 0.0 0.0
49.46374605 46.31087376 0.0 0.0 1.0 0.0 0.0 0.0 0.0 0.0
49.46374605 51.31087376 0.0 0.0 0.0 1.0 0.0 0.0 0.0 0.0
44.46374605 56.31087376 0.0 0.0 0.0 1.0 0.0 0.0 0.0 0.0
39.46374605 61.31087376 0.0 0.0 0.0 1.0 0.0 0.0 0.0 0.0
34.46374605 66.31087376 0.0 0.0 1.0 0.0 0.0 0.0 0.0 0.0
34.46374605 71.31087376 0.0 0.0 1.0 0.0 0.0 0.0 0.0 0.0
34.46374605 76.31087376 0.0 0.0 1.0 0.0 0.0 0.0 0.0 0.0
34.46374605 81.31087376 0.0 1.0 0.0 0.0 0.0 0.0 0.0 0.0
39.46374605 86.31087376 0.0 1.0 0.0 0.0 0.0 0.0 0.0 0.0
44.46374605 91.31087376 1.0 0.0 0.0 0.0 0.0 0.0 0.0 0.0
49.46374605 91.31087376 0.0 1.0 0.0 0.0 0.0 0.0 0.0 0.0
54.46374605 96.31087376 0.0 0.0 0.0 0.0 0.0 0.0 0.0 1.0
