97.86137873 26.90647227 0.0 0.0 0.0 0.0 1.0 0.0 0.0 0.0
92.86137873 26.90647227 0.0 0.0 0.0 0.0 1.0 0.0 0.0 0.0
87.86137873 26.90647227 0.0 0.0 0.0 0.0 1.0 0.0 0.0 0.0
82.86137873 26.90647227 0.0 0.0 0.0 1.0 0.0 0.0 0.0 0.0
77.86137873 31.90647227 0.0 0.0 0.0 1.0 0.0 0.0 0.0 0.0
72.86137873 36.90647227 0.0 0.0 0.0 1.0 0.0 0.0 0.0 0.0
67.86137873 41.90647227 0.0 0.0 0.0 1.0 0.0 0.0 0.0 0.0
62.86137873 46.90647227 0.0 0.0 0.0 0.0 1.0 0.0 0.0 0.0
57.86137873 46.90647227 0.0 0.0 0.0 0.0 1.0 0.0 0.0 0.0
52.86137873 46.90647227 0.0 0.0 0.0 0.0 0.0 1.0 0.0 0.0
47.86137873 41.90647227 0.0 0.0 0.0 0.0 0.0 1.0 0.0 0.0
42.86137873 36.90647227 0.0 0.0 0.0 0.0 1.0 0.0 0.0 0.0
37.86137873 36.90647227 0.0 0.0 0.0 0.0 0.0 1.0 0.0 0.0
32.86137873 31.90647227 0.0 0.0 0.0 0.0 1.0 0.0 0.0 0.0
27.86137873 31.90647227 0.0 0.0 0.0 0.0 1.0 0.0 0.0 0.0
22.86137873 31.90647227 0.0 0.0 0.0 1.0 0.0 0.0 0.0 0.0
17.86137873 36.90647227 0.0 0.0 0.0 0.0 1.0 0.0 0.0 0.0
12.86137873 36.90647227 0.0 0.0 0.0 0.0 0.0 1.0 0.0 0.0
7.86137873 31.90647227 0.0 0.0 0.0 0.0 1.0 0.0 0.0 0.0
2.86137873 31.90647227 0.0 0.0 0.0 0.0 0.0 1.0 0.0 0.0
