99.42710735 72.78620832 0.0 0.0 0.0 0.0 0.0 1.0 0.0 0.0
94.42710735 67.78620832 0.0 0.0 0.0 0.0 1.0 0.0 0.0 0.0
89.42710735 67.78620832 0.0 0.0 0.0 0.0 1.0 0.0 0.0 0.0
84.42710735 67.78620832 0.0 0.0 0.0 0.0 1.0 0.0 0.0 0.0
79.42710735 67.78620832 0.0 0.0 0.0 0.0 1.0 0.0 0.0 0.0
74.42710735 67.78620832 0.0 0.0 0.0 0.0 0.0 1.0 0.0 0.0
69.42710735 62.78620832 0.0 0.0 0.0 0.0 0.0 1.0 0.0 0.0
64.42710735 57.78620832 0.0 0.0 0.0 0.0 0.0 1.0 0.0 0.0
59.42710735 52.78620832 0.0 0.0 0.0 0.0 0.0 1.0 0.0 0.0
54.42710735 47.78620832 0.0 0.0 0.0 0.0 0.0 1.0 0.0 0.0
49.42710735 42.78620832 0.0 0.0 0.0 0.0 1.0 0.0 0.0 0.0
44.42710735 42.78620832 0.0 0.0 0.0 0.0 1.0 0.0 0.0 0.0
39.42710735 42.78620832 0.0 0.0 0.0 0.0 1.0 0.0 0.0 0.0
34.42710735 42.78620832 0.0 0.0 0.0 0.0 1.0 0.0 0.0 0.0
29.42710735 42.78620832 0.0 0.0 0.0 0.0 0.0 1.0 0.0 0.0
24.42710735 37.78620832 0.0 0.0 0.0 0.0 0.0 1.0 0.0 0.0
19.42710735 32.78620832 0.0 0.0 0.0 0.0 0.0 0.0 1.0 0.0
19.42710735 27.78620832 0.0 0.0 0.0 0.0 0.0 1.0 0.0 0.0
14.42710735 22.78620832 0.0 0.0 0.0 0.0 0.0 1.0 0.0 0.0
9.42710735 17.78620832 0.0 0.0 0.0 0.0 0.0 0.0 1.0 0.0
9.42710735 12.78620832 0.0 0.0 0.0 0.0 0.0 1.0 0.0 0.0
4.42710735 7.78620832 0.0 0.0 0.0 0.0 0.0 0.0 0.0 1.0
