92.5530618 75.11068637 0.0 0.0 0.0 0.0 1.0 0.0 0.0 0.0
87.5530618 75.11068637 0.0 0.0 0.0 0.0 1.0 0.0 0.0 0.0
82.5530618 75.11068637 0.0 0.0 0.0 0.0 1.0 0.0 0.0 0.0
77.5530618 75.11068637 0.0 0.0 0.0 0.0 0.0 1.0 0.0 0.0
72.5530618 70.11068637 0.0 0.0 0.0 0.0 0.0 1.0 0.0 0.0
67.5530618 65.11068637 0.0 0.0 0.0 0.0 0.0 1.0 0.0 0.0
62.5530618 60.11068637 0.0 0.0 0.0 0.0 0.0 1.0 0.0 0.0
57.5530618 55.11068637 0.0 0.0 0.0 0.0 0.0 1.0 0.0 0.0
52.5530618 50.11068637 0.0 0.0 0.0 0.0 0.0 1.0 0.0 0.0
47.5530618 45.11068637 0.0 0.0 0.0 0.0 1.0 0.0 0.0 0.0
42.5530618 45.11068637 0.0 0.0 0.0 0.0 1.0 0.0 0.0 0.0
37.5530618 45.11068637 0.0 0.0 0.0 1.0 0.0 0.0 0.0 0.0
32.5530618 50.11068637 0.0 0.0 0.0 1.0 0.0 0.0 0.0 0.0
27.5530618 55.11068637 0.0 0.0 0.0 0.0 1.0 0.0 0.0 0.0
22.5530618 55.11068637 0.0 0.0 0.0 1.0 0.0 0.0 0.0 0.0
17.5530618 60.11068637 0.0 0.0 0.0 0.0 1.0 0.0 0.0 0.0
12.5530618 60.11068637 0.0 0.0 0.0 1.0 0.0 0.0 0.0 0.0
