5.4119716 21.49760738 1.0 0.0 0.0 0.0 0.0 0.0 0.0 0.0
10.4119716 21.49760738 0.0 1.0 0.0 0.0 0.0 0.0 0.0 0.0
15.4119716 26.49760738 0.0 1.0 0.0 0.0 0.0 0.0 0.0 0.0
20.4119716 31.49760738 1.0 0.0 0.0 0.0 0.0 0.0 0.0 0.0
25.4119716 31.49760738 1.0 0.0 0.0 0.0 0.0 0.0 0.0 0.0
30.4119716 31.49760738 1.0 0.0 0.0 0.0 0.0 0.0 0.0 0.0
35.4119716 31.49760738 1.0 0.0 0.0 0.0 0.0 0.0 0.0 0.0
40.4119716 31.49760738 1.0 0.0 0.0 0.0 0.0 0.0 0.0 0.0
45.4119716 31.49760738 1.0 0.0 0.0 0.0 0.0 0.0 0.0 0.0
50.4119716 31.49760738 0.0 1.0 0.0 0.0 0.0 0.0 0.0 0.0
55.4119716 36.49760738 1.0 0.0 0.0 0.0 0.0 0.0 0.0 0.0
60.4119716 36.49760738 0.0 1.0 0.0 0.0 0.0 0.0 0.0 0.0
65.4119716 41.49760738 1.0 0.0 0.0 0.0 0.0 0.0 0.0 0.0
70.4119716 41.49760738 0.0 1.0 0.0 0.0 0.0 0.0 0.0 0.0
75.4119716 46.49760738 1.0 0.0 0.0 0.0 0.0 0.0 0.0 0.0
80.4119716 46.49760738 0.0 1.0 0.0 0.0 0.0 0.0 0.0 0.0
85.4119716 51.49760738 1.0 0.0 0.0 0.0 0.0 0.0 0.0 0.0
90.4119716 51.49760738 1.0 0.0 0.0 0.0 0.0 0.0 0.0 0.0
95.4119716 51.49760738 0.0 1.0 0.0 0.0 0.0 0.0 0.0 0.0
