89.00446565 26.66399378 0.0 0.0 0.0 0.0 1.0 0.0 0.0 0.0
84.00446565 26.66399378 0.0 0.0 0.0 0.0 1.0 0.0 0.0 0.0
79.00446565 26.66399378 0.0 0.0 0.0 0.0 1.0 0.0 0.0 0.0
74.00446565 26.66399378 0.0 0.0 0.0 0.0 1.0 0.0 0.0 0.0
69.00446565 26.66399378 0.0 0.0 0.0 0.0 1.0 0.0 0.0 0.0
64.00446565 26.66399378 0.0 0.0 0.0 0.0 1.0 0.0 0.0 0.0
59.00446565 26.66399378 0.0 0.0 0.0 0.0 1.0 0.0 0.0 0.0
54.00446565 26.66399378 0.0 0.0 0.0 0.0 1.0 0.0 0.0 0.0
49.00446565 26.66399378 0.0 0.0 0.0 0.0 1.0 0.0 0.0 0.0
44.00446565 26.66399378 0.0 0.0 0.0 1.0 0.0 0.0 0.0 0.0
39.00446565 31.66399378 0.0 0.0 0.0 1.0 0.0 0.0 0.0 0.0
34.00446565 36.66399378 0.0 0.0 0.0 1.0 0.0 0.0 0.0 0.0
29.00446565 41.66399378 0.0 0.0 0.0 0.0 1.0 0.0 0.0 0.0
24.00446565 41.66399378 0.0 0.0 0.0 0.0 1.0 0.0 0.0 0.0
19.00446565 41.66399378 0.0 0.0 0.0 0.0 1.0 0.0 0.0 0.0
14.00446565 41.66399378 0.0 0.0 0.0 0.0 0.0 1.0 0.0 0.0
9.00446565 36.66399378 0.0 0.0 0.0 1.0 0.0 0.0 0.0 0.0
