98.53420751 92.14807492 0.0 0.0 0.0 0.0 0.0 1.0 0.0 0.0
93.53420751 87.14807492 0.0 0.0 0.0 0.0 0.0 1.0 0.0 0.0
88.53420751 82.14807492 0.0 0.0 0.0 0.0 0.0 1.0 0.0 0.0
83.53420751 77.14807492 0.0 0.0 0.0 0.0 0.0 1.0 0.0 0.0
78.53420751 72.14807492 0.0 0.0 0.0 0.0 0.0 1.0 0.0 0.0
73.53420751 67.14807492 0.0 0.0 0.0 0.0 0.0 1.0 0.0 0.0
68.53420751 62.14807492 0.0 0.0 0.0 0.0 0.0 1.0 0.0 0.0
63.53420751 57.14807492 0.0 0.0 0.0 0.0 0.0 1.0 0.0 0.0
58.53420751 52.14807492 0.0 0.0 0.0 0.0 0.0 1.0 0.0 0.0
53.53420751 47.14807492 0.0 0.0 0.0 0.0 0.0 1.0 0.0 0.0
48.53420751 42.14807492 0.0 0.0 0.0 0.0 0.0 0.0 1.0 0.0
48.53420751 37.14807492 0.0 0.0 0.0 0.0 0.0 0.0 1.0 0.0
48.53420751 32.14807492 0.0 0.0 0.0 0.0 0.0 0.0 1.0 0.0
48.53420751 27.14807492 0.0 0.0 0.0 0.0 0.0 1.0 0.0 0.0
43.53420751 22.14807492 0.0 0.0 0.0 0.0 0.0 1.0 0.0 0.0
38.53420751 17.14807492 0.0 0.0 0.0 0.0 1.0 0.0 0.0 0.0
33.53420751 17.14807492 0.0 0.0 0.0 0.0 0.0 1.0 0.0 0.0
28.53420751 12.14807492 0.0 0.0 0.0 0.0 0.0 1.0 0.0 0.0
