88.69354599 94.54566845 0.0 0.0 0.0 0.0 0.0 1.0 0.0 0.0
83.69354599 89.54566845 0.0 0.0 0.0 0.0 0.0 1.0 0.0 0.0
78.69354599 84.54566845 0.0 0.0 0.0 0.0 0.0 1.0 0.0 0.0
73.69354599 79.54566845 0.0 0.0 0.0 0.0 0.0 1.0 0.0 0.0
68.69354599 74.54566845 0.0 0.0 0.0 0.0 0.0 1.0 0.0 0.0
63.69354599 69.54566845 0.0 0.0 0.0 0.0 0.0 1.0 0.0 0.0
58.69354599 64.54566845 0.0 0.0 0.0 0.0 0.0 0.0 1.0 0.0
58.69354599 59.54566845 0.0 0.0 0.0 0.0 0.0 0.0 1.0 0.0
58.69354599 54.54566845 0.0 0.0 0.0 0.0 0.0 0.0 1.0 0.0
58.69354599 49.54566845 0.0 0.0 0.0 0.0 0.0 0.0 1.0 0.0
58.69354599 44.54566845 0.0 0.0 0.0 0.0 0.0 1.0 0.0 0.0
53.69354599 39.54566845 0.0 0.0 0.0 0.0 0.0 1.0 0.0 0.0
48.69354599 34.54566845 0.0 0.0 0.0 0.0 0.0 1.0 0.0 0.0
43.69354599 29.54566845 0.0 0.0 0.0 0.0 1.0 0.0 0.0 0.0
38.69354599 29.54566845 0.0 0.0 0.0 0.0 0.0 1.0 0.0 0.0
33.69354599 24.54566845 0.0 0.0 0.0 0.0 1.0 0.0 0.0 0.0
28.69354599 24.54566845 0.0 0.0 0.0 0.0 0.0 1.0 0.0 0.0
23.69354599 19.54566845 0.0 0.0 0.0 0.0 1.0 0.0 0.0 0.0
18.69354599 19.54566845 0.0 0.0 0.0 0.0 1.0 0.0 0.0 0.0
13.69354599 19.54566845 0.0 0.0 0.0 0.0 0.0 1.0 0.0 0.0
8.69354599 14.54566845 0.0 0.0 0.0 0.0 1.0 0.0 0.0 0.0
3.69354599 14.54566845 0.0 0.0 0.0 0.0 0.0 1.0 0.0 0.0
