67.64935845 1.61886849 0.0 0.0 0.0 1.0 0.0 0.0 0.0 0.0
62.64935845 6.61886849 0.0 0.0 0.0 0.0 1.0 0.0 0.0 0.0
57.64935845 6.61886849 0.0 0.0 0.0 0.0 1.0 0.0 0.0 0.0
52.64935845 6.61886849 0.0 0.0 0.0 0.0 1.0 0.0 0.0 0.0
47.64935845 6.61886849 0.0 0.0 0.0 0.0 1.0 0.0 0.0 0.0
42.64935845 6.61886849 0.0 0.0 0.0 1.0 0.0 0.0 0.0 0.0
37.64935845 11.61886849 0.0 0.0 0.0 1.0 0.0 0.0 0.0 0.0
32.64935845 16.61886849 0.0 0.0 0.0 1.0 0.0 0.0 0.0 0.0
27.64935845 21.61886849 0.0 0.0 1.0 0.0 0.0 0.0 0.0 0.0
27.64935845 26.61886849 0.0 0.0 1.0 0.0 0.0 0.0 0.0 0.0
27.64935845 31.61886849 0.0 0.0 1.0 0.0 0.0 0.0 0.0 0.0
27.64935845 36.61886849 0.0 0.0 1.0 0.0 0.0 0.0 0.0 0.0
27.64935845 41.61886849 0.0 0.0 1.0 0.0 0.0 0.0 0.0 0.0
27.64935845 46.61886849 0.0 0.0 1.0 0.0 0.0 0.0 0.0 0.0
27.64935845 51.61886849 0.0 0.0 1.0 0.0 0.0 0.0 0.0 0.0
27.64935845 56.61886849 0.0 0.0 1.0 0.0 0.0 0.0 0.0 0.0
27.64935845 61.61886849 0.0 0.0 1.0 0.0 0.0 0.0 0.0 0.0
27.64935845 66.61886849 0.0 0.0 1.0 0.0 0.0 0.0 0.0 0.0
27.64935845 71.61886849 0.0 0.0 1.0 0.0 0.0 0.0 0.0 0.0
27.64935845 76.61886849 0.0 0.0 0.0 1.0 0.0 0.0 0.0 0.0
22.64935845 81.61886849 0.0 0.0 1.0 0.0 0.0 0.0 0.0 0.0
22.64935845 86.61886849 0.0 0.0 0.0 1.0 0.0 0.0 0.0 0.0
17.64935845 91.61886849 0.0 0.0 0.0 1.0 0.0 0.0 0.0 0.0
