12.94544442 96.23724995 1.0 0.0 0.0 0.0 0.0 0.0 0.0 0.0
17.94544442 96.23724995 1.0 0.0 0.0 0.0 0.0 0.0 0.0 0.0
22.94544442 96.23724995 0.0 0.0 0.0 0.0 0.0 0.0 0.0 1.0
27.94544442 91.23724995 0.0 0.0 0.0 0.0 0.0 0.0 0.0 1.0
32.94544442 86.23724995 0.0 0.0 0.0 0.0 0.0 0.0 0.0 1.0
37.94544442 81.23724995 0.0 0.0 0.0 0.0 0.0 0.0 1.0 0.0
37.94544442 76.23724995 0.0 0.0 0.0 0.0 0.0 0.0 1.0 0.0
37.94544442 71.23724995 0.0 0.0 0.0 0.0 0.0 0.0 1.0 0.0
37.94544442 66.23724995 0.0 0.0 0.0 0.0 0.0 0.0 1.0 0.0
37.94544442 61.23724995 0.0 0.0 0.0 0.0 0.0 0.0 1.0 0.0
37.94544442 56.23724995 0.0 0.0 0.0 0.0 0.0 0.0 1.0 0.0
37.94544442 51.23724995 0.0 0.0 0.0 0.0 0.0 0.0 0.0 1.0
42.94544442 46.23724995 0.0 0.0 0.0 0.0 0.0 0.0 0.0 1.0
47.94544442 41.23724995 0.0 0.0 0.0 0.0 0.0 0.0 0.0 1.0
52.94544442 36.23724995 0.0 0.0 0.0 0.0 0.0 0.0 0.0 1.0
57.94544442 31.23724995 0.0 0.0 0.0 0.0 0.0 0.0 0.0 1.0
62.94544442 26.23724995 0.0 0.0 0.0 0.0 0.0 0.0 0.0 1.0
67.94544442 21.23724995 1.0 0.0 0.0 0.0 0.0 0.0 0.0 0.0
72.94544442 21.23724995 0.0 0.0 0.0 0.0 0.0 0.0 0.0 1.0
77.94544442 16.23724995 1.0 0.0 0.0 0.0 0.0 0.0 0.0 0.0
82.94544442 16.23724995 0.0 0.0 0.0 0.0 0.0 0.0 0.0 1.0
87.94544442 11.23724995 1.0 0.0 0.0 0.0 0.0 0.0 0.0 0.0
92.94544442 11.23724995 0.0 0.0 0.0 0.0 0.0 0.0 0.0 1.0
