37.24491482 8.4395594 0.0 1.0 0.0 0.0 0.0 0.0 0.0 0.0
42.24491482 13.4395594 0.0 1.0 0.0 0.0 0.0 0.0 0.0 0.0
47.24491482 18.4395594 0.0 1.0 0.0 0.0 0.0 0.0 0.0 0.0
52.24491482 23.4395594 0.0 1.0 0.0 0.0 0.0 0.0 0.0 0.0
57.24491482 28.4395594 0.0 1.0 0.0 0.0 0.0 0.0 0.0 0.0
62.24491482 33.4395594 0.0 1.0 0.0 0.0 0.0 0.0 0.0 0.0
67.24491482 38.4395594 0.0 1.0 0.0 0.0 0.0 0.0 0.0 0.0
72.24491482 43.4395594 0.0 1.0 0.0 0.0 0.0 0.0 0.0 0.0
77.24491482 48.4395594 0.0 0.0 1.0 0.0 0.0 0.0 0.0 0.0
77.24491482 53.4395594 0.0 1.0 0.0 0.0 0.0 0.0 0.0 0.0
82.24491482 58.4395594 0.0 1.0 0.0 0.0 0.0 0.0 0.0 0.0
87.24491482 63.4395594 0.0 1.0 0.0 0.0 0.0 0.0 0.0 0.0
92.24491482 68.4395594 0.0 0.0 1.0 0.0 0.0 0.0 0.0 0.0
92.24491482 73.4395594 0.0 0.0 1.0 0.0 0.0 0.0 0.0 0.0
92.24491482 78.4395594 0.0 0.0 1.0 0.0 0.0 0.0 0.0 0.0
92.24491482 83.4395594 0.0 0.0 1.0 0.0 0.0 0.0 0.0 0.0
92.24491482 88.4395594 0.0 1.0 0.0 0.0 0.0 0.0 0.0 0.0
