2.06058961 67.21395616 0.0 0.0 0.0 0.0 0.0 0.0 1.0 0.0
2.06058961 62.21395616 0.0 0.0 0.0 0.0 0.0 0.0 1.0 0.0
2.06058961 57.21395616 0.0 0.0 0.0 0.0 0.0 0.0 1.0 0.0
2.06058961 52.21395616 0.0 0.0 0.0 0.0 0.0 0.0 1.0 0.0
2.06058961 47.21395616 0.0 0.0 0.0 0.0 0.0 0.0 1.0 0.0
2.06058961 42.21395616 0.0 0.0 0.0 0.0 0.0 0.0 0.0 1.0
7.06058961 37.21395616 0.0 0.0 0.0 0.0 0.0 0.0 1.0 0.0
7.06058961 32.21395616 0.0 0.0 0.0 0.0 0.0 0.0 0.0 1.0
12.06058961 27.21395616 1.0 0.0 0.0 0.0 0.0 0.0 0.0 0.0
17.06058961 27.21395616 1.0 0.0 0.0 0.0 0.0 0.0 0.0 0.0
22.06058961 27.21395616 1.0 0.0 0.0 0.0 0.0 0.0 0.0 0.0
27.06058961 27.21395616 1.0 0.0 0.0 0.0 0.0 0.0 0.0 0.0
32.06058961 27.21395616 1.0 0.0 0.0 0.0 0.0 0.0 0.0 0.0
37.06058961 27.21395616 1.0 0.0 0.0 0.0 0.0 0.0 0.0 0.0
42.06058961 27.21395616 1.0 0.0 0.0 0.0 0.0 0.0 0.0 0.0
47.06058961 27.21395616 1.0 0.0 0.0 0.0 0.0 0.0 0.0 0.0
52.06058961 27.21395616 1.0 0.0 0.0 0.0 0.0 0.0 0.0 0.0
57.06058961 27.21395616 1.0 0.0 0.0 0.0 0.0 0.0 0.0 0.0
62.06058961 27.21395616 0.0 0.0 0.0 0.0 0.0 0.0 0.0 1.0
67.06058961 22.21395616 0.0 0.0 0.0 0.0 0.0 0.0 0.0 1.0
72.06058961 17.21395616 0.0 0.0 0.0 0.0 0.0 0.0 0.0 1.0
77.06058961 12.21395616 1.0 0.0 0.0 0.0 0.0 0.0 0.0 0.0
82.06058961 12.21395616 0.0 0.0 0.0 0.0 0.0 0.0 0.0 1.0
87.06058961 7.21395616 0.0 1.0 0.0 0.0 0.0 0.0 0.0 0.0
92.06058961 12.21395616 0.0 1.0 0.0 0.0 0.0 0.0 0.0 0.0
