95.84374055 39.49703241 0.0 0.0 1.0 0.0 0.0 0.0 0.0 0.0
95.84374055 44.49703241 0.0 0.0 1.0 0.0 0.0 0.0 0.0 0.0
95.84374055 49.49703241 0.0 0.0 0.0 1.0 0.0 0.0 0.0 0.0
90.84374055 54.49703241 0.0 0.0 1.0 0.0 0.0 0.0 0.0 0.0
90.84374055 59.49703241 0.0 0.0 0.0 1.0 0.0 0.0 0.0 0.0
85.84374055 64.49703241 0.0 0.0 0.0 0.0 1.0 0.0 0.0 0.0
80.84374055 64.49703241 0.0 0.0 0.0 0.0 1.0 0.0 0.0 0.0
75.84374055 64.49703241 0.0 0.0 0.0 0.0 1.0 0.0 0.0 0.0
70.84374055 64.49703241 0.0 0.0 0.0 0.0 1.0 0.0 0.0 0.0
65.84374055 64.49703241 0.0 0.0 0.0 0.0 1.0 0.0 0.0 0.0
60.84374055 64.49703241 0.0 0.0 0.0 0.0 1.0 0.0 0.0 0.0
55.84374055 64.49703241 0.0 0.0 0.0 0.0 0.0 1.0 0.0 0.0
50.84374055 59.49703241 0.0 0.0 0.0 0.0 1.0 0.0 0.0 0.0
45.84374055 59.49703241 0.0 0.0 0.0 0.0 1.0 0.0 0.0 0.0
40.84374055 59.49703241 0.0 0.0 0.0 0.0 1.0 0.0 0.0 0.0
35.84374055 59.49703241 0.0 0.0 0.0 0.0 1.0 0.0 0.0 0.0
30.84374055 59.49703241 0.0 0.0 0.0 0.0 0.0 1.0 0.0 0.0
25.84374055 54.49703241 0.0 0.0 0.0 0.0 0.0 1.0 0.0 0.0
20.84374055 49.49703241 0.0 0.0 0.0 0.0 0.0 1.0 0.0 0.0
15.84374055 44.49703241 0.0 0.0 0.0 0.0 0.0 1.0 0.0 0.0
10.84374055 39.49703241 0.0 0.0 0.0 0.0 1.0 0.0 0.0 0.0
5.84374055 39.49703241 0.0 0.0 0.0 0.0 0.0 1.0 0.0 0.0
