93.5995934 37.75597673 0.0 0.0 0.0 1.0 0.0 0.0 0.0 0.0
88.5995934 42.75597673 0.0 0.0 0.0 1.0 0.0 0.0 0.0 0.0
83.5995934 47.75597673 0.0 0.0 0.0 0.0 1.0 0.0 0.0 0.0
78.5995934 47.75597673 0.0 0.0 0.0 1.0 0.0 0.0 0.0 0.0
73.5995934 52.75597673 0.0 0.0 0.0 1.0 0.0 0.0 0.0 0.0
68.5995934 57.75597673 0.0 0.0 0.0 1.0 0.0 0.0 0.0 0.0
63.5995934 62.75597673 0.0 0.0 0.0 1.0 0.0 0.0 0.0 0.0
58.5995934 67.75597673 0.0 0.0 0.0 1.0 0.0 0.0 0.0 0.0
53.5995934 72.75597673 0.0 0.0 0.0 1.0 0.0 0.0 0.0 0.0
48.5995934 77.75597673 0.0 0.0 0.0 1.0 0.0 0.0 0.0 0.0
43.5995934 82.75597673 0.0 0.0 0.0 1.0 0.0 0.0 0.0 0.0
38.5995934 87.75597673 0.0 0.0 0.0 0.0 1.0 0.0 0.0 0.0
33.5995934 87.75597673 0.0 0.0 0.0 0.0 1.0 0.0 0.0 0.0
28.5995934 87.75597673 0.0 0.0 0.0 0.0 1.0 0.0 0.0 0.0
23.5995934 87.75597673 0.0 0.0 0.0 0.0 0.0 1.0 0.0 0.0
18.5995934 82.75597673 0.0 0.0 0.0 0.0 0.0 1.0 0.0 0.0
