3.66749941 85.41854368 1.0 0.0 0.0 0.0 0.0 0.0 0.0 0.0
8.66749941 85.41854368 0.0 1.0 0.0 0.0 0.0 0.0 0.0 0.0
13.66749941 90.41854368 0.0 1.0 0.0 0.0 0.0 0.0 0.0 0.0
18.66749941 95.41854368 1.0 0.0 0.0 0.0 0.0 0.0 0.0 0.0
23.66749941 95.41854368 1.0 0.0 0.0 0.0 0.0 0.0 0.0 0.0
28.66749941 95.41854368 1.0 0.0 0.0 0.0 0.0 0.0 0.0 0.0
33.66749941 95.41854368 0.0 0.0 0.0 0.0 0.0 0.0 0.0 1.0
38.66749941 90.41854368 0.0 0.0 0.0 0.0 0.0 0.0 0.0 1.0
43.66749941 85.41854368 0.0 0.0 0.0 0.0 0.0 0.0 0.0 1.0
48.66749941 80.41854368 1.0 0.0 0.0 0.0 0.0 0.0 0.0 0.0
53.66749941 80.41854368 1.0 0.0 0.0 0.0 0.0 0.0 0.0 0.0
58.66749941 80.41854368 0.0 0.0 0.0 0.0 0.0 0.0 0.0 1.0
63.66749941 75.41854368 1.0 0.0 0.0 0.0 0.0 0.0 0.0 0.0
68.66749941 75.41854368 0.0 0.0 0.0 0.0 0.0 0.0 0.0 1.0
73.66749941 70.41854368 0.0 0.0 0.0 0.0 0.0 0.0 1.0 0.0
73.66749941 65.41854368 0.0 0.0 0.0 0.0 0.0 0.0 1.0 0.0
73.66749941 60.41854368 0.0 0.0 0.0 0.0 0.0 0.0 0.0 1.0
78.66749941 55.41854368 0.0 0.0 0.0 0.0 0.0 0.0 1.0 0.0
78.66749941 50.41854368 0.0 0.0 0.0 0.0 0.0 0.0 0.0 1.0
83.66749941 45.41854368 0.0 0.0 0.0 0.0 0.0 0.0 1.0 0.0
83.66749941 40.41854368 0.0 0.0 0.0 0.0 0.0 0.0 0.0 1.0
88.66749941 35.41854368 0.0 0.0 0.0 0.0 0.0 0.0 1.0 0.0
88.66749941 30.41854368 0.0 0.0 0.0 0.0 0.0 0.0 0.0 1.0
93.66749941 25.41854368 0.0 0.0 0.0 0.0 0.0 0.0 1.0 0.0
93.66749941 20.41854368 0.0 0.0 0.0 0.0 0.0 0.0 0.0 1.0
98.66749941 15.41854368 0.0 0.0 0.0 0.0 0.0 0.0 1.0 0.0
98.66749941 10.41854368 0.0 0.0 0.0 0.0 0.0 0.0 0.0 1.0
