93.9487874 65.07161752 0.0 0.0 0.0 0.0 0.0 1.0 0.0 0.0
88.9487874 60.07161752 0.0 0.0 0.0 0.0 0.0 1.0 0.0 0.0
83.9487874 55.07161752 0.0 0.0 0.0 0.0 0.0 1.0 0.0 0.0
78.9487874 50.07161752 0.0 0.0 0.0 0.0 0.0 1.0 0.0 0.0
73.9487874 45.07161752 0.0 0.0 0.0 0.0 0.0 1.0 0.0 0.0
68.9487874 40.07161752 0.0 0.0 0.0 0.0 0.0 1.0 0.0 0.0
63.9487874 35.07161752 0.0 0.0 0.0 0.0 0.0 1.0 0.0 0.0
58.9487874 30.07161752 0.0 0.0 0.0 0.0 0.0 1.0 0.0 0.0
53.9487874 25.07161752 0.0 0.0 0.0 0.0 0.0 1.0 0.0 0.0
48.9487874 20.07161752 0.0 0.0 0.0 0.0 0.0 1.0 0.0 0.0
43.9487874 15.07161752 0.0 0.0 0.0 0.0 0.0 1.0 0.0 0.0
38.9487874 10.07161752 0.0 0.0 0.0 0.0 0.0 1.0 0.0 0.0
33.9487874 5.07161752 0.0 0.0 0.0 0.0 0.0 1.0 0.0 0.0
28.9487874 0.07161752 0.0 0.0 0.0 0.0 1.0 0.0 0.0 0.0
23.9487874 0.07161752 0.0 0.0 0.0 0.0 1.0 0.0 0.0 0.0
18.9487874 0.07161752 0.0 0.0 0.0 0.0 1.0 0.0 0.0 0.0
13.9487874 0.07161752 0.0 0.0 0.0 1.0 0.0 0.0 0.0 0.0
