57.97471328 76.6981386 0.0 0.0 0.0 0.0 1.0 0.0 0.0 0.0
52.97471328 76.6981386 0.0 0.0 0.0 0.0 1.0 0.0 0.0 0.0
47.97471328 76.6981386 0.0 0.0 0.0 0.0 1.0 0.0 0.0 0.0
42.97471328 76.6981386 0.0 0.0 0.0 0.0 1.0 0.0 0.0 0.0
37.97471328 76.6981386 0.0 0.0 0.0 0.0 1.0 0.0 0.0 0.0
32.97471328 76.6981386 0.0 0.0 0.0 0.0 1.0 0.0 0.0 0.0
27.97471328 76.6981386 0.0 0.0 0.0 0.0 1.0 0.0 0.0 0.0
22.97471328 76.6981386 0.0 0.0 0.0 0.0 0.0 1.0 0.0 0.0
17.97471328 71.6981386 0.0 0.0 0.0 0.0 0.0 1.0 0.0 0.0
12.97471328 66.6981386 0.0 0.0 0.0 0.0 0.0 0.0 1.0 0.0
12.97471328 61.6981386 0.0 0.0 0.0 0.0 0.0 0.0 1.0 0.0
12.97471328 56.6981386 0.0 0.0 0.0 0.0 0.0 1.0 0.0 0.0
7.97471328 51.6981386 0.0 0.0 0.0 0.0 0.0 0.0 0.0 1.0
