92.49502606 12.6657181 0.0 0.0 0.0 0.0 1.0 0.0 0.0 0.0
87.49502606 12.6657181 0.0 0.0 0.0 1.0 0.0 0.0 0.0 0.0
82.49502606 17.6657181 0.0 0.0 0.0 1.0 0.0 0.0 0.0 0.0
77.49502606 22.6657181 0.0 0.0 0.0 1.0 0.0 0.0 0.0 0.0
72.49502606 27.6657181 0.0 0.0 0.0 1.0 0.0 0.0 0.0 0.0
67.49502606 32.6657181 0.0 0.0 0.0 1.0 0.0 0.0 0.0 0.0
62.49502606 37.6657181 0.0 0.0 1.0 0.0 0.0 0.0 0.0 0.0
62.49502606 42.6657181 0.0 0.0 1.0 0.0 0.0 0.0 0.0 0.0
62.49502606 47.6657181 0.0 0.0 0.0 1.0 0.0 0.0 0.0 0.0
57.49502606 52.6657181 0.0 0.0 1.0 0.0 0.0 0.0 0.0 0.0
57.49502606 57.6657181 0.0 0.0 0.0 1.0 0.0 0.0 0.0 0.0
52.49502606 62.6657181 0.0 0.0 1.0 0.0 0.0 0.0 0.0 0.0
52.49502606 67.6657181 0.0 0.0 0.0 1.0 0.0 0.0 0.0 0.0
47.49502606 72.6657181 0.0 0.0 1.0 0.0 0.0 0.0 0.0 0.0
47.49502606 77.6657181 0.0 0.0 0.0 1.0 0.0 0.0 0.0 0.0
42.49502606 82.6657181 0.0 0.0 0.0 1.0 0.0 0.0 0.0 0.0
