22.55371698 87.61982908 0.0 0.0 0.0 0.0 0.0 1.0 0.0 0.0
17.55371698 82.61982908 0.0 0.0 0.0 0.0 0.0 1.0 0.0 0.0
12.55371698 77.61982908 0.0 0.0 0.0 0.0 0.0 0.0 1.0 0.0
12.55371698 72.61982908 0.0 0.0 0.0 0.0 0.0 0.0 1.0 0.0
12.55371698 67.61982908 0.0 0.0 0.0 0.0 0.0 0.0 1.0 0.0
12.55371698 62.61982908 0.0 0.0 0.0 0.0 0.0 0.0 1.0 0.0
12.55371698 57.61982908 0.0 0.0 0.0 0.0 0.0 0.0 1.0 0.0
12.55371698 52.61982908 0.0 0.0 0.0 0.0 0.0 0.0 1.0 0.0
12.55371698 47.61982908 0.0 0.0 0.0 0.0 0.0 0.0 1.0 0.0
12.55371698 42.61982908 0.0 0.0 0.0 0.0 0.0 0.0 1.0 0.0
12.55371698 37.61982908 0.0 0.0 0.0 0.0 0.0 0.0 1.0 0.0
12.55371698 32.61982908 0.0 0.0 0.0 0.0 0.0 0.0 0.0 1.0
17.55371698 27.61982908 0.0 0.0 0.0 0.0 0.0 0.0 1.0 0.0
17.55371698 22.61982908 0.0 0.0 0.0 0.0 0.0 0.0 0.0 1.0
22.55371698 17.61982908 0.0 0.0 0.0 0.0 0.0 0.0 1.0 0.0
22.55371698 12.61982908 0.0 0.0 0.0 0.0 0.0 0.0 0.0 1.0
