5.84276999 52.45662101 0.0 0.0 0.0 0.0 0.0 0.0 0.0 1.0
10.84276999 47.45662101 0.0 0.0 0.0 0.0 0.0 0.0 0.0 1.0
15.84276999 42.45662101 0.0 0.0 0.0 0.0 0.0 0.0 0.0 1.0
20.84276999 37.45662101 0.0 0.0 0.0 0.0 0.0 0.0 0.0 1.0
25.84276999 32.45662101 0.0 0.0 0.0 0.0 0.0 0.0 0.0 1.0
30.84276999 27.45662101 1.0 0.0 0.0 0.0 0.0 0.0 0.0 0.0
35.84276999 27.45662101 1.0 0.0 0.0 0.0 0.0 0.0 0.0 0.0
40.84276999 27.45662101 1.0 0.0 0.0 0.0 0.0 0.0 0.0 0.0
45.84276999 27.45662101 1.0 0.0 0.0 0.0 0.0 0.0 0.0 0.0
50.84276999 27.45662101 1.0 0.0 0.0 0.0 0.0 0.0 0.0 0.0
55.84276999 27.45662101 1.0 0.0 0.0 0.0 0.0 0.0 0.0 0.0
60.84276999 27.45662101 1.0 0.0 0.0 0.0 0.0 0.0 0.0 0.0
65.84276999 27.45662101 1.0 0.0 0.0 0.0 0.0 0.0 0.0 0.0
70.84276999 27.45662101 0.0 0.0 0.0 0.0 0.0 0.0 0.0 1.0
75.84276999 22.45662101 1.0 0.0 0.0 0.0 0.0 0.0 0.0 0.0
80.84276999 22.45662101 1.0 0.0 0.0 0.0 0.0 0.0 0.0 0.0
85.84276999 22.45662101 0.0 1.0 0.0 0.0 0.0 0.0 0.0 0.0
90.84276999 27.45662101 0.0 0.0 0.0 0.0 0.0 0.0 0.0 1.0
