13.94615505 86.72899347 0.0 0.0 0.0 0.0 0.0 0.0 0.0 1.0
18.94615505 81.72899347 0.0 0.0 0.0 0.0 0.0 0.0 0.0 1.0
23.94615505 76.72899347 1.0 0.0 0.0 0.0 0.0 0.0 0.0 0.0
28.94615505 76.72899347 1.0 0.0 0.0 0.0 0.0 0.0 0.0 0.0
33.94615505 76.72899347 1.0 0.0 0.0 0.0 0.0 0.0 0.0 0.0
38.94615505 76.72899347 0.0 0.0 0.0 0.0 0.0 0.0 0.0 1.0
43.94615505 71.72899347 1.0 0.0 0.0 0.0 0.0 0.0 0.0 0.0
48.94615505 71.72899347 0.0 0.0 0.0 0.0 0.0 0.0 0.0 1.0
53.94615505 66.72899347 0.0 0.0 0.0 0.0 0.0 0.0 0.0 1.0
58.94615505 61.72899347 0.0 0.0 0.0 0.0 0.0 0.0 0.0 1.0
63.94615505 56.72899347 0.0 0.0 0.0 0.0 0.0 0.0 0.0 1.0
68.94615505 51.72899347 0.0 0.0 0.0 0.0 0.0 0.0 0.0 1.0
73.94615505 46.72899347 0.0 0.0 0.0 0.0 0.0 0.0 0.0 1.0
78.94615505 41.72899347 0.0 0.0 0.0 0.0 0.0 0.0 0.0 1.0
83.94615505 36.72899347 0.0 0.0 0.0 0.0 0.0 0.0 0.0 1.0
88.94615505 31.72899347 0.0 0.0 0.0 0.0 0.0 0.0 0.0 1.0
