78.39602655 68.77501578 0.0 0.0 0.0 0.0 1.0 0.0 0.0 0.0
73.39602655 68.77501578 0.0 0.0 0.0 0.0 1.0 0.0 0.0 0.0
68.39602655 68.77501578 0.0 0.0 0.0 0.0 1.0 0.0 0.0 0.0
63.39602655 68.77501578 0.0 0.0 0.0 0.0 1.0 0.0 0.0 0.0
58.39602655 68.77501578 0.0 0.0 0.0 0.0 1.0 0.0 0.0 0.0
53.39602655 68.77501578 0.0 0.0 0.0 0.0 0.0 1.0 0.0 0.0
48.39602655 63.77501578 0.0 0.0 0.0 0.0 0.0 1.0 0.0 0.0
43.39602655 58.77501578 0.0 0.0 0.0 0.0 0.0 0.0 1.0 0.0
43.39602655 53.77501578 0.0 0.0 0.0 0.0 0.0 0.0 1.0 0.0
43.39602655 48.77501578 0.0 0.0 0.0 0.0 0.0 0.0 1.0 0.0
43.39602655 43.77501578 0.0 0.0 0.0 0.0 0.0 0.0 1.0 0.0
43.39602655 38.77501578 0.0 0.0 0.0 0.0 0.0 0.0 1.0 0.0
43.39602655 33.77501578 0.0 0.0 0.0 0.0 0.0 0.0 1.0 0.0
43.39602655 28.77501578 0.0 0.0 0.0 0.0 0.0 0.0 1.0 0.0
43.39602655 23.77501578 0.0 0.0 0.0 0.0 0.0 0.0 1.0 0.0
43.39602655 18.77501578 0.0 0.0 0.0 0.0 0.0 0.0 1.0 0.0
43.39602655 13.77501578 0.0 0.0 0.0 0.0 0.0 0.0 0.0 1.0
