90.63591039 58.89756636 0.0 0.0 1.0 0.0 0.0 0.0 0.0 0.0
90.63591039 63.89756636 0.0 0.0 0.0 1.0 0.0 0.0 0.0 0.0
85.63591039 68.89756636 0.0 0.0 0.0 1.0 0.0 0.0 0.0 0.0
80.63591039 73.89756636 0.0 0.0 0.0 0.0 1.0 0.0 0.0 0.0
75.63591039 73.89756636 0.0 0.0 0.0 0.0 1.0 0.0 0.0 0.0
70.63591039 73.89756636 0.0 0.0 0.0 0.0 0.0 1.0 0.0 0.0
65.63591039 68.89756636 0.0 0.0 0.0 0.0 0.0 1.0 0.0 0.0
60.63591039 63.89756636 0.0 0.0 0.0 0.0 0.0 1.0 0.0 0.0
55.63591039 58.89756636 0.0 0.0 0.0 0.0 0.0 1.0 0.0 0.0
50.63591039 53.89756636 0.0 0.0 0.0 0.0 0.0 1.0 0.0 0.0
45.63591039 48.89756636 0.0 0.0 0.0 0.0 0.0 1.0 0.0 0.0
40.63591039 43.89756636 0.0 0.0 0.0 0.0 0.0 1.0 0.0 0.0
