27.06613407 93.28215783 1.0 0.0 0.0 0.0 0.0 0.0 0.0 0.0
32.06613407 93.28215783 1.0 0.0 0.0 0.0 0.0 0.0 0.0 0.0
37.06613407 93.28215783 1.0 0.0 0.0 0.0 0.0 0.0 0.0 0.0
42.06613407 93.28215783 1.0 0.0 0.0 0.0 0.0 0.0 0.0 0.0
47.06613407 93.28215783 1.0 0.0 0.0 0.0 0.0 0.0 0.0 0.0
52.06613407 93.28215783 0.0 0.0 0.0 0.0 0.0 0.0 0.0 1.0
57.06613407 88.28215783 0.0 0.0 0.0 0.0 0.0 0.0 0.0 1.0
62.06613407 83.28215783 0.0 0.0 0.0 0.0 0.0 0.0 0.0 1.0
67.06613407 78.28215783 0.0 0.0 0.0 0.0 0.0 0.0 0.0 1.0
72.06613407 73.28215783 0.0 0.0 0.0 0.0 0.0 0.0 0.0 1.0
77.06613407 68.28215783 0.0 0.0 0.0 0.0 0.0 0.0 0.0 1.0
82.06613407 63.28215783 0.0 0.0 0.0 0.0 0.0 0.0 0.0 1.0
87.06613407 58.28215783 0.0 0.0 0.0 0.0 0.0 0.0 0.0 1.0
92.06613407 53.28215783 0.0 0.0 0.0 0.0 0.0 0.0 1.0 0.0
92.06613407 48.28215783 0.0 0.0 0.0 0.0 0.0 0.0 0.0 1.0
97.06613407 43.28215783 0.0 0.0 0.0 0.0 0.0 0.0 1.0 0.0
97.06613407 38.28215783 0.0 0.0 0.0 0.0 0.0 0.0 0.0 1.0
