70.66098525 11.71098818 0.0 0.0 1.0 0.0 0.0 0.0 0.0 0.0
70.66098525 16.71098818 0.0 0.0 1.0 0.0 0.0 0.0 0.0 0.0
70.66098525 21.71098818 0.0 0.0 1.0 0.0 0.0 0.0 0.0 0.0
70.66098525 26.71098818 0.0 0.0 1.0 0.0 0.0 0.0 0.0 0.0
70.66098525 31.71098818 0.0 0.0 1.0 0.0 0.0 0.0 0.0 0.0
70.66098525 36.71098818 0.0 0.0 0.0 1.0 0.0 0.0 0.0 0.0
65.66098525 41.71098818 0.0 0.0 0.0 1.0 0.0 0.0 0.0 0.0
60.66098525 46.71098818 0.0 0.0 0.0 1.0 0.0 0.0 0.0 0.0
55.66098525 51.71098818 0.0 0.0 0.0 1.0 0.0 0.0 0.0 0.0
50.66098525 56.71098818 0.0 0.0 0.0 1.0 0.0 0.0 0.0 0.0
45.66098525 61.71098818 0.0 0.0 1.0 0.0 0.0 0.0 0.0 0.0
45.66098525 66.71098818 0.0 0.0 1.0 0.0 0.0 0.0 0.0 0.0
45.66098525 71.71098818 0.0 0.0 1.0 0.0 0.0 0.0 0.0 0.0
45.66098525 76.71098818 0.0 1.0 0.0 0.0 0.0 0.0 0.0 0.0
50.66098525 81.71098818 0.0 0.0 1.0 0.0 0.0 0.0 0.0 0.0
50.66098525 86.71098818 0.0 1.0 0.0 0.0 0.0 0.0 0.0 0.0
55.66098525 91.71098818 0.0 1.0 0.0 0.0 0.0 0.0 0.0 0.0
