96.05852412 88.95572684 0.0 0.0 0.0 0.0 0.0 1.0 0.0 0.0
91.05852412 83.95572684 0.0 0.0 0.0 0.0 0.0 1.0 0.0 0.0
86.05852412 78.95572684 0.0 0.0 0.0 0.0 0.0 1.0 0.0 0.0
81.05852412 73.95572684 0.0 0.0 0.0 0.0 0.0 1.0 0.0 0.0
76.05852412 68.95572684 0.0 0.0 0.0 0.0 0.0 0.0 1.0 0.0
76.05852412 63.95572684 0.0 0.0 0.0 0.0 0.0 0.0 1.0 0.0
76.05852412 58.95572684 0.0 0.0 0.0 0.0 0.0 1.0 0.0 0.0
71.05852412 53.95572684 0.0 0.0 0.0 0.0 0.0 1.0 0.0 0.0
66.05852412 48.95572684 0.0 0.0 0.0 0.0 0.0 1.0 0.0 0.0
61.05852412 43.95572684 0.0 0.0 0.0 0.0 0.0 1.0 0.0 0.0
56.05852412 38.95572684 0.0 0.0 0.0 0.0 0.0 1.0 0.0 0.0
51.05852412 33.95572684 0.0 0.0 0.0 0.0 0.0 1.0 0.0 0.0
46.05852412 28.95572684 0.0 0.0 0.0 0.0 1.0 0.0 0.0 0.0
41.05852412 28.95572684 0.0 0.0 0.0 0.0 0.0 1.0 0.0 0.0
36.05852412 23.95572684 0.0 0.0 0.0 0.0 1.0 0.0 0.0 0.0
31.05852412 23.95572684 0.0 0.0 0.0 0.0 1.0 0.0 0.0 0.0
26.05852412 23.95572684 0.0 0.0 0.0 0.0 0.0 1.0 0.0 0.0
21.05852412 18.95572684 0.0 0.0 0.0 0.0 1.0 0.0 0.0 0.0
16.05852412 18.95572684 0.0 0.0 0.0 0.0 0.0 1.0 0.0 0.0
11.05852412 13.95572684 0.0 0.0 0.0 0.0 1.0 0.0 0.0 0.0
6.05852412 13.95572684 0.0 0.0 0.0 0.0 0.0 1.0 0.0 0.0
