22.38770287 98.06007869 0.0 0.0 0.0 0.0 0.0 0.0 0.0 1.0
27.38770287 93.06007869 0.0 0.0 0.0 0.0 0.0 0.0 0.0 1.0
32.38770287 88.06007869 0.0 0.0 0.0 0.0 0.0 0.0 0.0 1.0
37.38770287 83.06007869 0.0 0.0 0.0 0.0 0.0 0.0 0.0 1.0
42.38770287 78.06007869 0.0 0.0 0.0 0.0 0.0 0.0 0.0 1.0
47.38770287 73.06007869 0.0 0.0 0.0 0.0 0.0 0.0 0.0 1.0
52.38770287 68.06007869 0.0 0.0 0.0 0.0 0.0 0.0 0.0 1.0
57.38770287 63.06007869 0.0 0.0 0.0 0.0 0.0 0.0 1.0 0.0
57.38770287 58.06007869 0.0 0.0 0.0 0.0 0.0 0.0 1.0 0.0
57.38770287 53.06007869 0.0 0.0 0.0 0.0 0.0 0.0 1.0 0.0
57.38770287 48.06007869 0.0 0.0 0.0 0.0 0.0 0.0 1.0 0.0
57.38770287 43.06007869 0.0 0.0 0.0 0.0 0.0 0.0 1.0 0.0
57.38770287 38.06007869 0.0 0.0 0.0 0.0 0.0 0.0 1.0 0.0
57.38770287 33.06007869 0.0 0.0 0.0 0.0 0.0 0.0 1.0 0.0
57.38770287 28.06007869 0.0 0.0 0.0 0.0 0.0 0.0 0.0 1.0
62.38770287 23.06007869 0.0 0.0 0.0 0.0 0.0 0.0 1.0 0.0
62.38770287 18.06007869 0.0 0.0 0.0 0.0 0.0 0.0 1.0 0.0
62.38770287 13.06007869 0.0 0.0 0.0 0.0 0.0 0.0 0.0 1.0
67.38770287 8.06007869 0.0 0.0 0.0 0.0 0.0 0.0 0.0 1.0
