8.59330441 13.24671605 0.0 0.0 1.0 0.0 0.0 0.0 0.0 0.0
8.59330441 18.24671605 0.0 0.0 1.0 0.0 0.0 0.0 0.0 0.0
8.59330441 23.24671605 0.0 1.0 0.0 0.0 0.0 0.0 0.0 0.0
13.59330441 28.24671605 0.0 1.0 0.0 0.0 0.0 0.0 0.0 0.0
18.59330441 33.24671605 0.0 1.0 0.0 0.0 0.0 0.0 0.0 0.0
23.59330441 38.24671605 1.0 0.0 0.0 0.0 0.0 0.0 0.0 0.0
28.59330441 38.24671605 1.0 0.0 0.0 0.0 0.0 0.0 0.0 0.0
33.59330441 38.24671605 1.0 0.0 0.0 0.0 0.0 0.0 0.0 0.0
38.59330441 38.24671605 0.0 1.0 0.0 0.0 0.0 0.0 0.0 0.0
43.59330441 43.24671605 0.0 1.0 0.0 0.0 0.0 0.0 0.0 0.0
48.59330441 48.24671605 0.0 1.0 0.0 0.0 0.0 0.0 0.0 0.0
53.59330441 53.24671605 1.0 0.0 0.0 0.0 0.0 0.0 0.0 0.0
58.59330441 53.24671605 1.0 0.0 0.0 0.0 0.0 0.0 0.0 0.0
63.59330441 53.24671605 1.0 0.0 0.0 0.0 0.0 0.0 0.0 0.0
68.59330441 53.24671605 1.0 0.0 0.0 0.0 0.0 0.0 0.0 0.0
73.59330441 53.24671605 1.0 0.0 0.0 0.0 0.0 0.0 0.0 0.0
78.59330441 53.24671605 1.0 0.0 0.0 0.0 0.0 0.0 0.0 0.0
83.59330441 53.24671605 0.0 1.0 0.0 0.0 0.0 0.0 0.0 0.0
