99.79093652 9.12916405 0.0 0.0 0.0 1.0 0.0 0.0 0.0 0.0
94.79093652 14.12916405 0.0 0.0 0.0 1.0 0.0 0.0 0.0 0.0
89.79093652 19.12916405 0.0 0.0 0.0 1.0 0.0 0.0 0.0 0.0
84.79093652 24.12916405 0.0 0.0 1.0 0.0 0.0 0.0 0.0 0.0
84.79093652 29.12916405 0.0 0.0 1.0 0.0 0.0 0.0 0.0 0.0
84.79093652 34.12916405 0.0 0.0 1.0 0.0 0.0 0.0 0.0 0.0
84.79093652 39.12916405 0.0 0.0 1.0 0.0 0.0 0.0 0.0 0.0
84.79093652 44.12916405 0.0 0.0 1.0 0.0 0.0 0.0 0.0 0.0
84.79093652 49.12916405 0.0 0.0 0.0 1.0 0.0 0.0 0.0 0.0
79.79093652 54.12916405 0.0 0.0 0.0 1.0 0.0 0.0 0.0 0.0
74.79093652 59.12916405 0.0 0.0 0.0 1.0 0.0 0.0 0.0 0.0
69.79093652 64.12916405 0.0 0.0 0.0 1.0 0.0 0.0 0.0 0.0
64.79093652 69.12916405 0.0 0.0 0.0 1.0 0.0 0.0 0.0 0.0
59.79093652 74.12916405 0.0 0.0 0.0 1.0 0.0 0.0 0.0 0.0
54.79093652 79.12916405 0.0 0.0 0.0 1.0 0.0 0.0 0.0 0.0
49.79093652 84.12916405 0.0 0.0 0.0 1.0 0.0 0.0 0.0 0.0
44.79093652 89.12916405 0.0 0.0 0.0 0.0 1.0 0.0 0.0 0.0
39.79093652 89.12916405 0.0 0.0 0.0 1.0 0.0 0.0 0.0 0.0
