80.95627226 98.12114905 0.0 0.0 0.0 0.0 0.0 1.0 0.0 0.0
75.95627226 93.12114905 0.0 0.0 0.0 0.0 0.0 1.0 0.0 0.0
70.95627226 88.12114905 0.0 0.0 0.0 0.0 0.0 1.0 0.0 0.0
65.95627226 83.12114905 0.0 0.0 0.0 0.0 0.0 0.0 1.0 0.0
65.95627226 78.12114905 0.0 0.0 0.0 0.0 0.0 1.0 0.0 0.0
60.95627226 73.12114905 0.0 0.0 0.0 0.0 0.0 0.0 1.0 0.0
60.95627226 68.12114905 0.0 0.0 0.0 0.0 0.0 1.0 0.0 0.0
55.95627226 63.12114905 0.0 0.0 0.0 0.0 0.0 0.0 1.0 0.0
55.95627226 58.12114905 0.0 0.0 0.0 0.0 0.0 1.0 0.0 0.0
50.95627226 53.12114905 0.0 0.0 0.0 0.0 0.0 0.0 1.0 0.0
50.95627226 48.12114905 0.0 0.0 0.0 0.0 0.0 0.0 1.0 0.0
50.95627226 43.12114905 0.0 0.0 0.0 0.0 0.0 1.0 0.0 0.0
45.95627226 38.12114905 0.0 0.0 0.0 0.0 0.0 0.0 1.0 0.0
45.95627226 33.12114905 0.0 0.0 0.0 0.0 0.0 0.0 1.0 0.0
45.95627226 28.12114905 0.0 0.0 0.0 0.0 0.0 0.0 1.0 0.0
45.95627226 23.12114905 0.0 0.0 0.0 0.0 0.0 1.0 0.0 0.0
40.95627226 18.12114905 0.0 0.0 0.0 0.0 0.0 1.0 0.0 0.0
35.95627226 13.12114905 0.0 0.0 0.0 0.0 0.0 1.0 0.0 0.0
30.95627226 8.12114905 0.0 0.0 0.0 0.0 0.0 1.0 0.0 0.0
