20.32186669 90.21331504 0.0 0.0 0.0 0.0 0.0 0.0 0.0 1.0
25.32186669 85.21331504 0.0 0.0 0.0 0.0 0.0 0.0 0.0 1.0
30.32186669 80.21331504 0.0 0.0 0.0 0.0 0.0 0.0 0.0 1.0
35.32186669 75.21331504 0.0 0.0 0.0 0.0 0.0 0.0 0.0 1.0
40.32186669 70.21331504 0.0 0.0 0.0 0.0 0.0 0.0 0.0 1.0
45.32186669 65.21331504 1.0 0.0 0.0 0.0 0.0 0.0 0.0 0.0
50.32186669 65.21331504 1.0 0.0 0.0 0.0 0.0 0.0 0.0 0.0
55.32186669 65.21331504 1.0 0.0 0.0 0.0 0.0 0.0 0.0 0.0
60.32186669 65.21331504 1.0 0.0 0.0 0.0 0.0 0.0 0.0 0.0
65.32186669 65.21331504 1.0 0.0 0.0 0.0 0.0 0.0 0.0 0.0
70.32186669 65.21331504 1.0 0.0 0.0 0.0 0.0 0.0 0.0 0.0
75.32186669 65.21331504 1.0 0.0 0.0 0.0 0.0 0.0 0.0 0.0
80.32186669 65.21331504 0.0 0.0 0.0 0.0 0.0 0.0 0.0 1.0
85.32186669 60.21331504 0.0 0.0 0.0 0.0 0.0 0.0 0.0 1.0
90.32186669 55.21331504 0.0 0.0 0.0 0.0 0.0 0.0 1.0 0.0
90.32186669 50.21331504 0.0 0.0 0.0 0.0 0.0 0.0 1.0 0.0
90.32186669 45.21331504 0.0 0.0 0.0 0.0 0.0 0.0 1.0 0.0
90.32186669 40.21331504 0.0 0.0 0.0 0.0 0.0 1.0 0.0 0.0
85.32186669 35.21331504 0.0 0.0 0.0 0.0 0.0 1.0 0.0 0.0
80.32186669 30.21331504 0.0 0.0 0.0 0.0 0.0 0.0 1.0 0.0
80.32186669 25.21331504 0.0 0.0 0.0 0.0 0.0 1.0 0.0 0.0
75.32186669 20.21331504 0.0 0.0 0.0 0.0 0.0 0.0 1.0 0.0
75.32186669 15.21331504 0.0 0.0 0.0 0.0 0.0 1.0 0.0 0.0
70.32186669 10.21331504 0.0 0.0 0.0 0.0 0.0 1.0 0.0 0.0
