18.21699642 16.71480737 0.0 1.0 0.0 0.0 0.0 0.0 0.0 0.0
23.21699642 21.71480737 0.0 1.0 0.0 0.0 0.0 0.0 0.0 0.0
28.21699642 26.71480737 0.0 1.0 0.0 0.0 0.0 0.0 0.0 0.0
33.21699642 31.71480737 0.0 1.0 0.0 0.0 0.0 0.0 0.0 0.0
38.21699642 36.71480737 0.0 1.0 0.0 0.0 0.0 0.0 0.0 0.0
43.21699642 41.71480737 0.0 1.0 0.0 0.0 0.0 0.0 0.0 0.0
48.21699642 46.71480737 0.0 0.0 1.0 0.0 0.0 0.0 0.0 0.0
48.21699642 51.71480737 0.0 1.0 0.0 0.0 0.0 0.0 0.0 0.0
53.21699642 56.71480737 0.0 1.0 0.0 0.0 0.0 0.0 0.0 0.0
58.21699642 61.71480737 0.0 1.0 0.0 0.0 0.0 0.0 0.0 0.0
63.21699642 66.71480737 1.0 0.0 0.0 0.0 0.0 0.0 0.0 0.0
68.21699642 66.71480737 1.0 0.0 0.0 0.0 0.0 0.0 0.0 0.0
73.21699642 66.71480737 1.0 0.0 0.0 0.0 0.0 0.0 0.0 0.0
78.21699642 66.71480737 1.0 0.0 0.0 0.0 0.0 0.0 0.0 0.0
83.21699642 66.71480737 0.0 1.0 0.0 0.0 0.0 0.0 0.0 0.0
88.21699642 71.71480737 0.0 1.0 0.0 0.0 0.0 0.0 0.0 0.0
93.21699642 76.71480737 0.0 0.0 0.0 1.0 0.0 0.0 0.0 0.0
