32.30109724 93.17164877 0.0 0.0 0.0 0.0 0.0 0.0 1.0 0.0
32.30109724 88.17164877 0.0 0.0 0.0 0.0 0.0 0.0 1.0 0.0
32.30109724 83.17164877 0.0 0.0 0.0 0.0 0.0 0.0 0.0 1.0
37.30109724 78.17164877 0.0 0.0 0.0 0.0 0.0 0.0 0.0 1.0
42.30109724 73.17164877 1.0 0.0 0.0 0.0 0.0 0.0 0.0 0.0
47.30109724 73.17164877 1.0 0.0 0.0 0.0 0.0 0.0 0.0 0.0
52.30109724 73.17164877 1.0 0.0 0.0 0.0 0.0 0.0 0.0 0.0
57.30109724 73.17164877 0.0 0.0 0.0 0.0 0.0 0.0 0.0 1.0
62.30109724 68.17164877 0.0 0.0 0.0 0.0 0.0 0.0 0.0 1.0
67.30109724 63.17164877 0.0 0.0 0.0 0.0 0.0 0.0 1.0 0.0
67.30109724 58.17164877 0.0 0.0 0.0 0.0 0.0 0.0 1.0 0.0
67.30109724 53.17164877 0.0 0.0 0.0 0.0 0.0 0.0 0.0 1.0
72.30109724 48.17164877 0.0 0.0 0.0 0.0 0.0 0.0 0.0 1.0
77.30109724 43.17164877 1.0 0.0 0.0 0.0 0.0 0.0 0.0 0.0
82.30109724 43.17164877 0.0 0.0 0.0 0.0 0.0 0.0 0.0 1.0
