14.70036708 63.98046108 0.0 0.0 0.0 0.0 0.0 0.0 0.0 1.0
19.70036708 58.98046108 1.0 0.0 0.0 0.0 0.0 0.0 0.0 0.0
24.70036708 58.98046108 1.0 0.0 0.0 0.0 0.0 0.0 0.0 0.0
29.70036708 58.98046108 1.0 0.0 0.0 0.0 0.0 0.0 0.0 0.0
34.70036708 58.98046108 0.0 0.0 0.0 0.0 0.0 0.0 0.0 1.0
39.70036708 53.98046108 0.0 0.0 0.0 0.0 0.0 0.0 0.0 1.0
44.70036708 48.98046108 0.0 0.0 0.0 0.0 0.0 0.0 0.0 1.0
49.70036708 43.98046108 0.0 0.0 0.0 0.0 0.0 0.0 0.0 1.0
54.70036708 38.98046108 0.0 0.0 0.0 0.0 0.0 0.0 0.0 1.0
59.70036708 33.98046108 0.0 0.0 0.0 0.0 0.0 0.0 0.0 1.0
64.70036708 28.98046108 0.0 0.0 0.0 0.0 0.0 0.0 1.0 0.0
64.70036708 23.98046108 0.0 0.0 0.0 0.0 0.0 0.0 0.0 1.0
69.70036708 18.98046108 0.0 0.0 0.0 0.0 0.0 0.0 0.0 1.0
74.70036708 13.98046108 0.0 0.0 0.0 0.0 0.0 0.0 1.0 0.0
74.70036708 8.98046108 0.0 0.0 0.0 0.0 0.0 0.0 1.0 0.0
74.70036708 3.98046108 0.0 0.0 0.0 0.0 0.0 0.0 0.0 1.0
