99.95881678 4.91192215 0.0 0.0 1.0 0.0 0.0 0.0 0.0 0.0
99.95881678 9.91192215 0.0 0.0 1.0 0.0 0.0 0.0 0.0 0.0
99.95881678 14.91192215 0.0 0.0 1.0 0.0 0.0 0.0 0.0 0.0
99.95881678 19.91192215 0.0 0.0 1.0 0.0 0.0 0.0 0.0 0.0
99.95881678 24.91192215 0.0 0.0 1.0 0.0 0.0 0.0 0.0 0.0
99.95881678 29.91192215 0.0 0.0 1.0 0.0 0.0 0.0 0.0 0.0
99.95881678 34.91192215 0.0 0.0 1.0 0.0 0.0 0.0 0.0 0.0
99.95881678 39.91192215 0.0 0.0 0.0 1.0 0.0 0.0 0.0 0.0
94.95881678 44.91192215 0.0 0.0 1.0 0.0 0.0 0.0 0.0 0.0
94.95881678 49.91192215 0.0 0.0 0.0 1.0 0.0 0.0 0.0 0.0
89.95881678 54.91192215 0.0 0.0 1.0 0.0 0.0 0.0 0.0 0.0
89.95881678 59.91192215 0.0 0.0 0.0 1.0 0.0 0.0 0.0 0.0
84.95881678 64.91192215 0.0 0.0 1.0 0.0 0.0 0.0 0.0 0.0
84.95881678 69.91192215 0.0 0.0 0.0 1.0 0.0 0.0 0.0 0.0
79.95881678 74.91192215 0.0 0.0 1.0 0.0 0.0 0.0 0.0 0.0
79.95881678 79.91192215 0.0 0.0 0.0 1.0 0.0 0.0 0.0 0.0
74.95881678 84.91192215 0.0 0.0 0.0 1.0 0.0 0.0 0.0 0.0
