95.82020161 94.03708605 0.0 0.0 0.0 0.0 0.0 0.0 1.0 0.0
95.82020161 89.03708605 0.0 0.0 0.0 0.0 0.0 1.0 0.0 0.0
90.82020161 84.03708605 0.0 0.0 0.0 0.0 0.0 1.0 0.0 0.0
85.82020161 79.03708605 0.0 0.0 0.0 0.0 0.0 1.0 0.0 0.0
80.82020161 74.03708605 0.0 0.0 0.0 0.0 0.0 0.0 1.0 0.0
80.82020161 69.03708605 0.0 0.0 0.0 0.0 0.0 0.0 1.0 0.0
80.82020161 64.03708605 0.0 0.0 0.0 0.0 0.0 0.0 1.0 0.0
80.82020161 59.03708605 0.0 0.0 0.0 0.0 0.0 0.0 1.0 0.0
80.82020161 54.03708605 0.0 0.0 0.0 0.0 0.0 1.0 0.0 0.0
75.82020161 49.03708605 0.0 0.0 0.0 0.0 0.0 1.0 0.0 0.0
70.82020161 44.03708605 0.0 0.0 0.0 0.0 1.0 0.0 0.0 0.0
65.82020161 44.03708605 0.0 0.0 0.0 0.0 1.0 0.0 0.0 0.0
60.82020161 44.03708605 0.0 0.0 0.0 0.0 1.0 0.0 0.0 0.0
55.82020161 44.03708605 0.0 0.0 0.0 0.0 1.0 0.0 0.0 0.0
50.82020161 44.03708605 0.0 0.0 0.0 0.0 1.0 0.0 0.0 0.0
45.82020161 44.03708605 0.0 0.0 0.0 0.0 1.0 0.0 0.0 0.0
40.82020161 44.03708605 0.0 0.0 0.0 0.0 1.0 0.0 0.0 0.0
35.82020161 44.03708605 0.0 0.0 0.0 0.0 1.0 0.0 0.0 0.0
30.82020161 44.03708605 0.0 0.0 0.0 0.0 1.0 0.0 0.0 0.0
25.82020161 44.03708605 0.0 0.0 0.0 0.0 1.0 0.0 0.0 0.0
20.82020161 44.03708605 0.0 0.0 0.0 0.0 1.0 0.0 0.0 0.0
15.82020161 44.03708605 0.0 0.0 0.0 0.0 0.0 1.0 0.0 0.0
