69.75276557 4.39615604 0.0 0.0 0.0 1.0 0.0 0.0 0.0 0.0
64.75276557 9.39615604 0.0 0.0 0.0 1.0 0.0 0.0 0.0 0.0
59.75276557 14.39615604 0.0 0.0 1.0 0.0 0.0 0.0 0.0 0.0
59.75276557 19.39615604 0.0 0.0 1.0 0.0 0.0 0.0 0.0 0.0
59.75276557 24.39615604 0.0 0.0 0.0 1.0 0.0 0.0 0.0 0.0
54.75276557 29.39615604 0.0 0.0 0.0 1.0 0.0 0.0 0.0 0.0
49.75276557 34.39615604 0.0 0.0 0.0 1.0 0.0 0.0 0.0 0.0
44.75276557 39.39615604 0.0 0.0 0.0 1.0 0.0 0.0 0.0 0.0
39.75276557 44.39615604 0.0 0.0 0.0 0.0 1.0 0.0 0.0 0.0
34.75276557 44.39615604 0.0 0.0 0.0 1.0 0.0 0.0 0.0 0.0
29.75276557 49.39615604 0.0 0.0 1.0 0.0 0.0 0.0 0.0 0.0
29.75276557 54.39615604 0.0 0.0 0.0 1.0 0.0 0.0 0.0 0.0
24.75276557 59.39615604 0.0 0.0 1.0 0.0 0.0 0.0 0.0 0.0
24.75276557 64.39615604 0.0 0.0 1.0 0.0 0.0 0.0 0.0 0.0
24.75276557 69.39615604 0.0 0.0 1.0 0.0 0.0 0.0 0.0 0.0
24.75276557 74.39615604 0.0 0.0 1.0 0.0 0.0 0.0 0.0 0.0
24.75276557 79.39615604 0.0 0.0 0.0 1.0 0.0 0.0 0.0 0.0
19.75276557 84.39615604 0.0 0.0 0.0 1.0 0.0 0.0 0.0 0.0
