95.70706482 57.07497585 0.0 0.0 0.0 1.0 0.0 0.0 0.0 0.0
90.70706482 62.07497585 0.0 0.0 0.0 0.0 1.0 0.0 0.0 0.0
85.70706482 62.07497585 0.0 0.0 0.0 0.0 1.0 0.0 0.0 0.0
80.70706482 62.07497585 0.0 0.0 0.0 0.0 1.0 0.0 0.0 0.0
75.70706482 62.07497585 0.0 0.0 0.0 0.0 1.0 0.0 0.0 0.0
70.70706482 62.07497585 0.0 0.0 0.0 0.0 1.0 0.0 0.0 0.0
65.70706482 62.07497585 0.0 0.0 0.0 0.0 1.0 0.0 0.0 0.0
60.70706482 62.07497585 0.0 0.0 0.0 1.0 0.0 0.0 0.0 0.0
55.70706482 67.07497585 0.0 0.0 0.0 1.0 0.0 0.0 0.0 0.0
50.70706482 72.07497585 0.0 0.0 0.0 1.0 0.0 0.0 0.0 0.0
45.70706482 77.07497585 0.0 0.0 0.0 1.0 0.0 0.0 0.0 0.0
40.70706482 82.07497585 0.0 0.0 0.0 1.0 0.0 0.0 0.0 0.0
35.70706482 87.07497585 0.0 0.0 0.0 1.0 0.0 0.0 0.0 0.0
30.70706482 92.07497585 0.0 0.0 0.0 1.0 0.0 0.0 0.0 0.0
