17.77929008 9.0706585 0.0 1.0 0.0 0.0 0.0 0.0 0.0 0.0
22.77929008 14.0706585 0.0 1.0 0.0 0.0 0.0 0.0 0.0 0.0
27.77929008 19.0706585 0.0 1.0 0.0 0.0 0.0 0.0 0.0 0.0
32.77929008 24.0706585 0.0 1.0 0.0 0.0 0.0 0.0 0.0 0.0
37.77929008 29.0706585 0.0 1.0 0.0 0.0 0.0 0.0 0.0 0.0
42.77929008 34.0706585 0.0 1.0 0.0 0.0 0.0 0.0 0.0 0.0
47.77929008 39.0706585 0.0 1.0 0.0 0.0 0.0 0.0 0.0 0.0
52.77929008 44.0706585 0.0 1.0 0.0 0.0 0.0 0.0 0.0 0.0
57.77929008 49.0706585 1.0 0.0 0.0 0.0 0.0 0.0 0.0 0.0
62.77929008 49.0706585 1.0 0.0 0.0 0.0 0.0 0.0 0.0 0.0
67.77929008 49.0706585 0.0 1.0 0.0 0.0 0.0 0.0 0.0 0.0
72.77929008 54.0706585 0.0 1.0 0.0 0.0 0.0 0.0 0.0 0.0
77.77929008 59.0706585 0.0 1.0 0.0 0.0 0.0 0.0 0.0 0.0
82.77929008 64.0706585 0.0 1.0 0.0 0.0 0.0 0.0 0.0 0.0
87.77929008 69.0706585 0.0 0.0 1.0 0.0 0.0 0.0 0.0 0.0
87.77929008 74.0706585 0.0 1.0 0.0 0.0 0.0 0.0 0.0 0.0
92.77929008 79.0706585 0.0 0.0 1.0 0.0 0.0 0.0 0.0 0.0
92.77929008 84.0706585 0.0 1.0 0.0 0.0 0.0 0.0 0.0 0.0
