78.79034657 89.50889385 1.0 0.0 0.0 0.0 0.0 0.0 0.0 0.0
83.79034657 89.50889385 0.0 0.0 0.0 0.0 0.0 0.0 0.0 1.0
88.79034657 84.50889385 0.0 0.0 0.0 0.0 0.0 0.0 0.0 1.0
93.79034657 79.50889385 0.0 0.0 0.0 0.0 0.0 0.0 0.0 1.0
98.79034657 74.50889385 0.0 0.0 0.0 0.0 0.0 0.0 1.0 0.0
98.79034657 69.50889385 0.0 0.0 0.0 0.0 0.0 1.0 0.0 0.0
93.79034657 64.50889385 0.0 0.0 0.0 0.0 0.0 1.0 0.0 0.0
88.79034657 59.50889385 0.0 0.0 0.0 0.0 0.0 1.0 0.0 0.0
83.79034657 54.50889385 0.0 0.0 0.0 0.0 0.0 1.0 0.0 0.0
78.79034657 49.50889385 0.0 0.0 0.0 0.0 0.0 1.0 0.0 0.0
73.79034657 44.50889385 0.0 0.0 0.0 0.0 0.0 1.0 0.0 0.0
68.79034657 39.50889385 0.0 0.0 0.0 0.0 0.0 1.0 0.0 0.0
63.79034657 34.50889385 0.0 0.0 0.0 0.0 0.0 1.0 0.0 0.0
58.79034657 29.50889385 0.0 0.0 0.0 0.0 0.0 1.0 0.0 0.0
53.79034657 24.50889385 0.0 0.0 0.0 0.0 1.0 0.0 0.0 0.0
48.79034657 24.50889385 0.0 0.0 0.0 0.0 0.0 1.0 0.0 0.0
43.79034657 19.50889385 0.0 0.0 0.0 0.0 0.0 1.0 0.0 0.0
