0.97799883 66.5944368 1.0 0.0 0.0 0.0 0.0 0.0 0.0 0.0
5.97799883 66.5944368 1.0 0.0 0.0 0.0 0.0 0.0 0.0 0.0
10.97799883 66.5944368 1.0 0.0 0.0 0.0 0.0 0.0 0.0 0.0
15.97799883 66.5944368 0.0 1.0 0.0 0.0 0.0 0.0 0.0 0.0
20.97799883 71.5944368 0.0 1.0 0.0 0.0 0.0 0.0 0.0 0.0
25.97799883 76.5944368 0.0 1.0 0.0 0.0 0.0 0.0 0.0 0.0
30.97799883 81.5944368 0.0 1.0 0.0 0.0 0.0 0.0 0.0 0.0
35.97799883 86.5944368 0.0 1.0 0.0 0.0 0.0 0.0 0.0 0.0
40.97799883 91.5944368 0.0 1.0 0.0 0.0 0.0 0.0 0.0 0.0
45.97799883 96.5944368 1.0 0.0 0.0 0.0 0.0 0.0 0.0 0.0
50.97799883 96.5944368 0.0 0.0 0.0 0.0 0.0 0.0 0.0 1.0
55.97799883 91.5944368 0.0 0.0 0.0 0.0 0.0 0.0 0.0 1.0
60.97799883 86.5944368 1.0 0.0 0.0 0.0 0.0 0.0 0.0 0.0
65.97799883 86.5944368 1.0 0.0 0.0 0.0 0.0 0.0 0.0 0.0
70.97799883 86.5944368 0.0 0.0 0.0 0.0 0.0 0.0 0.0 1.0
