87.21815165 29.06749897 0.0 0.0 0.0 1.0 0.0 0.0 0.0 0.0
82.21815165 34.06749897 0.0 0.0 0.0 1.0 0.0 0.0 0.0 0.0
77.21815165 39.06749897 0.0 0.0 0.0 1.0 0.0 0.0 0.0 0.0
72.21815165 44.06749897 0.0 0.0 0.0 1.0 0.0 0.0 0.0 0.0
67.21815165 49.06749897 0.0 0.0 0.0 1.0 0.0 0.0 0.0 0.0
62.21815165 54.06749897 0.0 0.0 0.0 1.0 0.0 0.0 0.0 0.0
57.21815165 59.06749897 0.0 0.0 0.0 1.0 0.0 0.0 0.0 0.0
52.21815165 64.06749897 0.0 0.0 0.0 0.0 1.0 0.0 0.0 0.0
47.21815165 64.06749897 0.0 0.0 0.0 1.0 0.0 0.0 0.0 0.0
42.21815165 69.06749897 0.0 0.0 0.0 0.0 1.0 0.0 0.0 0.0
37.21815165 69.06749897 0.0 0.0 0.0 0.0 1.0 0.0 0.0 0.0
32.21815165 69.06749897 0.0 0.0 0.0 1.0 0.0 0.0 0.0 0.0
27.21815165 74.06749897 0.0 0.0 0.0 0.0 1.0 0.0 0.0 0.0
22.21815165 74.06749897 0.0 0.0 0.0 1.0 0.0 0.0 0.0 0.0
