98.81850192 59.61224919 0.0 0.0 0.0 0.0 1.0 0.0 0.0 0.0
93.81850192 59.61224919 0.0 0.0 0.0 0.0 0.0 1.0 0.0 0.0
88.81850192 54.61224919 0.0 0.0 0.0 0.0 0.0 1.0 0.0 0.0
83.81850192 49.61224919 0.0 0.0 0.0 0.0 0.0 1.0 0.0 0.0
78.81850192 44.61224919 0.0 0.0 0.0 0.0 0.0 1.0 0.0 0.0
73.81850192 39.61224919 0.0 0.0 0.0 0.0 0.0 1.0 0.0 0.0
68.81850192 34.61224919 0.0 0.0 0.0 0.0 0.0 0.0 1.0 0.0
68.81850192 29.61224919 0.0 0.0 0.0 0.0 0.0 1.0 0.0 0.0
63.81850192 24.61224919 0.0 0.0 0.0 0.0 0.0 1.0 0.0 0.0
58.81850192 19.61224919 0.0 0.0 0.0 0.0 0.0 1.0 0.0 0.0
53.81850192 14.61224919 0.0 0.0 0.0 0.0 1.0 0.0 0.0 0.0
48.81850192 14.61224919 0.0 0.0 0.0 0.0 1.0 0.0 0.0 0.0
43.81850192 14.61224919 0.0 0.0 0.0 0.0 1.0 0.0 0.0 0.0
38.81850192 14.61224919 0.0 0.0 0.0 0.0 1.0 0.0 0.0 0.0
33.81850192 14.61224919 0.0 0.0 0.0 0.0 1.0 0.0 0.0 0.0
28.81850192 14.61224919 0.0 0.0 0.0 0.0 1.0 0.0 0.0 0.0
23.81850192 14.61224919 0.0 0.0 0.0 0.0 0.0 1.0 0.0 0.0
18.81850192 9.61224919 0.0 0.0 0.0 0.0 0.0 1.0 0.0 0.0
