31.43048954 88.64465071 1.0 0.0 0.0 0.0 0.0 0.0 0.0 0.0
36.43048954 88.64465071 0.0 0.0 0.0 0.0 0.0 0.0 0.0 1.0
41.43048954 83.64465071 0.0 0.0 0.0 0.0 0.0 0.0 0.0 1.0
46.43048954 78.64465071 0.0 0.0 0.0 0.0 0.0 0.0 0.0 1.0
51.43048954 73.64465071 0.0 0.0 0.0 0.0 0.0 0.0 1.0 0.0
51.43048954 68.64465071 0.0 0.0 0.0 0.0 0.0 0.0 1.0 0.0
51.43048954 63.64465071 0.0 0.0 0.0 0.0 0.0 0.0 0.0 1.0
56.43048954 58.64465071 0.0 0.0 0.0 0.0 0.0 0.0 0.0 1.0
61.43048954 53.64465071 0.0 0.0 0.0 0.0 0.0 0.0 1.0 0.0
61.43048954 48.64465071 0.0 0.0 0.0 0.0 0.0 0.0 1.0 0.0
61.43048954 43.64465071 0.0 0.0 0.0 0.0 0.0 0.0 0.0 1.0
66.43048954 38.64465071 0.0 0.0 0.0 0.0 0.0 0.0 1.0 0.0
66.43048954 33.64465071 0.0 0.0 0.0 0.0 0.0 0.0 0.0 1.0
71.43048954 28.64465071 0.0 0.0 0.0 0.0 0.0 0.0 1.0 0.0
71.43048954 23.64465071 0.0 0.0 0.0 0.0 0.0 0.0 0.0 1.0
76.43048954 18.64465071 0.0 0.0 0.0 0.0 0.0 0.0 1.0 0.0
76.43048954 13.64465071 0.0 0.0 0.0 0.0 0.0 0.0 0.0 1.0
