14.75293083 62.15726433 0.0 0.0 0.0 0.0 0.0 0.0 0.0 1.0
19.75293083 57.15726433 0.0 0.0 0.0 0.0 0.0 0.0 0.0 1.0
24.75293083 52.15726433 0.0 0.0 0.0 0.0 0.0 0.0 0.0 1.0
29.75293083 47.15726433 0.0 0.0 0.0 0.0 0.0 0.0 0.0 1.0
34.75293083 42.15726433 0.0 0.0 0.0 0.0 0.0 0.0 0.0 1.0
39.75293083 37.15726433 1.0 0.0 0.0 0.0 0.0 0.0 0.0 0.0
44.75293083 37.15726433 1.0 0.0 0.0 0.0 0.0 0.0 0.0 0.0
49.75293083 37.15726433 1.0 0.0 0.0 0.0 0.0 0.0 0.0 0.0
54.75293083 37.15726433 1.0 0.0 0.0 0.0 0.0 0.0 0.0 0.0
59.75293083 37.15726433 1.0 0.0 0.0 0.0 0.0 0.0 0.0 0.0
64.75293083 37.15726433 0.0 0.0 0.0 0.0 0.0 0.0 0.0 1.0
69.75293083 32.15726433 1.0 0.0 0.0 0.0 0.0 0.0 0.0 0.0
74.75293083 32.15726433 0.0 0.0 0.0 0.0 0.0 0.0 0.0 1.0
79.75293083 27.15726433 0.0 0.0 0.0 0.0 0.0 0.0 0.0 1.0
84.75293083 22.15726433 0.0 0.0 0.0 0.0 0.0 0.0 0.0 1.0
89.75293083 17.15726433 0.0 0.0 0.0 0.0 0.0 0.0 0.0 1.0
94.75293083 12.15726433 0.0 0.0 0.0 0.0 0.0 1.0 0.0 0.0
