30.67198025 84.4590709 0.0 0.0 0.0 0.0 0.0 0.0 1.0 0.0
30.67198025 79.4590709 0.0 0.0 0.0 0.0 0.0 0.0 1.0 0.0
30.67198025 74.4590709 0.0 0.0 0.0 0.0 0.0 0.0 1.0 0.0
30.67198025 69.4590709 0.0 0.0 0.0 0.0 0.0 0.0 1.0 0.0
30.67198025 64.4590709 0.0 0.0 0.0 0.0 0.0 0.0 1.0 0.0
30.67198025 59.4590709 0.0 0.0 0.0 0.0 0.0 0.0 1.0 0.0
30.67198025 54.4590709 0.0 0.0 0.0 0.0 0.0 0.0 1.0 0.0
30.67198025 49.4590709 0.0 0.0 0.0 0.0 0.0 0.0 1.0 0.0
30.67198025 44.4590709 0.0 0.0 0.0 0.0 0.0 0.0 1.0 0.0
30.67198025 39.4590709 0.0 0.0 0.0 0.0 0.0 0.0 1.0 0.0
30.67198025 34.4590709 0.0 0.0 0.0 0.0 0.0 0.0 1.0 0.0
30.67198025 29.4590709 0.0 0.0 0.0 0.0 0.0 0.0 1.0 0.0
30.67198025 24.4590709 0.0 0.0 0.0 0.0 0.0 0.0 1.0 0.0
30.67198025 19.4590709 0.0 0.0 0.0 0.0 0.0 0.0 1.0 0.0
30.67198025 14.4590709 0.0 0.0 0.0 0.0 0.0 0.0 1.0 0.0
30.67198025 9.4590709 0.0 0.0 0.0 0.0 0.0 1.0 0.0 0.0
25.67198025 4.4590709 0.0 0.0 0.0 0.0 0.0 1.0 0.0 0.0
