90.46492157 2.68037487 0.0 1.0 0.0 0.0 0.0 0.0 0.0 0.0
95.46492157 7.68037487 0.0 0.0 0.0 1.0 0.0 0.0 0.0 0.0
90.46492157 12.68037487 0.0 0.0 0.0 1.0 0.0 0.0 0.0 0.0
85.46492157 17.68037487 0.0 0.0 0.0 1.0 0.0 0.0 0.0 0.0
80.46492157 22.68037487 0.0 0.0 0.0 1.0 0.0 0.0 0.0 0.0
75.46492157 27.68037487 0.0 0.0 0.0 1.0 0.0 0.0 0.0 0.0
70.46492157 32.68037487 0.0 0.0 0.0 0.0 1.0 0.0 0.0 0.0
65.46492157 32.68037487 0.0 0.0 0.0 0.0 1.0 0.0 0.0 0.0
60.46492157 32.68037487 0.0 0.0 0.0 0.0 1.0 0.0 0.0 0.0
55.46492157 32.68037487 0.0 0.0 0.0 1.0 0.0 0.0 0.0 0.0
50.46492157 37.68037487 0.0 0.0 0.0 1.0 0.0 0.0 0.0 0.0
45.46492157 42.68037487 0.0 0.0 0.0 1.0 0.0 0.0 0.0 0.0
40.46492157 47.68037487 0.0 0.0 0.0 0.0 1.0 0.0 0.0 0.0
35.46492157 47.68037487 0.0 0.0 0.0 1.0 0.0 0.0 0.0 0.0
30.46492157 52.68037487 0.0 0.0 0.0 0.0 1.0 0.0 0.0 0.0
25.46492157 52.68037487 0.0 0.0 0.0 1.0 0.0 0.0 0.0 0.0
20.46492157 57.68037487 0.0 0.0 0.0 0.0 1.0 0.0 0.0 0.0
15.46492157 57.68037487 0.0 0.0 0.0 1.0 0.0 0.0 0.0 0.0
10.46492157 62.68037487 0.0 0.0 0.0 1.0 0.0 0.0 0.0 0.0
