7.44448002 26.16832574 0.0 1.0 0.0 0.0 0.0 0.0 0.0 0.0
12.44448002 31.16832574 0.0 1.0 0.0 0.0 0.0 0.0 0.0 0.0
17.44448002 36.16832574 0.0 1.0 0.0 0.0 0.0 0.0 0.0 0.0
22.44448002 41.16832574 0.0 1.0 0.0 0.0 0.0 0.0 0.0 0.0
27.44448002 46.16832574 0.0 1.0 0.0 0.0 0.0 0.0 0.0 0.0
32.44448002 51.16832574 0.0 0.0 1.0 0.0 0.0 0.0 0.0 0.0
32.44448002 56.16832574 0.0 1.0 0.0 0.0 0.0 0.0 0.0 0.0
37.44448002 61.16832574 0.0 1.0 0.0 0.0 0.0 0.0 0.0 0.0
42.44448002 66.16832574 0.0 1.0 0.0 0.0 0.0 0.0 0.0 0.0
47.44448002 71.16832574 1.0 0.0 0.0 0.0 0.0 0.0 0.0 0.0
52.44448002 71.16832574 0.0 1.0 0.0 0.0 0.0 0.0 0.0 0.0
57.44448002 76.16832574 1.0 0.0 0.0 0.0 0.0 0.0 0.0 0.0
62.44448002 76.16832574 0.0 1.0 0.0 0.0 0.0 0.0 0.0 0.0
67.44448002 81.16832574 1.0 0.0 0.0 0.0 0.0 0.0 0.0 0.0
72.44448002 81.16832574 0.0 1.0 0.0 0.0 0.0 0.0 0.0 0.0
77.44448002 86.16832574 1.0 0.0 0.0 0.0 0.0 0.0 0.0 0.0
82.44448002 86.16832574 1.0 0.0 0.0 0.0 0.0 0.0 0.0 0.0
87.44448002 86.16832574 0.0 1.0 0.0 0.0 0.0 0.0 0.0 0.0
