34.93498519 95.57143203 0.0 0.0 0.0 0.0 0.0 0.0 1.0 0.0
34.93498519 90.57143203 0.0 0.0 0.0 0.0 0.0 0.0 1.0 0.0
34.93498519 85.57143203 0.0 0.0 0.0 0.0 0.0 0.0 1.0 0.0
34.93498519 80.57143203 0.0 0.0 0.0 0.0 0.0 0.0 1.0 0.0
34.93498519 75.57143203 0.0 0.0 0.0 0.0 0.0 0.0 1.0 0.0
34.93498519 70.57143203 0.0 0.0 0.0 0.0 0.0 1.0 0.0 0.0
29.93498519 65.57143203 0.0 0.0 0.0 0.0 0.0 0.0 0.0 1.0
34.93498519 60.57143203 0.0 0.0 0.0 0.0 0.0 0.0 1.0 0.0
34.93498519 55.57143203 0.0 0.0 0.0 0.0 0.0 0.0 0.0 1.0
39.93498519 50.57143203 0.0 0.0 0.0 0.0 0.0 0.0 0.0 1.0
44.93498519 45.57143203 0.0 0.0 0.0 0.0 0.0 0.0 1.0 0.0
44.93498519 40.57143203 0.0 0.0 0.0 0.0 0.0 0.0 1.0 0.0
44.93498519 35.57143203 0.0 0.0 0.0 0.0 0.0 0.0 0.0 1.0
49.93498519 30.57143203 0.0 0.0 0.0 0.0 0.0 0.0 0.0 1.0
54.93498519 25.57143203 0.0 0.0 0.0 0.0 0.0 0.0 0.0 1.0
59.93498519 20.57143203 0.0 0.0 0.0 0.0 0.0 0.0 0.0 1.0
64.93498519 15.57143203 1.0 0.0 0.0 0.0 0.0 0.0 0.0 0.0
69.93498519 15.57143203 0.0 0.0 0.0 0.0 0.0 0.0 0.0 1.0
74.93498519 10.57143203 1.0 0.0 0.0 0.0 0.0 0.0 0.0 0.0
79.93498519 10.57143203 0.0 0.0 0.0 0.0 0.0 0.0 0.0 1.0
84.93498519 5.57143203 1.0 0.0 0.0 0.0 0.0 0.0 0.0 0.0
89.93498519 5.57143203 0.0 0.0 0.0 0.0 0.0 0.0 0.0 1.0
