8.36834424 3.19783748 0.0 1.0 0.0 0.0 0.0 0.0 0.0 0.0
13.36834424 8.19783748 0.0 1.0 0.0 0.0 0.0 0.0 0.0 0.0
18.36834424 13.19783748 0.0 0.0 1.0 0.0 0.0 0.0 0.0 0.0
18.36834424 18.19783748 0.0 0.0 1.0 0.0 0.0 0.0 0.0 0.0
18.36834424 23.19783748 0.0 0.0 1.0 0.0 0.0 0.0 0.0 0.0
18.36834424 28.19783748 0.0 0.0 1.0 0.0 0.0 0.0 0.0 0.0
18.36834424 33.19783748 0.0 0.0 1.0 0.0 0.0 0.0 0.0 0.0
18.36834424 38.19783748 0.0 0.0 1.0 0.0 0.0 0.0 0.0 0.0
18.36834424 43.19783748 0.0 0.0 1.0 0.0 0.0 0.0 0.0 0.0
18.36834424 48.19783748 0.0 0.0 1.0 0.0 0.0 0.0 0.0 0.0
18.36834424 53.19783748 0.0 1.0 0.0 0.0 0.0 0.0 0.0 0.0
23.36834424 58.19783748 0.0 1.0 0.0 0.0 0.0 0.0 0.0 0.0
28.36834424 63.19783748 0.0 1.0 0.0 0.0 0.0 0.0 0.0 0.0
33.36834424 68.19783748 1.0 0.0 0.0 0.0 0.0 0.0 0.0 0.0
38.36834424 68.19783748 1.0 0.0 0.0 0.0 0.0 0.0 0.0 0.0
43.36834424 68.19783748 1.0 0.0 0.0 0.0 0.0 0.0 0.0 0.0
48.36834424 68.19783748 1.0 0.0 0.0 0.0 0.0 0.0 0.0 0.0
53.36834424 68.19783748 0.0 1.0 0.0 0.0 0.0 0.0 0.0 0.0
58.36834424 73.19783748 1.0 0.0 0.0 0.0 0.0 0.0 0.0 0.0
63.36834424 73.19783748 0.0 1.0 0.0 0.0 0.0 0.0 0.0 0.0
68.36834424 78.19783748 1.0 0.0 0.0 0.0 0.0 0.0 0.0 0.0
73.36834424 78.19783748 0.0 1.0 0.0 0.0 0.0 0.0 0.0 0.0
78.36834424 83.19783748 1.0 0.0 0.0 0.0 0.0 0.0 0.0 0.0
83.36834424 83.19783748 0.0 1.0 0.0 0.0 0.0 0.0 0.0 0.0
