99.36337052 1.37638399 0.0 0.0 1.0 0.0 0.0 0.0 0.0 0.0
99.36337052 6.37638399 0.0 0.0 1.0 0.0 0.0 0.0 0.0 0.0
99.36337052 11.37638399 0.0 0.0 1.0 0.0 0.0 0.0 0.0 0.0
99.36337052 16.37638399 0.0 0.0 0.0 1.0 0.0 0.0 0.0 0.0
94.36337052 21.37638399 0.0 0.0 0.0 1.0 0.0 0.0 0.0 0.0
89.36337052 26.37638399 0.0 0.0 0.0 1.0 0.0 0.0 0.0 0.0
84.36337052 31.37638399 0.0 0.0 0.0 1.0 0.0 0.0 0.0 0.0
79.36337052 36.37638399 0.0 0.0 0.0 1.0 0.0 0.0 0.0 0.0
74.36337052 41.37638399 0.0 0.0 0.0 1.0 0.0 0.0 0.0 0.0
69.36337052 46.37638399 0.0 0.0 0.0 1.0 0.0 0.0 0.0 0.0
64.36337052 51.37638399 0.0 0.0 0.0 1.0 0.0 0.0 0.0 0.0
59.36337052 56.37638399 0.0 0.0 0.0 1.0 0.0 0.0 0.0 0.0
54.36337052 61.37638399 0.0 0.0 0.0 1.0 0.0 0.0 0.0 0.0
49.36337052 66.37638399 0.0 0.0 1.0 0.0 0.0 0.0 0.0 0.0
49.36337052 71.37638399 0.0 0.0 1.0 0.0 0.0 0.0 0.0 0.0
49.36337052 76.37638399 0.0 0.0 1.0 0.0 0.0 0.0 0.0 0.0
49.36337052 81.37638399 0.0 1.0 0.0 0.0 0.0 0.0 0.0 0.0
54.36337052 86.37638399 0.0 1.0 0.0 0.0 0.0 0.0 0.0 0.0
59.36337052 91.37638399 1.0 0.0 0.0 0.0 0.0 0.0 0.0 0.0
64.36337052 91.37638399 1.0 0.0 0.0 0.0 0.0 0.0 0.0 0.0
69.36337052 91.37638399 1.0 0.0 0.0 0.0 0.0 0.0 0.0 0.0
74.36337052 91.37638399 1.0 0.0 0.0 0.0 0.0 0.0 0.0 0.0
79.36337052 91.37638399 1.0 0.0 0.0 0.0 0.0 0.0 0.0 0.0
84.36337052 91.37638399 1.0 0.0 0.0 0.0 0.0 0.0 0.0 0.0
89.36337052 91.37638399 1.0 0.0 0.0 0.0 0.0 0.0 0.0 0.0
94.36337052 91.37638399 0.0 1.0 0.0 0.0 0.0 0.0 0.0 0.0
