14.04646575 75.51405922 1.0 0.0 0.0 0.0 0.0 0.0 0.0 0.0
19.04646575 75.51405922 1.0 0.0 0.0 0.0 0.0 0.0 0.0 0.0
24.04646575 75.51405922 1.0 0.0 0.0 0.0 0.0 0.0 0.0 0.0
29.04646575 75.51405922 1.0 0.0 0.0 0.0 0.0 0.0 0.0 0.0
34.04646575 75.51405922 1.0 0.0 0.0 0.0 0.0 0.0 0.0 0.0
39.04646575 75.51405922 0.0 0.0 0.0 0.0 0.0 0.0 0.0 1.0
44.04646575 70.51405922 0.0 0.0 0.0 0.0 0.0 0.0 0.0 1.0
49.04646575 65.51405922 1.0 0.0 0.0 0.0 0.0 0.0 0.0 0.0
54.04646575 65.51405922 1.0 0.0 0.0 0.0 0.0 0.0 0.0 0.0
59.04646575 65.51405922 1.0 0.0 0.0 0.0 0.0 0.0 0.0 0.0
64.04646575 65.51405922 1.0 0.0 0.0 0.0 0.0 0.0 0.0 0.0
69.04646575 65.51405922 1.0 0.0 0.0 0.0 0.0 0.0 0.0 0.0
74.04646575 65.51405922 1.0 0.0 0.0 0.0 0.0 0.0 0.0 0.0
79.04646575 65.51405922 1.0 0.0 0.0 0.0 0.0 0.0 0.0 0.0
84.04646575 65.51405922 1.0 0.0 0.0 0.0 0.0 0.0 0.0 0.0
89.04646575 65.51405922 0.0 1.0 0.0 0.0 0.0 0.0 0.0 0.0
94.04646575 70.51405922 0.0 1.0 0.0 0.0 0.0 0.0 0.0 0.0
