85.88832393 6.52428372 0.0 0.0 1.0 0.0 0.0 0.0 0.0 0.0
85.88832393 11.52428372 0.0 0.0 1.0 0.0 0.0 0.0 0.0 0.0
85.88832393 16.52428372 0.0 0.0 0.0 1.0 0.0 0.0 0.0 0.0
80.88832393 21.52428372 0.0 0.0 0.0 1.0 0.0 0.0 0.0 0.0
75.88832393 26.52428372 0.0 0.0 0.0 1.0 0.0 0.0 0.0 0.0
70.88832393 31.52428372 0.0 0.0 0.0 1.0 0.0 0.0 0.0 0.0
65.88832393 36.52428372 0.0 0.0 0.0 1.0 0.0 0.0 0.0 0.0
60.88832393 41.52428372 0.0 0.0 0.0 1.0 0.0 0.0 0.0 0.0
55.88832393 46.52428372 0.0 0.0 0.0 0.0 1.0 0.0 0.0 0.0
50.88832393 46.52428372 0.0 0.0 0.0 0.0 1.0 0.0 0.0 0.0
45.88832393 46.52428372 0.0 0.0 0.0 1.0 0.0 0.0 0.0 0.0
40.88832393 51.52428372 0.0 0.0 0.0 1.0 0.0 0.0 0.0 0.0
35.88832393 56.52428372 0.0 0.0 0.0 1.0 0.0 0.0 0.0 0.0
30.88832393 61.52428372 0.0 0.0 1.0 0.0 0.0 0.0 0.0 0.0
30.88832393 66.52428372 0.0 0.0 1.0 0.0 0.0 0.0 0.0 0.0
30.88832393 71.52428372 0.0 0.0 1.0 0.0 0.0 0.0 0.0 0.0
30.88832393 76.52428372 0.0 0.0 1.0 0.0 0.0 0.0 0.0 0.0
30.88832393 81.52428372 0.0 0.0 0.0 1.0 0.0 0.0 0.0 0.0
