77.18763732 84.02118994 0.0 0.0 0.0 0.0 1.0 0.0 0.0 0.0
72.18763732 84.02118994 0.0 0.0 0.0 0.0 1.0 0.0 0.0 0.0
67.18763732 84.02118994 0.0 0.0 0.0 0.0 1.0 0.0 0.0 0.0
62.18763732 84.02118994 0.0 0.0 0.0 0.0 1.0 0.0 0.0 0.0
57.18763732 84.02118994 0.0 0.0 0.0 0.0 1.0 0.0 0.0 0.0
52.18763732 84.02118994 0.0 0.0 0.0 0.0 1.0 0.0 0.0 0.0
47.18763732 84.02118994 0.0 0.0 0.0 0.0 1.0 0.0 0.0 0.0
42.18763732 84.02118994 0.0 0.0 0.0 1.0 0.0 0.0 0.0 0.0
37.18763732 89.02118994 0.0 0.0 0.0 1.0 0.0 0.0 0.0 0.0
32.18763732 94.02118994 0.0 0.0 0.0 0.0 1.0 0.0 0.0 0.0
27.18763732 94.02118994 0.0 0.0 0.0 0.0 1.0 0.0 0.0 0.0
22.18763732 94.02118994 0.0 0.0 0.0 0.0 1.0 0.0 0.0 0.0
17.18763732 94.02118994 0.0 0.0 0.0 0.0 0.0 1.0 0.0 0.0
12.18763732 89.02118994 0.0 0.0 0.0 0.0 0.0 1.0 0.0 0.0
7.18763732 84.02118994 0.0 0.0 0.0 0.0 0.0 0.0 1.0 0.0
7.18763732 79.02118994 0.0 0.0 0.0 0.0 0.0 0.0 1.0 0.0
7.18763732 74.02118994 0.0 0.0 0.0 0.0 0.0 0.0 1.0 0.0
7.18763732 69.02118994 0.0 0.0 0.0 0.0 0.0 0.0 1.0 0.0
7.18763732 64.02118994 0.0 0.0 0.0 0.0 0.0 0.0 0.0 1.0
12.18763732 59.02118994 0.0 0.0 0.0 0.0 0.0 1.0 0.0 0.0
