14.97976767 65.30538754 0.0 0.0 0.0 0.0 0.0 0.0 0.0 1.0
19.97976767 60.30538754 0.0 0.0 0.0 0.0 0.0 0.0 1.0 0.0
19.97976767 55.30538754 0.0 0.0 0.0 0.0 0.0 0.0 1.0 0.0
19.97976767 50.30538754 0.0 0.0 0.0 0.0 0.0 0.0 1.0 0.0
19.97976767 45.30538754 0.0 0.0 0.0 0.0 0.0 0.0 1.0 0.0
19.97976767 40.30538754 0.0 0.0 0.0 0.0 0.0 0.0 0.0 1.0
24.97976767 35.30538754 0.0 0.0 0.0 0.0 0.0 0.0 0.0 1.0
29.97976767 30.30538754 0.0 0.0 0.0 0.0 0.0 0.0 0.0 1.0
34.97976767 25.30538754 0.0 0.0 0.0 0.0 0.0 0.0 0.0 1.0
39.97976767 20.30538754 0.0 0.0 0.0 0.0 0.0 0.0 0.0 1.0
44.97976767 15.30538754 1.0 0.0 0.0 0.0 0.0 0.0 0.0 0.0
49.97976767 15.30538754 0.0 0.0 0.0 0.0 0.0 0.0 0.0 1.0
54.97976767 10.30538754 1.0 0.0 0.0 0.0 0.0 0.0 0.0 0.0
59.97976767 10.30538754 0.0 0.0 0.0 0.0 0.0 0.0 0.0 1.0
64.97976767 5.30538754 1.0 0.0 0.0 0.0 0.0 0.0 0.0 0.0
69.97976767 5.30538754 1.0 0.0 0.0 0.0 0.0 0.0 0.0 0.0
74.97976767 5.30538754 0.0 0.0 0.0 0.0 0.0 0.0 0.0 1.0
