60.1416441 99.04633905 0.0 0.0 0.0 0.0 0.0 0.0 1.0 0.0
60.1416441 94.04633905 0.0 0.0 0.0 0.0 0.0 0.0 1.0 0.0
60.1416441 89.04633905 0.0 0.0 0.0 0.0 0.0 0.0 1.0 0.0
60.1416441 84.04633905 0.0 0.0 0.0 0.0 0.0 1.0 0.0 0.0
55.1416441 79.04633905 0.0 0.0 0.0 0.0 0.0 1.0 0.0 0.0
50.1416441 74.04633905 0.0 0.0 0.0 0.0 0.0 1.0 0.0 0.0
45.1416441 69.04633905 0.0 0.0 0.0 0.0 0.0 1.0 0.0 0.0
40.1416441 64.04633905 0.0 0.0 0.0 0.0 0.0 0.0 1.0 0.0
40.1416441 59.04633905 0.0 0.0 0.0 0.0 0.0 1.0 0.0 0.0
35.1416441 54.04633905 0.0 0.0 0.0 0.0 0.0 0.0 1.0 0.0
35.1416441 49.04633905 0.0 0.0 0.0 0.0 0.0 0.0 1.0 0.0
35.1416441 44.04633905 0.0 0.0 0.0 0.0 0.0 1.0 0.0 0.0
30.1416441 39.04633905 0.0 0.0 0.0 0.0 0.0 0.0 1.0 0.0
30.1416441 34.04633905 0.0 0.0 0.0 0.0 0.0 1.0 0.0 0.0
25.1416441 29.04633905 0.0 0.0 0.0 0.0 0.0 0.0 1.0 0.0
25.1416441 24.04633905 0.0 0.0 0.0 0.0 0.0 1.0 0.0 0.0
20.1416441 19.04633905 0.0 0.0 0.0 0.0 0.0 0.0 1.0 0.0
20.1416441 14.04633905 0.0 0.0 0.0 0.0 0.0 1.0 0.0 0.0
