93.58183788 9.85251377 0.0 0.0 0.0 1.0 0.0 0.0 0.0 0.0
88.58183788 14.85251377 0.0 0.0 0.0 1.0 0.0 0.0 0.0 0.0
83.58183788 19.85251377 0.0 0.0 0.0 0.0 1.0 0.0 0.0 0.0
78.58183788 19.85251377 0.0 0.0 0.0 0.0 1.0 0.0 0.0 0.0
73.58183788 19.85251377 0.0 0.0 0.0 0.0 1.0 0.0 0.0 0.0
68.58183788 19.85251377 0.0 0.0 0.0 0.0 1.0 0.0 0.0 0.0
63.58183788 19.85251377 0.0 0.0 0.0 0.0 1.0 0.0 0.0 0.0
58.58183788 19.85251377 0.0 0.0 0.0 0.0 1.0 0.0 0.0 0.0
53.58183788 19.85251377 0.0 0.0 0.0 0.0 1.0 0.0 0.0 0.0
48.58183788 19.85251377 0.0 0.0 0.0 0.0 1.0 0.0 0.0 0.0
43.58183788 19.85251377 0.0 0.0 0.0 0.0 1.0 0.0 0.0 0.0
38.58183788 19.85251377 0.0 0.0 0.0 1.0 0.0 0.0 0.0 0.0
33.58183788 24.85251377 0.0 0.0 1.0 0.0 0.0 0.0 0.0 0.0
33.58183788 29.85251377 0.0 0.0 1.0 0.0 0.0 0.0 0.0 0.0
33.58183788 34.85251377 0.0 0.0 1.0 0.0 0.0 0.0 0.0 0.0
33.58183788 39.85251377 0.0 0.0 1.0 0.0 0.0 0.0 0.0 0.0
33.58183788 44.85251377 0.0 1.0 0.0 0.0 0.0 0.0 0.0 0.0
38.58183788 49.85251377 0.0 0.0 1.0 0.0 0.0 0.0 0.0 0.0
38.58183788 54.85251377 0.0 1.0 0.0 0.0 0.0 0.0 0.0 0.0
43.58183788 59.85251377 0.0 0.0 1.0 0.0 0.0 0.0 0.0 0.0
43.58183788 64.85251377 0.0 1.0 0.0 0.0 0.0 0.0 0.0 0.0
48.58183788 69.85251377 0.0 0.0 1.0 0.0 0.0 0.0 0.0 0.0
48.58183788 74.85251377 0.0 0.0 1.0 0.0 0.0 0.0 0.0 0.0
48.58183788 79.85251377 0.0 1.0 0.0 0.0 0.0 0.0 0.0 0.0
