36.40143375 2.94924243 0.0 0.0 0.0 1.0 0.0 0.0 0.0 0.0
31.40143375 7.94924243 0.0 0.0 0.0 1.0 0.0 0.0 0.0 0.0
26.40143375 12.94924243 0.0 0.0 0.0 0.0 1.0 0.0 0.0 0.0
21.40143375 12.94924243 0.0 0.0 0.0 0.0 1.0 0.0 0.0 0.0
16.40143375 12.94924243 0.0 0.0 0.0 1.0 0.0 0.0 0.0 0.0
11.40143375 17.94924243 0.0 0.0 0.0 1.0 0.0 0.0 0.0 0.0
6.40143375 22.94924243 0.0 0.0 1.0 0.0 0.0 0.0 0.0 0.0
6.40143375 27.94924243 0.0 0.0 1.0 0.0 0.0 0.0 0.0 0.0
6.40143375 32.94924243 0.0 0.0 1.0 0.0 0.0 0.0 0.0 0.0
6.40143375 37.94924243 0.0 1.0 0.0 0.0 0.0 0.0 0.0 0.0
11.40143375 42.94924243 0.0 1.0 0.0 0.0 0.0 0.0 0.0 0.0
16.40143375 47.94924243 0.0 1.0 0.0 0.0 0.0 0.0 0.0 0.0
21.40143375 52.94924243 0.0 0.0 1.0 0.0 0.0 0.0 0.0 0.0
21.40143375 57.94924243 0.0 1.0 0.0 0.0 0.0 0.0 0.0 0.0
26.40143375 62.94924243 0.0 0.0 1.0 0.0 0.0 0.0 0.0 0.0
26.40143375 67.94924243 0.0 0.0 1.0 0.0 0.0 0.0 0.0 0.0
26.40143375 72.94924243 0.0 1.0 0.0 0.0 0.0 0.0 0.0 0.0
31.40143375 77.94924243 0.0 0.0 1.0 0.0 0.0 0.0 0.0 0.0
31.40143375 82.94924243 0.0 1.0 0.0 0.0 0.0 0.0 0.0 0.0
36.40143375 87.94924243 0.0 1.0 0.0 0.0 0.0 0.0 0.0 0.0
