15.15498837 20.02256369 1.0 0.0 0.0 0.0 0.0 0.0 0.0 0.0
20.15498837 20.02256369 0.0 1.0 0.0 0.0 0.0 0.0 0.0 0.0
25.15498837 25.02256369 1.0 0.0 0.0 0.0 0.0 0.0 0.0 0.0
30.15498837 25.02256369 1.0 0.0 0.0 0.0 0.0 0.0 0.0 0.0
35.15498837 25.02256369 1.0 0.0 0.0 0.0 0.0 0.0 0.0 0.0
40.15498837 25.02256369 1.0 0.0 0.0 0.0 0.0 0.0 0.0 0.0
45.15498837 25.02256369 0.0 1.0 0.0 0.0 0.0 0.0 0.0 0.0
50.15498837 30.02256369 0.0 1.0 0.0 0.0 0.0 0.0 0.0 0.0
55.15498837 35.02256369 0.0 1.0 0.0 0.0 0.0 0.0 0.0 0.0
60.15498837 40.02256369 0.0 1.0 0.0 0.0 0.0 0.0 0.0 0.0
65.15498837 45.02256369 0.0 1.0 0.0 0.0 0.0 0.0 0.0 0.0
70.15498837 50.02256369 0.0 1.0 0.0 0.0 0.0 0.0 0.0 0.0
75.15498837 55.02256369 0.0 1.0 0.0 0.0 0.0 0.0 0.0 0.0
80.15498837 60.02256369 0.0 1.0 0.0 0.0 0.0 0.0 0.0 0.0
