93.17022948 16.98443858 0.0 0.0 0.0 1.0 0.0 0.0 0.0 0.0
88.17022948 21.98443858 0.0 0.0 0.0 1.0 0.0 0.0 0.0 0.0
83.17022948 26.98443858 0.0 0.0 0.0 1.0 0.0 0.0 0.0 0.0
78.17022948 31.98443858 0.0 0.0 0.0 1.0 0.0 0.0 0.0 0.0
73.17022948 36.98443858 0.0 0.0 0.0 1.0 0.0 0.0 0.0 0.0
68.17022948 41.98443858 0.0 0.0 0.0 1.0 0.0 0.0 0.0 0.0
63.17022948 46.98443858 0.0 0.0 0.0 1.0 0.0 0.0 0.0 0.0
58.17022948 51.98443858 0.0 0.0 0.0 1.0 0.0 0.0 0.0 0.0
53.17022948 56.98443858 0.0 0.0 0.0 1.0 0.0 0.0 0.0 0.0
48.17022948 61.98443858 0.0 0.0 0.0 1.0 0.0 0.0 0.0 0.0
43.17022948 66.98443858 0.0 0.0 0.0 1.0 0.0 0.0 0.0 0.0
38.17022948 71.98443858 0.0 0.0 0.0 1.0 0.0 0.0 0.0 0.0
33.17022948 76.98443858 0.0 0.0 1.0 0.0 0.0 0.0 0.0 0.0
33.17022948 81.98443858 0.0 0.0 0.0 1.0 0.0 0.0 0.0 0.0
28.17022948 86.98443858 0.0 0.0 0.0 1.0 0.0 0.0 0.0 0.0
