99.28822378 45.70679997 0.0 0.0 0.0 0.0 1.0 0.0 0.0 0.0
94.28822378 45.70679997 0.0 0.0 0.0 0.0 1.0 0.0 0.0 0.0
89.28822378 45.70679997 0.0 0.0 0.0 0.0 1.0 0.0 0.0 0.0
84.28822378 45.70679997 0.0 0.0 0.0 0.0 1.0 0.0 0.0 0.0
79.28822378 45.70679997 0.0 0.0 0.0 0.0 1.0 0.0 0.0 0.0
74.28822378 45.70679997 0.0 0.0 0.0 0.0 1.0 0.0 0.0 0.0
69.28822378 45.70679997 0.0 0.0 0.0 1.0 0.0 0.0 0.0 0.0
64.28822378 50.70679997 0.0 0.0 0.0 0.0 1.0 0.0 0.0 0.0
59.28822378 50.70679997 0.0 0.0 0.0 0.0 1.0 0.0 0.0 0.0
54.28822378 50.70679997 0.0 0.0 0.0 0.0 1.0 0.0 0.0 0.0
49.28822378 50.70679997 0.0 0.0 0.0 1.0 0.0 0.0 0.0 0.0
44.28822378 55.70679997 0.0 0.0 0.0 1.0 0.0 0.0 0.0 0.0
39.28822378 60.70679997 0.0 0.0 0.0 0.0 1.0 0.0 0.0 0.0
34.28822378 60.70679997 0.0 0.0 0.0 0.0 1.0 0.0 0.0 0.0
29.28822378 60.70679997 0.0 0.0 0.0 0.0 1.0 0.0 0.0 0.0
24.28822378 60.70679997 0.0 0.0 0.0 0.0 0.0 1.0 0.0 0.0
19.28822378 55.70679997 0.0 0.0 0.0 0.0 0.0 1.0 0.0 0.0
14.28822378 50.70679997 0.0 0.0 0.0 0.0 0.0 1.0 0.0 0.0
9.28822378 45.70679997 0.0 0.0 0.0 0.0 0.0 1.0 0.0 0.0
