95.60648664 41.69019542 0.0 0.0 0.0 0.0 1.0 0.0 0.0 0.0
90.60648664 41.69019542 0.0 0.0 0.0 0.0 1.0 0.0 0.0 0.0
85.60648664 41.69019542 0.0 0.0 0.0 0.0 1.0 0.0 0.0 0.0
80.60648664 41.69019542 0.0 0.0 0.0 0.0 1.0 0.0 0.0 0.0
75.60648664 41.69019542 0.0 0.0 0.0 0.0 1.0 0.0 0.0 0.0
70.60648664 41.69019542 0.0 0.0 0.0 0.0 1.0 0.0 0.0 0.0
65.60648664 41.69019542 0.0 0.0 0.0 0.0 1.0 0.0 0.0 0.0
60.60648664 41.69019542 0.0 0.0 0.0 0.0 1.0 0.0 0.0 0.0
55.60648664 41.69019542 0.0 0.0 0.0 0.0 1.0 0.0 0.0 0.0
50.60648664 41.69019542 0.0 0.0 0.0 0.0 1.0 0.0 0.0 0.0
45.60648664 41.69019542 0.0 0.0 0.0 0.0 1.0 0.0 0.0 0.0
40.60648664 41.69019542 0.0 0.0 0.0 1.0 0.0 0.0 0.0 0.0
35.60648664 46.69019542 0.0 0.0 0.0 0.0 1.0 0.0 0.0 0.0
30.60648664 46.69019542 0.0 0.0 0.0 1.0 0.0 0.0 0.0 0.0
25.60648664 51.69019542 0.0 0.0 0.0 0.0 1.0 0.0 0.0 0.0
20.60648664 51.69019542 0.0 0.0 0.0 1.0 0.0 0.0 0.0 0.0
15.60648664 56.69019542 0.0 0.0 0.0 0.0 1.0 0.0 0.0 0.0
10.60648664 56.69019542 0.0 0.0 0.0 0.0 1.0 0.0 0.0 0.0
5.60648664 56.69019542 0.0 0.0 0.0 1.0 0.0 0.0 0.0 0.0
