87.40842416 14.225186 0.0 0.0 0.0 1.0 0.0 0.0 0.0 0.0
82.40842416 19.225186 0.0 0.0 0.0 1.0 0.0 0.0 0.0 0.0
77.40842416 24.225186 0.0 0.0 0.0 0.0 1.0 0.0 0.0 0.0
72.40842416 24.225186 0.0 0.0 0.0 0.0 1.0 0.0 0.0 0.0
67.40842416 24.225186 0.0 0.0 0.0 0.0 1.0 0.0 0.0 0.0
62.40842416 24.225186 0.0 0.0 0.0 0.0 1.0 0.0 0.0 0.0
57.40842416 24.225186 0.0 0.0 0.0 0.0 1.0 0.0 0.0 0.0
52.40842416 24.225186 0.0 0.0 0.0 0.0 1.0 0.0 0.0 0.0
47.40842416 24.225186 0.0 0.0 0.0 0.0 1.0 0.0 0.0 0.0
42.40842416 24.225186 0.0 0.0 0.0 0.0 1.0 0.0 0.0 0.0
37.40842416 24.225186 0.0 0.0 0.0 1.0 0.0 0.0 0.0 0.0
32.40842416 29.225186 0.0 0.0 0.0 0.0 1.0 0.0 0.0 0.0
27.40842416 29.225186 0.0 0.0 1.0 0.0 0.0 0.0 0.0 0.0
27.40842416 34.225186 0.0 0.0 0.0 1.0 0.0 0.0 0.0 0.0
22.40842416 39.225186 0.0 0.0 1.0 0.0 0.0 0.0 0.0 0.0
22.40842416 44.225186 0.0 0.0 1.0 0.0 0.0 0.0 0.0 0.0
22.40842416 49.225186 0.0 0.0 1.0 0.0 0.0 0.0 0.0 0.0
22.40842416 54.225186 0.0 1.0 0.0 0.0 0.0 0.0 0.0 0.0
27.40842416 59.225186 0.0 1.0 0.0 0.0 0.0 0.0 0.0 0.0
