94.31674601 16.14631192 0.0 0.0 0.0 0.0 1.0 0.0 0.0 0.0
89.31674601 16.14631192 0.0 0.0 0.0 0.0 1.0 0.0 0.0 0.0
84.31674601 16.14631192 0.0 0.0 0.0 1.0 0.0 0.0 0.0 0.0
79.31674601 21.14631192 0.0 0.0 0.0 1.0 0.0 0.0 0.0 0.0
74.31674601 26.14631192 0.0 0.0 0.0 1.0 0.0 0.0 0.0 0.0
69.31674601 31.14631192 0.0 0.0 0.0 1.0 0.0 0.0 0.0 0.0
64.31674601 36.14631192 0.0 0.0 0.0 1.0 0.0 0.0 0.0 0.0
59.31674601 41.14631192 0.0 0.0 0.0 1.0 0.0 0.0 0.0 0.0
54.31674601 46.14631192 0.0 0.0 0.0 1.0 0.0 0.0 0.0 0.0
49.31674601 51.14631192 0.0 0.0 0.0 1.0 0.0 0.0 0.0 0.0
44.31674601 56.14631192 0.0 0.0 0.0 1.0 0.0 0.0 0.0 0.0
39.31674601 61.14631192 0.0 0.0 0.0 1.0 0.0 0.0 0.0 0.0
34.31674601 66.14631192 0.0 0.0 0.0 1.0 0.0 0.0 0.0 0.0
29.31674601 71.14631192 0.0 0.0 0.0 1.0 0.0 0.0 0.0 0.0
24.31674601 76.14631192 0.0 0.0 0.0 0.0 1.0 0.0 0.0 0.0
19.31674601 76.14631192 0.0 0.0 0.0 1.0 0.0 0.0 0.0 0.0
14.31674601 81.14631192 0.0 0.0 0.0 0.0 1.0 0.0 0.0 0.0
9.31674601 81.14631192 0.0 0.0 0.0 1.0 0.0 0.0 0.0 0.0
4.31674601 86.14631192 0.0 0.0 0.0 1.0 0.0 0.0 0.0 0.0
