35.19543197 96.87611479 0.0 0.0 0.0 0.0 0.0 0.0 1.0 0.0
35.19543197 91.87611479 0.0 0.0 0.0 0.0 0.0 0.0 1.0 0.0
35.19543197 86.87611479 0.0 0.0 0.0 0.0 0.0 0.0 1.0 0.0
35.19543197 81.87611479 0.0 0.0 0.0 0.0 0.0 1.0 0.0 0.0
30.19543197 76.87611479 0.0 0.0 0.0 0.0 0.0 1.0 0.0 0.0
25.19543197 71.87611479 0.0 0.0 0.0 0.0 0.0 1.0 0.0 0.0
20.19543197 66.87611479 0.0 0.0 0.0 0.0 0.0 1.0 0.0 0.0
15.19543197 61.87611479 0.0 0.0 0.0 0.0 0.0 0.0 1.0 0.0
15.19543197 56.87611479 0.0 0.0 0.0 0.0 0.0 1.0 0.0 0.0
10.19543197 51.87611479 0.0 0.0 0.0 0.0 0.0 0.0 1.0 0.0
10.19543197 46.87611479 0.0 0.0 0.0 0.0 0.0 0.0 1.0 0.0
10.19543197 41.87611479 0.0 0.0 0.0 0.0 0.0 0.0 1.0 0.0
10.19543197 36.87611479 0.0 0.0 0.0 0.0 0.0 0.0 1.0 0.0
10.19543197 31.87611479 0.0 0.0 0.0 0.0 0.0 1.0 0.0 0.0
5.19543197 26.87611479 0.0 0.0 0.0 0.0 0.0 0.0 1.0 0.0
5.19543197 21.87611479 0.0 0.0 0.0 0.0 0.0 0.0 1.0 0.0
5.19543197 16.87611479 0.0 0.0 0.0 0.0 0.0 0.0 1.0 0.0
5.19543197 11.87611479 0.0 0.0 0.0 0.0 0.0 0.0 0.0 1.0
