3.186817 11.83808898 0.0 1.0 0.0 0.0 0.0 0.0 0.0 0.0
8.186817 16.83808898 1.0 0.0 0.0 0.0 0.0 0.0 0.0 0.0
13.186817 16.83808898 1.0 0.0 0.0 0.0 0.0 0.0 0.0 0.0
18.186817 16.83808898 0.0 1.0 0.0 0.0 0.0 0.0 0.0 0.0
23.186817 21.83808898 0.0 1.0 0.0 0.0 0.0 0.0 0.0 0.0
28.186817 26.83808898 0.0 1.0 0.0 0.0 0.0 0.0 0.0 0.0
33.186817 31.83808898 0.0 1.0 0.0 0.0 0.0 0.0 0.0 0.0
38.186817 36.83808898 0.0 1.0 0.0 0.0 0.0 0.0 0.0 0.0
43.186817 41.83808898 0.0 1.0 0.0 0.0 0.0 0.0 0.0 0.0
48.186817 46.83808898 0.0 1.0 0.0 0.0 0.0 0.0 0.0 0.0
53.186817 51.83808898 0.0 1.0 0.0 0.0 0.0 0.0 0.0 0.0
58.186817 56.83808898 0.0 1.0 0.0 0.0 0.0 0.0 0.0 0.0
63.186817 61.83808898 0.0 1.0 0.0 0.0 0.0 0.0 0.0 0.0
68.186817 66.83808898 0.0 1.0 0.0 0.0 0.0 0.0 0.0 0.0
73.186817 71.83808898 0.0 1.0 0.0 0.0 0.0 0.0 0.0 0.0
78.186817 76.83808898 0.0 1.0 0.0 0.0 0.0 0.0 0.0 0.0
