3.38248736 88.8533127 0.0 0.0 0.0 0.0 0.0 0.0 0.0 1.0
8.38248736 83.8533127 0.0 0.0 0.0 0.0 0.0 0.0 0.0 1.0
13.38248736 78.8533127 1.0 0.0 0.0 0.0 0.0 0.0 0.0 0.0
18.38248736 78.8533127 1.0 0.0 0.0 0.0 0.0 0.0 0.0 0.0
23.38248736 78.8533127 1.0 0.0 0.0 0.0 0.0 0.0 0.0 0.0
28.38248736 78.8533127 1.0 0.0 0.0 0.0 0.0 0.0 0.0 0.0
33.38248736 78.8533127 1.0 0.0 0.0 0.0 0.0 0.0 0.0 0.0
38.38248736 78.8533127 1.0 0.0 0.0 0.0 0.0 0.0 0.0 0.0
43.38248736 78.8533127 1.0 0.0 0.0 0.0 0.0 0.0 0.0 0.0
48.38248736 78.8533127 1.0 0.0 0.0 0.0 0.0 0.0 0.0 0.0
53.38248736 78.8533127 1.0 0.0 0.0 0.0 0.0 0.0 0.0 0.0
58.38248736 78.8533127 1.0 0.0 0.0 0.0 0.0 0.0 0.0 0.0
63.38248736 78.8533127 1.0 0.0 0.0 0.0 0.0 0.0 0.0 0.0
68.38248736 78.8533127 1.0 0.0 0.0 0.0 0.0 0.0 0.0 0.0
73.38248736 78.8533127 1.0 0.0 0.0 0.0 0.0 0.0 0.0 0.0
78.38248736 78.8533127 0.0 1.0 0.0 0.0 0.0 0.0 0.0 0.0
