7.86903026 3.03462786 0.0 1.0 0.0 0.0 0.0 0.0 0.0 0.0
12.86903026 8.03462786 1.0 0.0 0.0 0.0 0.0 0.0 0.0 0.0
17.86903026 8.03462786 1.0 0.0 0.0 0.0 0.0 0.0 0.0 0.0
22.86903026 8.03462786 1.0 0.0 0.0 0.0 0.0 0.0 0.0 0.0
27.86903026 8.03462786 1.0 0.0 0.0 0.0 0.0 0.0 0.0 0.0
32.86903026 8.03462786 1.0 0.0 0.0 0.0 0.0 0.0 0.0 0.0
37.86903026 8.03462786 0.0 1.0 0.0 0.0 0.0 0.0 0.0 0.0
42.86903026 13.03462786 0.0 1.0 0.0 0.0 0.0 0.0 0.0 0.0
47.86903026 18.03462786 0.0 1.0 0.0 0.0 0.0 0.0 0.0 0.0
52.86903026 23.03462786 0.0 1.0 0.0 0.0 0.0 0.0 0.0 0.0
57.86903026 28.03462786 0.0 1.0 0.0 0.0 0.0 0.0 0.0 0.0
62.86903026 33.03462786 0.0 1.0 0.0 0.0 0.0 0.0 0.0 0.0
67.86903026 38.03462786 0.0 1.0 0.0 0.0 0.0 0.0 0.0 0.0
72.86903026 43.03462786 0.0 1.0 0.0 0.0 0.0 0.0 0.0 0.0
77.86903026 48.03462786 0.0 1.0 0.0 0.0 0.0 0.0 0.0 0.0
82.86903026 53.03462786 0.0 1.0 0.0 0.0 0.0 0.0 0.0 0.0
87.86903026 58.03462786 0.0 0.0 1.0 0.0 0.0 0.0 0.0 0.0
87.86903026 63.03462786 0.0 1.0 0.0 0.0 0.0 0.0 0.0 0.0
92.86903026 68.03462786 0.0 0.0 1.0 0.0 0.0 0.0 0.0 0.0
92.86903026 73.03462786 0.0 0.0 1.0 0.0 0.0 0.0 0.0 0.0
92.86903026 78.03462786 0.0 1.0 0.0 0.0 0.0 0.0 0.0 0.0
97.86903026 83.03462786 0.0 1.0 0.0 0.0 0.0 0.0 0.0 0.0
