68.41402048 7.21767405 0.0 0.0 1.0 0.0 0.0 0.0 0.0 0.0
68.41402048 12.21767405 0.0 0.0 1.0 0.0 0.0 0.0 0.0 0.0
68.41402048 17.21767405 0.0 0.0 1.0 0.0 0.0 0.0 0.0 0.0
68.41402048 22.21767405 0.0 1.0 0.0 0.0 0.0 0.0 0.0 0.0
73.41402048 27.21767405 0.0 1.0 0.0 0.0 0.0 0.0 0.0 0.0
78.41402048 32.21767405 0.0 1.0 0.0 0.0 0.0 0.0 0.0 0.0
83.41402048 37.21767405 0.0 0.0 1.0 0.0 0.0 0.0 0.0 0.0
83.41402048 42.21767405 0.0 0.0 1.0 0.0 0.0 0.0 0.0 0.0
83.41402048 47.21767405 0.0 0.0 0.0 1.0 0.0 0.0 0.0 0.0
78.41402048 52.21767405 0.0 0.0 1.0 0.0 0.0 0.0 0.0 0.0
78.41402048 57.21767405 0.0 0.0 0.0 1.0 0.0 0.0 0.0 0.0
73.41402048 62.21767405 0.0 0.0 0.0 0.0 1.0 0.0 0.0 0.0
68.41402048 62.21767405 0.0 0.0 0.0 1.0 0.0 0.0 0.0 0.0
63.41402048 67.21767405 0.0 0.0 0.0 0.0 0.0 1.0 0.0 0.0
