22.51489657 89.28389982 0.0 0.0 0.0 0.0 0.0 0.0 1.0 0.0
22.51489657 84.28389982 0.0 0.0 0.0 0.0 0.0 1.0 0.0 0.0
17.51489657 79.28389982 0.0 0.0 0.0 0.0 0.0 0.0 1.0 0.0
17.51489657 74.28389982 0.0 0.0 0.0 0.0 0.0 0.0 1.0 0.0
17.51489657 69.28389982 0.0 0.0 0.0 0.0 0.0 0.0 1.0 0.0
17.51489657 64.28389982 0.0 0.0 0.0 0.0 0.0 0.0 1.0 0.0
17.51489657 59.28389982 0.0 0.0 0.0 0.0 0.0 0.0 1.0 0.0
17.51489657 54.28389982 0.0 0.0 0.0 0.0 0.0 0.0 1.0 0.0
17.51489657 49.28389982 0.0 0.0 0.0 0.0 0.0 0.0 1.0 0.0
17.51489657 44.28389982 0.0 0.0 0.0 0.0 0.0 0.0 0.0 1.0
22.51489657 39.28389982 0.0 0.0 0.0 0.0 0.0 0.0 1.0 0.0
22.51489657 34.28389982 0.0 0.0 0.0 0.0 0.0 0.0 0.0 1.0
27.51489657 29.28389982 0.0 0.0 0.0 0.0 0.0 0.0 1.0 0.0
27.51489657 24.28389982 0.0 0.0 0.0 0.0 0.0 0.0 0.0 1.0
32.51489657 19.28389982 0.0 0.0 0.0 0.0 0.0 0.0 1.0 0.0
32.51489657 14.28389982 0.0 0.0 0.0 0.0 0.0 0.0 1.0 0.0
32.51489657 9.28389982 0.0 0.0 0.0 0.0 0.0 0.0 0.0 1.0
37.51489657 4.28389982 0.0 0.0 0.0 0.0 0.0 0.0 0.0 1.0
