14.96649115 89.82684765 1.0 0.0 0.0 0.0 0.0 0.0 0.0 0.0
19.96649115 89.82684765 1.0 0.0 0.0 0.0 0.0 0.0 0.0 0.0
24.96649115 89.82684765 0.0 1.0 0.0 0.0 0.0 0.0 0.0 0.0
29.96649115 94.82684765 1.0 0.0 0.0 0.0 0.0 0.0 0.0 0.0
34.96649115 94.82684765 0.0 0.0 0.0 0.0 0.0 0.0 0.0 1.0
39.96649115 89.82684765 0.0 0.0 0.0 0.0 0.0 0.0 0.0 1.0
44.96649115 84.82684765 0.0 0.0 0.0 0.0 0.0 0.0 0.0 1.0
49.96649115 79.82684765 0.0 0.0 0.0 0.0 0.0 0.0 1.0 0.0
49.96649115 74.82684765 0.0 0.0 0.0 0.0 0.0 0.0 1.0 0.0
49.96649115 69.82684765 0.0 0.0 0.0 0.0 0.0 0.0 1.0 0.0
49.96649115 64.82684765 0.0 0.0 0.0 0.0 0.0 0.0 1.0 0.0
49.96649115 59.82684765 0.0 0.0 0.0 0.0 0.0 0.0 1.0 0.0
49.96649115 54.82684765 0.0 0.0 0.0 0.0 0.0 0.0 1.0 0.0
49.96649115 49.82684765 0.0 0.0 0.0 0.0 0.0 0.0 1.0 0.0
49.96649115 44.82684765 0.0 0.0 0.0 0.0 0.0 0.0 1.0 0.0
49.96649115 39.82684765 0.0 0.0 0.0 0.0 0.0 0.0 1.0 0.0
49.96649115 34.82684765 0.0 0.0 0.0 0.0 0.0 1.0 0.0 0.0
