94.27126199 36.4029905 0.0 0.0 0.0 0.0 1.0 0.0 0.0 0.0
89.27126199 36.4029905 0.0 0.0 0.0 0.0 1.0 0.0 0.0 0.0
84.27126199 36.4029905 0.0 0.0 0.0 0.0 1.0 0.0 0.0 0.0
79.27126199 36.4029905 0.0 0.0 0.0 0.0 1.0 0.0 0.0 0.0
74.27126199 36.4029905 0.0 0.0 0.0 0.0 1.0 0.0 0.0 0.0
69.27126199 36.4029905 0.0 0.0 0.0 0.0 1.0 0.0 0.0 0.0
64.27126199 36.4029905 0.0 0.0 0.0 0.0 1.0 0.0 0.0 0.0
59.27126199 36.4029905 0.0 0.0 0.0 0.0 0.0 1.0 0.0 0.0
54.27126199 31.4029905 0.0 0.0 0.0 0.0 0.0 1.0 0.0 0.0
49.27126199 26.4029905 0.0 0.0 0.0 1.0 0.0 0.0 0.0 0.0
44.27126199 31.4029905 0.0 0.0 0.0 0.0 1.0 0.0 0.0 0.0
39.27126199 31.4029905 0.0 0.0 0.0 1.0 0.0 0.0 0.0 0.0
34.27126199 36.4029905 0.0 0.0 0.0 1.0 0.0 0.0 0.0 0.0
29.27126199 41.4029905 0.0 0.0 0.0 1.0 0.0 0.0 0.0 0.0
24.27126199 46.4029905 0.0 0.0 0.0 1.0 0.0 0.0 0.0 0.0
19.27126199 51.4029905 0.0 0.0 0.0 1.0 0.0 0.0 0.0 0.0
14.27126199 56.4029905 0.0 0.0 0.0 1.0 0.0 0.0 0.0 0.0
