87.98998752 95.47695988 0.0 0.0 0.0 0.0 0.0 0.0 0.0 1.0
92.98998752 90.47695988 0.0 0.0 0.0 0.0 0.0 0.0 0.0 1.0
97.98998752 85.47695988 0.0 0.0 0.0 0.0 0.0 0.0 1.0 0.0
97.98998752 80.47695988 0.0 0.0 0.0 0.0 0.0 0.0 1.0 0.0
97.98998752 75.47695988 0.0 0.0 0.0 0.0 0.0 0.0 1.0 0.0
97.98998752 70.47695988 0.0 0.0 0.0 0.0 0.0 1.0 0.0 0.0
92.98998752 65.47695988 0.0 0.0 0.0 0.0 0.0 1.0 0.0 0.0
87.98998752 60.47695988 0.0 0.0 0.0 0.0 0.0 1.0 0.0 0.0
82.98998752 55.47695988 0.0 0.0 0.0 0.0 1.0 0.0 0.0 0.0
77.98998752 55.47695988 0.0 0.0 0.0 0.0 1.0 0.0 0.0 0.0
72.98998752 55.47695988 0.0 0.0 0.0 0.0 1.0 0.0 0.0 0.0
67.98998752 55.47695988 0.0 0.0 0.0 0.0 1.0 0.0 0.0 0.0
62.98998752 55.47695988 0.0 0.0 0.0 0.0 0.0 1.0 0.0 0.0
57.98998752 50.47695988 0.0 0.0 0.0 0.0 1.0 0.0 0.0 0.0
52.98998752 50.47695988 0.0 0.0 0.0 0.0 0.0 1.0 0.0 0.0
47.98998752 45.47695988 0.0 0.0 0.0 0.0 1.0 0.0 0.0 0.0
42.98998752 45.47695988 0.0 0.0 0.0 0.0 1.0 0.0 0.0 0.0
37.98998752 45.47695988 0.0 0.0 0.0 0.0 0.0 1.0 0.0 0.0
32.98998752 40.47695988 0.0 0.0 0.0 0.0 0.0 1.0 0.0 0.0
