1.77897471 53.43171677 1.0 0.0 0.0 0.0 0.0 0.0 0.0 0.0
6.77897471 53.43171677 1.0 0.0 0.0 0.0 0.0 0.0 0.0 0.0
11.77897471 53.43171677 1.0 0.0 0.0 0.0 0.0 0.0 0.0 0.0
16.77897471 53.43171677 1.0 0.0 0.0 0.0 0.0 0.0 0.0 0.0
21.77897471 53.43171677 1.0 0.0 0.0 0.0 0.0 0.0 0.0 0.0
26.77897471 53.43171677 0.0 0.0 0.0 0.0 0.0 0.0 0.0 1.0
31.77897471 48.43171677 1.0 0.0 0.0 0.0 0.0 0.0 0.0 0.0
36.77897471 48.43171677 0.0 0.0 0.0 0.0 0.0 0.0 0.0 1.0
41.77897471 43.43171677 1.0 0.0 0.0 0.0 0.0 0.0 0.0 0.0
46.77897471 43.43171677 1.0 0.0 0.0 0.0 0.0 0.0 0.0 0.0
51.77897471 43.43171677 0.0 0.0 0.0 0.0 0.0 0.0 0.0 1.0
56.77897471 38.43171677 1.0 0.0 0.0 0.0 0.0 0.0 0.0 0.0
61.77897471 38.43171677 0.0 0.0 0.0 0.0 0.0 0.0 0.0 1.0
66.77897471 33.43171677 0.0 0.0 0.0 0.0 0.0 0.0 0.0 1.0
71.77897471 28.43171677 0.0 1.0 0.0 0.0 0.0 0.0 0.0 0.0
