16.46786766 90.02866041 0.0 0.0 0.0 0.0 0.0 0.0 0.0 1.0
21.46786766 85.02866041 0.0 0.0 0.0 0.0 0.0 0.0 0.0 1.0
26.46786766 80.02866041 1.0 0.0 0.0 0.0 0.0 0.0 0.0 0.0
31.46786766 80.02866041 1.0 0.0 0.0 0.0 0.0 0.0 0.0 0.0
36.46786766 80.02866041 0.0 0.0 0.0 0.0 0.0 0.0 0.0 1.0
41.46786766 75.02866041 0.0 0.0 0.0 0.0 0.0 0.0 0.0 1.0
46.46786766 70.02866041 0.0 0.0 0.0 0.0 0.0 0.0 0.0 1.0
51.46786766 65.02866041 0.0 0.0 0.0 0.0 0.0 0.0 0.0 1.0
56.46786766 60.02866041 0.0 0.0 0.0 0.0 0.0 0.0 0.0 1.0
61.46786766 55.02866041 0.0 0.0 0.0 0.0 0.0 0.0 0.0 1.0
66.46786766 50.02866041 0.0 0.0 0.0 0.0 0.0 0.0 0.0 1.0
71.46786766 45.02866041 0.0 0.0 0.0 0.0 0.0 0.0 0.0 1.0
76.46786766 40.02866041 0.0 0.0 0.0 0.0 0.0 0.0 0.0 1.0
81.46786766 35.02866041 0.0 0.0 0.0 0.0 0.0 0.0 0.0 1.0
86.46786766 30.02866041 0.0 0.0 0.0 0.0 0.0 0.0 1.0 0.0
86.46786766 25.02866041 0.0 0.0 0.0 0.0 0.0 0.0 0.0 1.0
91.46786766 20.02866041 0.0 0.0 0.0 0.0 0.0 0.0 1.0 0.0
91.46786766 15.02866041 0.0 0.0 0.0 0.0 0.0 0.0 0.0 1.0
