95.39964073 78.93382231 0.0 0.0 0.0 0.0 0.0 1.0 0.0 0.0
90.39964073 73.93382231 0.0 0.0 0.0 0.0 0.0 1.0 0.0 0.0
85.39964073 68.93382231 0.0 0.0 0.0 0.0 1.0 0.0 0.0 0.0
80.39964073 68.93382231 0.0 0.0 0.0 0.0 0.0 1.0 0.0 0.0
75.39964073 63.93382231 0.0 0.0 0.0 0.0 1.0 0.0 0.0 0.0
70.39964073 63.93382231 0.0 0.0 0.0 0.0 1.0 0.0 0.0 0.0
65.39964073 63.93382231 0.0 0.0 0.0 0.0 1.0 0.0 0.0 0.0
60.39964073 63.93382231 0.0 0.0 0.0 0.0 1.0 0.0 0.0 0.0
55.39964073 63.93382231 0.0 0.0 0.0 0.0 1.0 0.0 0.0 0.0
50.39964073 63.93382231 0.0 0.0 0.0 0.0 1.0 0.0 0.0 0.0
45.39964073 63.93382231 0.0 0.0 0.0 0.0 1.0 0.0 0.0 0.0
40.39964073 63.93382231 0.0 0.0 0.0 0.0 0.0 1.0 0.0 0.0
35.39964073 58.93382231 0.0 0.0 0.0 0.0 0.0 1.0 0.0 0.0
30.39964073 53.93382231 0.0 0.0 0.0 0.0 0.0 1.0 0.0 0.0
25.39964073 48.93382231 0.0 0.0 0.0 0.0 0.0 1.0 0.0 0.0
20.39964073 43.93382231 0.0 0.0 0.0 0.0 0.0 1.0 0.0 0.0
15.39964073 38.93382231 0.0 0.0 0.0 0.0 0.0 1.0 0.0 0.0
10.39964073 33.93382231 0.0 0.0 0.0 1.0 0.0 0.0 0.0 0.0
