5.77953509 76.95851884 0.0 0.0 0.0 0.0 0.0 0.0 0.0 1.0
10.77953509 71.95851884 1.0 0.0 0.0 0.0 0.0 0.0 0.0 0.0
15.77953509 71.95851884 1.0 0.0 0.0 0.0 0.0 0.0 0.0 0.0
20.77953509 71.95851884 1.0 0.0 0.0 0.0 0.0 0.0 0.0 0.0
25.77953509 71.95851884 1.0 0.0 0.0 0.0 0.0 0.0 0.0 0.0
30.77953509 71.95851884 1.0 0.0 0.0 0.0 0.0 0.0 0.0 0.0
35.77953509 71.95851884 0.0 0.0 0.0 0.0 0.0 0.0 0.0 1.0
40.77953509 66.95851884 0.0 0.0 0.0 0.0 0.0 0.0 0.0 1.0
45.77953509 61.95851884 0.0 0.0 0.0 0.0 0.0 0.0 0.0 1.0
50.77953509 56.95851884 0.0 0.0 0.0 0.0 0.0 0.0 0.0 1.0
55.77953509 51.95851884 0.0 0.0 0.0 0.0 0.0 0.0 0.0 1.0
60.77953509 46.95851884 0.0 0.0 0.0 0.0 0.0 0.0 0.0 1.0
65.77953509 41.95851884 0.0 0.0 0.0 0.0 0.0 0.0 0.0 1.0
70.77953509 36.95851884 0.0 0.0 0.0 0.0 0.0 0.0 0.0 1.0
75.77953509 31.95851884 0.0 0.0 0.0 0.0 0.0 0.0 0.0 1.0
80.77953509 26.95851884 0.0 0.0 0.0 0.0 0.0 0.0 0.0 1.0
85.77953509 21.95851884 1.0 0.0 0.0 0.0 0.0 0.0 0.0 0.0
90.77953509 21.95851884 0.0 0.0 0.0 0.0 0.0 0.0 0.0 1.0
