73.48344073 26.91503979 0.0 1.0 0.0 0.0 0.0 0.0 0.0 0.0
78.48344073 31.91503979 0.0 0.0 0.0 1.0 0.0 0.0 0.0 0.0
73.48344073 36.91503979 0.0 0.0 1.0 0.0 0.0 0.0 0.0 0.0
73.48344073 41.91503979 0.0 0.0 0.0 1.0 0.0 0.0 0.0 0.0
68.48344073 46.91503979 0.0 0.0 0.0 0.0 1.0 0.0 0.0 0.0
63.48344073 46.91503979 0.0 0.0 0.0 1.0 0.0 0.0 0.0 0.0
58.48344073 51.91503979 0.0 0.0 0.0 0.0 1.0 0.0 0.0 0.0
53.48344073 51.91503979 0.0 0.0 0.0 0.0 0.0 1.0 0.0 0.0
48.48344073 46.91503979 0.0 0.0 0.0 0.0 1.0 0.0 0.0 0.0
43.48344073 46.91503979 0.0 0.0 0.0 0.0 0.0 1.0 0.0 0.0
38.48344073 41.91503979 0.0 0.0 0.0 0.0 1.0 0.0 0.0 0.0
33.48344073 41.91503979 0.0 0.0 0.0 1.0 0.0 0.0 0.0 0.0
28.48344073 46.91503979 0.0 0.0 0.0 0.0 1.0 0.0 0.0 0.0
23.48344073 46.91503979 0.0 0.0 0.0 1.0 0.0 0.0 0.0 0.0
18.48344073 51.91503979 0.0 0.0 0.0 0.0 1.0 0.0 0.0 0.0
13.48344073 51.91503979 0.0 0.0 0.0 0.0 1.0 0.0 0.0 0.0
8.48344073 51.91503979 0.0 0.0 0.0 1.0 0.0 0.0 0.0 0.0
