1.14449631 43.33411676 1.0 0.0 0.0 0.0 0.0 0.0 0.0 0.0
6.14449631 43.33411676 0.0 0.0 0.0 0.0 0.0 0.0 0.0 1.0
11.14449631 38.33411676 0.0 0.0 0.0 0.0 0.0 0.0 0.0 1.0
16.14449631 33.33411676 1.0 0.0 0.0 0.0 0.0 0.0 0.0 0.0
21.14449631 33.33411676 0.0 0.0 0.0 0.0 0.0 0.0 0.0 1.0
26.14449631 28.33411676 1.0 0.0 0.0 0.0 0.0 0.0 0.0 0.0
31.14449631 28.33411676 0.0 1.0 0.0 0.0 0.0 0.0 0.0 0.0
36.14449631 33.33411676 1.0 0.0 0.0 0.0 0.0 0.0 0.0 0.0
41.14449631 33.33411676 0.0 1.0 0.0 0.0 0.0 0.0 0.0 0.0
46.14449631 38.33411676 0.0 0.0 1.0 0.0 0.0 0.0 0.0 0.0
46.14449631 43.33411676 0.0 0.0 1.0 0.0 0.0 0.0 0.0 0.0
46.14449631 48.33411676 0.0 0.0 0.0 1.0 0.0 0.0 0.0 0.0
41.14449631 53.33411676 0.0 0.0 1.0 0.0 0.0 0.0 0.0 0.0
41.14449631 58.33411676 0.0 0.0 0.0 1.0 0.0 0.0 0.0 0.0
36.14449631 63.33411676 0.0 0.0 1.0 0.0 0.0 0.0 0.0 0.0
36.14449631 68.33411676 0.0 0.0 1.0 0.0 0.0 0.0 0.0 0.0
36.14449631 73.33411676 0.0 0.0 1.0 0.0 0.0 0.0 0.0 0.0
36.14449631 78.33411676 0.0 0.0 0.0 1.0 0.0 0.0 0.0 0.0
31.14449631 83.33411676 0.0 0.0 0.0 1.0 0.0 0.0 0.0 0.0
26.14449631 88.33411676 0.0 0.0 0.0 1.0 0.0 0.0 0.0 0.0
21.14449631 93.33411676 0.0 0.0 0.0 0.0 1.0 0.0 0.0 0.0
16.14449631 93.33411676 0.0 0.0 0.0 1.0 0.0 0.0 0.0 0.0
