84.08285653 97.27491019 0.0 0.0 0.0 0.0 0.0 1.0 0.0 0.0
79.08285653 92.27491019 0.0 0.0 0.0 0.0 0.0 1.0 0.0 0.0
74.08285653 87.27491019 0.0 0.0 0.0 0.0 0.0 1.0 0.0 0.0
69.08285653 82.27491019 0.0 0.0 0.0 0.0 0.0 0.0 1.0 0.0
69.08285653 77.27491019 0.0 0.0 0.0 0.0 0.0 0.0 1.0 0.0
69.08285653 72.27491019 0.0 0.0 0.0 0.0 0.0 0.0 1.0 0.0
69.08285653 67.27491019 0.0 0.0 0.0 0.0 0.0 0.0 1.0 0.0
69.08285653 62.27491019 0.0 0.0 0.0 0.0 0.0 0.0 1.0 0.0
69.08285653 57.27491019 0.0 0.0 0.0 0.0 0.0 0.0 1.0 0.0
69.08285653 52.27491019 0.0 0.0 0.0 0.0 0.0 0.0 1.0 0.0
69.08285653 47.27491019 0.0 0.0 0.0 0.0 0.0 0.0 1.0 0.0
69.08285653 42.27491019 0.0 0.0 0.0 0.0 0.0 1.0 0.0 0.0
64.08285653 37.27491019 0.0 0.0 0.0 0.0 0.0 0.0 1.0 0.0
64.08285653 32.27491019 0.0 0.0 0.0 0.0 0.0 1.0 0.0 0.0
59.08285653 27.27491019 0.0 0.0 0.0 0.0 0.0 1.0 0.0 0.0
54.08285653 22.27491019 0.0 0.0 0.0 0.0 0.0 1.0 0.0 0.0
49.08285653 17.27491019 0.0 0.0 0.0 0.0 0.0 1.0 0.0 0.0
44.08285653 12.27491019 0.0 0.0 0.0 0.0 0.0 1.0 0.0 0.0
39.08285653 7.27491019 0.0 0.0 0.0 0.0 1.0 0.0 0.0 0.0
34.08285653 7.27491019 0.0 0.0 0.0 0.0 1.0 0.0 0.0 0.0
29.08285653 7.27491019 0.0 0.0 0.0 0.0 0.0 1.0 0.0 0.0
24.08285653 2.27491019 0.0 0.0 0.0 0.0 0.0 1.0 0.0 0.0
