51.94654244 99.95804322 0.0 0.0 0.0 0.0 0.0 0.0 1.0 0.0
51.94654244 94.95804322 0.0 0.0 0.0 0.0 0.0 0.0 1.0 0.0
51.94654244 89.95804322 0.0 0.0 0.0 0.0 0.0 0.0 1.0 0.0
51.94654244 84.95804322 0.0 0.0 0.0 0.0 0.0 0.0 1.0 0.0
51.94654244 79.95804322 0.0 0.0 0.0 0.0 0.0 0.0 1.0 0.0
51.94654244 74.95804322 0.0 0.0 0.0 0.0 0.0 0.0 0.0 1.0
56.94654244 69.95804322 0.0 0.0 0.0 0.0 0.0 0.0 1.0 0.0
56.94654244 64.95804322 0.0 0.0 0.0 0.0 0.0 0.0 1.0 0.0
56.94654244 59.95804322 0.0 0.0 0.0 0.0 0.0 0.0 1.0 0.0
56.94654244 54.95804322 0.0 0.0 0.0 0.0 0.0 0.0 1.0 0.0
56.94654244 49.95804322 0.0 0.0 0.0 0.0 0.0 0.0 1.0 0.0
56.94654244 44.95804322 0.0 0.0 0.0 0.0 0.0 0.0 1.0 0.0
56.94654244 39.95804322 0.0 0.0 0.0 0.0 0.0 0.0 0.0 1.0
61.94654244 34.95804322 0.0 0.0 0.0 0.0 0.0 0.0 1.0 0.0
61.94654244 29.95804322 0.0 0.0 0.0 0.0 0.0 0.0 0.0 1.0
66.94654244 24.95804322 0.0 0.0 0.0 0.0 0.0 0.0 1.0 0.0
66.94654244 19.95804322 0.0 0.0 0.0 0.0 0.0 0.0 0.0 1.0
71.94654244 14.95804322 0.0 0.0 0.0 0.0 0.0 0.0 0.0 1.0
