41.26343259 2.5488568 0.0 0.0 0.0 1.0 0.0 0.0 0.0 0.0
36.26343259 7.5488568 0.0 0.0 1.0 0.0 0.0 0.0 0.0 0.0
36.26343259 12.5488568 0.0 0.0 0.0 1.0 0.0 0.0 0.0 0.0
31.26343259 17.5488568 0.0 0.0 1.0 0.0 0.0 0.0 0.0 0.0
31.26343259 22.5488568 0.0 0.0 1.0 0.0 0.0 0.0 0.0 0.0
31.26343259 27.5488568 0.0 0.0 1.0 0.0 0.0 0.0 0.0 0.0
31.26343259 32.5488568 0.0 0.0 1.0 0.0 0.0 0.0 0.0 0.0
31.26343259 37.5488568 0.0 0.0 1.0 0.0 0.0 0.0 0.0 0.0
31.26343259 42.5488568 0.0 0.0 1.0 0.0 0.0 0.0 0.0 0.0
31.26343259 47.5488568 0.0 0.0 1.0 0.0 0.0 0.0 0.0 0.0
31.26343259 52.5488568 0.0 0.0 1.0 0.0 0.0 0.0 0.0 0.0
31.26343259 57.5488568 0.0 0.0 1.0 0.0 0.0 0.0 0.0 0.0
31.26343259 62.5488568 0.0 0.0 1.0 0.0 0.0 0.0 0.0 0.0
31.26343259 67.5488568 0.0 0.0 1.0 0.0 0.0 0.0 0.0 0.0
31.26343259 72.5488568 0.0 0.0 0.0 1.0 0.0 0.0 0.0 0.0
26.26343259 77.5488568 0.0 0.0 1.0 0.0 0.0 0.0 0.0 0.0
26.26343259 82.5488568 0.0 0.0 1.0 0.0 0.0 0.0 0.0 0.0
26.26343259 87.5488568 0.0 0.0 0.0 1.0 0.0 0.0 0.0 0.0
21.26343259 92.5488568 0.0 0.0 1.0 0.0 0.0 0.0 0.0 0.0
21.26343259 97.5488568 0.0 0.0 0.0 1.0 0.0 0.0 0.0 0.0
