14.77885121 99.05024948 0.0 0.0 0.0 0.0 0.0 0.0 0.0 1.0
19.77885121 94.05024948 0.0 0.0 0.0 0.0 0.0 0.0 0.0 1.0
24.77885121 89.05024948 0.0 0.0 0.0 0.0 0.0 0.0 0.0 1.0
29.77885121 84.05024948 0.0 0.0 0.0 0.0 0.0 0.0 0.0 1.0
34.77885121 79.05024948 0.0 0.0 0.0 0.0 0.0 0.0 0.0 1.0
39.77885121 74.05024948 0.0 0.0 0.0 0.0 0.0 0.0 1.0 0.0
39.77885121 69.05024948 0.0 0.0 0.0 0.0 0.0 0.0 1.0 0.0
39.77885121 64.05024948 0.0 0.0 0.0 0.0 0.0 0.0 1.0 0.0
39.77885121 59.05024948 0.0 0.0 0.0 0.0 0.0 0.0 1.0 0.0
39.77885121 54.05024948 0.0 0.0 0.0 0.0 0.0 0.0 0.0 1.0
44.77885121 49.05024948 0.0 0.0 0.0 0.0 0.0 0.0 0.0 1.0
49.77885121 44.05024948 1.0 0.0 0.0 0.0 0.0 0.0 0.0 0.0
54.77885121 44.05024948 0.0 0.0 0.0 0.0 0.0 0.0 0.0 1.0
59.77885121 39.05024948 1.0 0.0 0.0 0.0 0.0 0.0 0.0 0.0
64.77885121 39.05024948 1.0 0.0 0.0 0.0 0.0 0.0 0.0 0.0
69.77885121 39.05024948 0.0 0.0 0.0 0.0 0.0 0.0 0.0 1.0
74.77885121 34.05024948 0.0 0.0 0.0 0.0 0.0 0.0 0.0 1.0
