49.05300729 59.62777248 0.0 1.0 0.0 0.0 0.0 0.0 0.0 0.0
54.05300729 64.62777248 0.0 1.0 0.0 0.0 0.0 0.0 0.0 0.0
59.05300729 69.62777248 0.0 1.0 0.0 0.0 0.0 0.0 0.0 0.0
64.05300729 74.62777248 0.0 0.0 1.0 0.0 0.0 0.0 0.0 0.0
64.05300729 79.62777248 0.0 0.0 1.0 0.0 0.0 0.0 0.0 0.0
64.05300729 84.62777248 0.0 1.0 0.0 0.0 0.0 0.0 0.0 0.0
69.05300729 89.62777248 0.0 1.0 0.0 0.0 0.0 0.0 0.0 0.0
74.05300729 94.62777248 1.0 0.0 0.0 0.0 0.0 0.0 0.0 0.0
79.05300729 94.62777248 1.0 0.0 0.0 0.0 0.0 0.0 0.0 0.0
84.05300729 94.62777248 1.0 0.0 0.0 0.0 0.0 0.0 0.0 0.0
89.05300729 94.62777248 1.0 0.0 0.0 0.0 0.0 0.0 0.0 0.0
94.05300729 94.62777248 0.0 1.0 0.0 0.0 0.0 0.0 0.0 0.0
