1.98990512 8.26492533 0.0 1.0 0.0 0.0 0.0 0.0 0.0 0.0
6.98990512 13.26492533 0.0 1.0 0.0 0.0 0.0 0.0 0.0 0.0
11.98990512 18.26492533 0.0 1.0 0.0 0.0 0.0 0.0 0.0 0.0
16.98990512 23.26492533 0.0 1.0 0.0 0.0 0.0 0.0 0.0 0.0
21.98990512 28.26492533 0.0 0.0 1.0 0.0 0.0 0.0 0.0 0.0
21.98990512 33.26492533 0.0 1.0 0.0 0.0 0.0 0.0 0.0 0.0
26.98990512 38.26492533 0.0 1.0 0.0 0.0 0.0 0.0 0.0 0.0
31.98990512 43.26492533 0.0 1.0 0.0 0.0 0.0 0.0 0.0 0.0
36.98990512 48.26492533 1.0 0.0 0.0 0.0 0.0 0.0 0.0 0.0
41.98990512 48.26492533 0.0 1.0 0.0 0.0 0.0 0.0 0.0 0.0
46.98990512 53.26492533 0.0 1.0 0.0 0.0 0.0 0.0 0.0 0.0
51.98990512 58.26492533 0.0 1.0 0.0 0.0 0.0 0.0 0.0 0.0
56.98990512 63.26492533 0.0 1.0 0.0 0.0 0.0 0.0 0.0 0.0
61.98990512 68.26492533 0.0 0.0 0.0 0.0 0.0 0.0 0.0 1.0
