96.05486323 94.28539928 0.0 0.0 0.0 0.0 0.0 0.0 1.0 0.0
96.05486323 89.28539928 0.0 0.0 0.0 0.0 0.0 0.0 1.0 0.0
96.05486323 84.28539928 0.0 0.0 0.0 0.0 0.0 0.0 1.0 0.0
96.05486323 79.28539928 0.0 0.0 0.0 0.0 0.0 0.0 1.0 0.0
96.05486323 74.28539928 0.0 0.0 0.0 0.0 0.0 0.0 1.0 0.0
96.05486323 69.28539928 0.0 0.0 0.0 0.0 0.0 0.0 1.0 0.0
96.05486323 64.28539928 0.0 0.0 0.0 0.0 0.0 0.0 1.0 0.0
96.05486323 59.28539928 0.0 0.0 0.0 0.0 0.0 0.0 1.0 0.0
96.05486323 54.28539928 0.0 0.0 0.0 0.0 0.0 0.0 1.0 0.0
96.05486323 49.28539928 0.0 0.0 0.0 0.0 0.0 0.0 1.0 0.0
96.05486323 44.28539928 0.0 0.0 0.0 0.0 0.0 1.0 0.0 0.0
91.05486323 39.28539928 0.0 0.0 0.0 0.0 0.0 0.0 1.0 0.0
91.05486323 34.28539928 0.0 0.0 0.0 0.0 0.0 1.0 0.0 0.0
86.05486323 29.28539928 0.0 0.0 0.0 0.0 0.0 0.0 1.0 0.0
86.05486323 24.28539928 0.0 0.0 0.0 0.0 0.0 0.0 1.0 0.0
86.05486323 19.28539928 0.0 0.0 0.0 0.0 0.0 1.0 0.0 0.0
81.05486323 14.28539928 0.0 0.0 0.0 0.0 0.0 1.0 0.0 0.0
