16.89733854 86.34776244 1.0 0.0 0.0 0.0 0.0 0.0 0.0 0.0
21.89733854 86.34776244 1.0 0.0 0.0 0.0 0.0 0.0 0.0 0.0
26.89733854 86.34776244 1.0 0.0 0.0 0.0 0.0 0.0 0.0 0.0
31.89733854 86.34776244 1.0 0.0 0.0 0.0 0.0 0.0 0.0 0.0
36.89733854 86.34776244 1.0 0.0 0.0 0.0 0.0 0.0 0.0 0.0
41.89733854 86.34776244 1.0 0.0 0.0 0.0 0.0 0.0 0.0 0.0
46.89733854 86.34776244 1.0 0.0 0.0 0.0 0.0 0.0 0.0 0.0
51.89733854 86.34776244 0.0 0.0 0.0 0.0 0.0 0.0 0.0 1.0
56.89733854 81.34776244 1.0 0.0 0.0 0.0 0.0 0.0 0.0 0.0
61.89733854 81.34776244 1.0 0.0 0.0 0.0 0.0 0.0 0.0 0.0
66.89733854 81.34776244 1.0 0.0 0.0 0.0 0.0 0.0 0.0 0.0
71.89733854 81.34776244 1.0 0.0 0.0 0.0 0.0 0.0 0.0 0.0
76.89733854 81.34776244 1.0 0.0 0.0 0.0 0.0 0.0 0.0 0.0
81.89733854 81.34776244 1.0 0.0 0.0 0.0 0.0 0.0 0.0 0.0
86.89733854 81.34776244 1.0 0.0 0.0 0.0 0.0 0.0 0.0 0.0
91.89733854 81.34776244 0.0 1.0 0.0 0.0 0.0 0.0 0.0 0.0
96.89733854 86.34776244 0.0 1.0 0.0 0.0 0.0 0.0 0.0 0.0
