93.08633245 88.05085695 0.0 0.0 0.0 0.0 1.0 0.0 0.0 0.0
88.08633245 88.05085695 0.0 0.0 0.0 0.0 1.0 0.0 0.0 0.0
83.08633245 88.05085695 0.0 0.0 0.0 0.0 1.0 0.0 0.0 0.0
78.08633245 88.05085695 0.0 0.0 0.0 0.0 1.0 0.0 0.0 0.0
73.08633245 88.05085695 0.0 0.0 0.0 1.0 0.0 0.0 0.0 0.0
68.08633245 93.05085695 0.0 0.0 0.0 0.0 1.0 0.0 0.0 0.0
63.08633245 93.05085695 0.0 0.0 0.0 0.0 1.0 0.0 0.0 0.0
58.08633245 93.05085695 0.0 0.0 0.0 0.0 0.0 1.0 0.0 0.0
53.08633245 88.05085695 0.0 0.0 0.0 0.0 0.0 1.0 0.0 0.0
48.08633245 83.05085695 0.0 0.0 0.0 0.0 0.0 1.0 0.0 0.0
43.08633245 78.05085695 0.0 0.0 0.0 0.0 0.0 1.0 0.0 0.0
38.08633245 73.05085695 0.0 0.0 0.0 0.0 1.0 0.0 0.0 0.0
33.08633245 73.05085695 0.0 0.0 0.0 0.0 0.0 1.0 0.0 0.0
28.08633245 68.05085695 0.0 0.0 0.0 0.0 0.0 1.0 0.0 0.0
23.08633245 63.05085695 0.0 0.0 0.0 0.0 0.0 1.0 0.0 0.0
18.08633245 58.05085695 0.0 0.0 0.0 0.0 0.0 1.0 0.0 0.0
13.08633245 53.05085695 0.0 0.0 0.0 0.0 1.0 0.0 0.0 0.0
8.08633245 53.05085695 0.0 0.0 0.0 0.0 1.0 0.0 0.0 0.0
3.08633245 53.05085695 0.0 0.0 0.0 1.0 0.0 0.0 0.0 0.0
