2.65896358 90.31867831 0.0 0.0 0.0 0.0 0.0 0.0 0.0 1.0
7.65896358 85.31867831 1.0 0.0 0.0 0.0 0.0 0.0 0.0 0.0
12.65896358 85.31867831 1.0 0.0 0.0 0.0 0.0 0.0 0.0 0.0
17.65896358 85.31867831 1.0 0.0 0.0 0.0 0.0 0.0 0.0 0.0
22.65896358 85.31867831 1.0 0.0 0.0 0.0 0.0 0.0 0.0 0.0
27.65896358 85.31867831 1.0 0.0 0.0 0.0 0.0 0.0 0.0 0.0
32.65896358 85.31867831 1.0 0.0 0.0 0.0 0.0 0.0 0.0 0.0
37.65896358 85.31867831 0.0 0.0 0.0 0.0 0.0 0.0 0.0 1.0
42.65896358 80.31867831 0.0 0.0 0.0 0.0 0.0 0.0 0.0 1.0
47.65896358 75.31867831 0.0 0.0 0.0 0.0 0.0 0.0 0.0 1.0
52.65896358 70.31867831 0.0 0.0 0.0 0.0 0.0 0.0 0.0 1.0
57.65896358 65.31867831 0.0 0.0 0.0 0.0 0.0 0.0 0.0 1.0
62.65896358 60.31867831 0.0 0.0 0.0 0.0 0.0 0.0 0.0 1.0
67.65896358 55.31867831 0.0 0.0 0.0 0.0 0.0 0.0 0.0 1.0
72.65896358 50.31867831 0.0 0.0 0.0 0.0 0.0 0.0 0.0 1.0
77.65896358 45.31867831 0.0 0.0 0.0 0.0 0.0 0.0 0.0 1.0
82.65896358 40.31867831 0.0 1.0 0.0 0.0 0.0 0.0 0.0 0.0
