93.75052312 28.94939195 0.0 0.0 0.0 1.0 0.0 0.0 0.0 0.0
88.75052312 33.94939195 0.0 0.0 0.0 1.0 0.0 0.0 0.0 0.0
83.75052312 38.94939195 0.0 0.0 0.0 1.0 0.0 0.0 0.0 0.0
78.75052312 43.94939195 0.0 0.0 0.0 1.0 0.0 0.0 0.0 0.0
73.75052312 48.94939195 0.0 0.0 0.0 1.0 0.0 0.0 0.0 0.0
68.75052312 53.94939195 0.0 0.0 0.0 0.0 1.0 0.0 0.0 0.0
63.75052312 53.94939195 0.0 0.0 0.0 1.0 0.0 0.0 0.0 0.0
58.75052312 58.94939195 0.0 0.0 0.0 0.0 1.0 0.0 0.0 0.0
53.75052312 58.94939195 0.0 0.0 0.0 1.0 0.0 0.0 0.0 0.0
48.75052312 63.94939195 0.0 0.0 0.0 0.0 1.0 0.0 0.0 0.0
43.75052312 63.94939195 0.0 0.0 0.0 1.0 0.0 0.0 0.0 0.0
38.75052312 68.94939195 0.0 0.0 0.0 0.0 1.0 0.0 0.0 0.0
33.75052312 68.94939195 0.0 0.0 0.0 1.0 0.0 0.0 0.0 0.0
28.75052312 73.94939195 0.0 0.0 0.0 0.0 1.0 0.0 0.0 0.0
23.75052312 73.94939195 0.0 0.0 0.0 1.0 0.0 0.0 0.0 0.0
18.75052312 78.94939195 0.0 0.0 0.0 1.0 0.0 0.0 0.0 0.0
13.75052312 83.94939195 0.0 0.0 0.0 0.0 1.0 0.0 0.0 0.0
8.75052312 83.94939195 0.0 0.0 0.0 0.0 0.0 1.0 0.0 0.0
