88.52695664 4.58183517 0.0 0.0 0.0 1.0 0.0 0.0 0.0 0.0
83.52695664 9.58183517 0.0 0.0 0.0 1.0 0.0 0.0 0.0 0.0
78.52695664 14.58183517 0.0 0.0 0.0 0.0 1.0 0.0 0.0 0.0
73.52695664 14.58183517 0.0 0.0 0.0 0.0 1.0 0.0 0.0 0.0
68.52695664 14.58183517 0.0 0.0 0.0 0.0 1.0 0.0 0.0 0.0
63.52695664 14.58183517 0.0 0.0 0.0 0.0 1.0 0.0 0.0 0.0
58.52695664 14.58183517 0.0 0.0 0.0 0.0 1.0 0.0 0.0 0.0
53.52695664 14.58183517 0.0 0.0 0.0 0.0 1.0 0.0 0.0 0.0
48.52695664 14.58183517 0.0 0.0 0.0 1.0 0.0 0.0 0.0 0.0
43.52695664 19.58183517 0.0 0.0 0.0 0.0 1.0 0.0 0.0 0.0
38.52695664 19.58183517 0.0 0.0 1.0 0.0 0.0 0.0 0.0 0.0
38.52695664 24.58183517 0.0 0.0 0.0 1.0 0.0 0.0 0.0 0.0
33.52695664 29.58183517 0.0 0.0 1.0 0.0 0.0 0.0 0.0 0.0
33.52695664 34.58183517 0.0 1.0 0.0 0.0 0.0 0.0 0.0 0.0
38.52695664 39.58183517 0.0 1.0 0.0 0.0 0.0 0.0 0.0 0.0
43.52695664 44.58183517 0.0 1.0 0.0 0.0 0.0 0.0 0.0 0.0
48.52695664 49.58183517 0.0 1.0 0.0 0.0 0.0 0.0 0.0 0.0
53.52695664 54.58183517 0.0 1.0 0.0 0.0 0.0 0.0 0.0 0.0
58.52695664 59.58183517 0.0 1.0 0.0 0.0 0.0 0.0 0.0 0.0
63.52695664 64.58183517 0.0 1.0 0.0 0.0 0.0 0.0 0.0 0.0
68.52695664 69.58183517 0.0 0.0 1.0 0.0 0.0 0.0 0.0 0.0
68.52695664 74.58183517 0.0 0.0 1.0 0.0 0.0 0.0 0.0 0.0
68.52695664 79.58183517 0.0 0.0 1.0 0.0 0.0 0.0 0.0 0.0
68.52695664 84.58183517 0.0 1.0 0.0 0.0 0.0 0.0 0.0 0.0
73.52695664 89.58183517 0.0 1.0 0.0 0.0 0.0 0.0 0.0 0.0
78.52695664 94.58183517 0.0 1.0 0.0 0.0 0.0 0.0 0.0 0.0
83.52695664 99.58183517 0.0 1.0 0.0 0.0 0.0 0.0 0.0 0.0
