10.07155679 77.68349237 0.0 1.0 0.0 0.0 0.0 0.0 0.0 0.0
15.07155679 82.68349237 1.0 0.0 0.0 0.0 0.0 0.0 0.0 0.0
20.07155679 82.68349237 1.0 0.0 0.0 0.0 0.0 0.0 0.0 0.0
25.07155679 82.68349237 0.0 0.0 0.0 0.0 0.0 0.0 0.0 1.0
30.07155679 77.68349237 1.0 0.0 0.0 0.0 0.0 0.0 0.0 0.0
35.07155679 77.68349237 1.0 0.0 0.0 0.0 0.0 0.0 0.0 0.0
40.07155679 77.68349237 1.0 0.0 0.0 0.0 0.0 0.0 0.0 0.0
45.07155679 77.68349237 1.0 0.0 0.0 0.0 0.0 0.0 0.0 0.0
50.07155679 77.68349237 1.0 0.0 0.0 0.0 0.0 0.0 0.0 0.0
55.07155679 77.68349237 1.0 0.0 0.0 0.0 0.0 0.0 0.0 0.0
60.07155679 77.68349237 0.0 0.0 0.0 0.0 0.0 0.0 0.0 1.0
65.07155679 72.68349237 0.0 0.0 0.0 0.0 0.0 0.0 0.0 1.0
70.07155679 67.68349237 0.0 0.0 0.0 0.0 0.0 0.0 1.0 0.0
70.07155679 62.68349237 0.0 0.0 0.0 0.0 0.0 0.0 1.0 0.0
70.07155679 57.68349237 0.0 0.0 0.0 0.0 0.0 0.0 1.0 0.0
70.07155679 52.68349237 0.0 0.0 0.0 0.0 0.0 0.0 1.0 0.0
70.07155679 47.68349237 0.0 0.0 0.0 0.0 0.0 0.0 0.0 1.0
75.07155679 42.68349237 0.0 0.0 0.0 0.0 0.0 0.0 1.0 0.0
75.07155679 37.68349237 0.0 0.0 0.0 0.0 0.0 0.0 0.0 1.0
80.07155679 32.68349237 0.0 0.0 0.0 0.0 0.0 0.0 1.0 0.0
80.07155679 27.68349237 0.0 0.0 0.0 0.0 0.0 0.0 0.0 1.0
85.07155679 22.68349237 0.0 0.0 0.0 0.0 0.0 0.0 1.0 0.0
85.07155679 17.68349237 0.0 0.0 0.0 0.0 0.0 0.0 0.0 1.0
90.07155679 12.68349237 0.0 0.0 0.0 0.0 0.0 0.0 0.0 1.0
