91.72874665 7.30841156 0.0 0.0 0.0 1.0 0.0 0.0 0.0 0.0
86.72874665 12.30841156 0.0 0.0 0.0 1.0 0.0 0.0 0.0 0.0
81.72874665 17.30841156 0.0 0.0 0.0 1.0 0.0 0.0 0.0 0.0
76.72874665 22.30841156 0.0 0.0 0.0 1.0 0.0 0.0 0.0 0.0
71.72874665 27.30841156 0.0 0.0 0.0 1.0 0.0 0.0 0.0 0.0
66.72874665 32.30841156 0.0 0.0 0.0 1.0 0.0 0.0 0.0 0.0
61.72874665 37.30841156 0.0 0.0 0.0 1.0 0.0 0.0 0.0 0.0
56.72874665 42.30841156 0.0 0.0 1.0 0.0 0.0 0.0 0.0 0.0
56.72874665 47.30841156 0.0 0.0 1.0 0.0 0.0 0.0 0.0 0.0
56.72874665 52.30841156 0.0 0.0 0.0 1.0 0.0 0.0 0.0 0.0
51.72874665 57.30841156 0.0 0.0 0.0 0.0 1.0 0.0 0.0 0.0
46.72874665 57.30841156 0.0 0.0 0.0 1.0 0.0 0.0 0.0 0.0
41.72874665 62.30841156 0.0 0.0 0.0 0.0 0.0 1.0 0.0 0.0
36.72874665 57.30841156 0.0 0.0 0.0 0.0 1.0 0.0 0.0 0.0
31.72874665 57.30841156 0.0 0.0 0.0 0.0 0.0 1.0 0.0 0.0
26.72874665 52.30841156 0.0 0.0 0.0 0.0 1.0 0.0 0.0 0.0
21.72874665 52.30841156 0.0 0.0 0.0 0.0 0.0 1.0 0.0 0.0
16.72874665 47.30841156 0.0 0.0 0.0 0.0 1.0 0.0 0.0 0.0
11.72874665 47.30841156 0.0 0.0 0.0 0.0 0.0 1.0 0.0 0.0
