96.1572702 87.31373241 0.0 0.0 0.0 0.0 0.0 1.0 0.0 0.0
91.1572702 82.31373241 0.0 0.0 0.0 0.0 0.0 1.0 0.0 0.0
86.1572702 77.31373241 0.0 0.0 0.0 0.0 0.0 1.0 0.0 0.0
81.1572702 72.31373241 0.0 0.0 0.0 0.0 0.0 1.0 0.0 0.0
76.1572702 67.31373241 0.0 0.0 0.0 0.0 0.0 0.0 1.0 0.0
76.1572702 62.31373241 0.0 0.0 0.0 0.0 0.0 1.0 0.0 0.0
71.1572702 57.31373241 0.0 0.0 0.0 0.0 0.0 0.0 1.0 0.0
71.1572702 52.31373241 0.0 0.0 0.0 0.0 0.0 0.0 1.0 0.0
71.1572702 47.31373241 0.0 0.0 0.0 0.0 0.0 0.0 1.0 0.0
71.1572702 42.31373241 0.0 0.0 0.0 0.0 0.0 1.0 0.0 0.0
66.1572702 37.31373241 0.0 0.0 0.0 0.0 0.0 1.0 0.0 0.0
61.1572702 32.31373241 0.0 0.0 0.0 0.0 1.0 0.0 0.0 0.0
56.1572702 32.31373241 0.0 0.0 0.0 0.0 0.0 1.0 0.0 0.0
51.1572702 27.31373241 0.0 0.0 0.0 0.0 0.0 1.0 0.0 0.0
46.1572702 22.31373241 0.0 0.0 0.0 0.0 0.0 1.0 0.0 0.0
41.1572702 17.31373241 0.0 0.0 0.0 0.0 0.0 1.0 0.0 0.0
36.1572702 12.31373241 0.0 0.0 0.0 0.0 1.0 0.0 0.0 0.0
31.1572702 12.31373241 0.0 0.0 0.0 0.0 1.0 0.0 0.0 0.0
26.1572702 12.31373241 0.0 0.0 0.0 0.0 1.0 0.0 0.0 0.0
21.1572702 12.31373241 0.0 0.0 0.0 0.0 1.0 0.0 0.0 0.0
16.1572702 12.31373241 0.0 0.0 0.0 0.0 1.0 0.0 0.0 0.0
11.1572702 12.31373241 0.0 0.0 0.0 0.0 0.0 1.0 0.0 0.0
6.1572702 7.31373241 0.0 0.0 0.0 1.0 0.0 0.0 0.0 0.0
