81.12830551 13.66662784 0.0 0.0 0.0 1.0 0.0 0.0 0.0 0.0
76.12830551 18.66662784 0.0 0.0 0.0 1.0 0.0 0.0 0.0 0.0
71.12830551 23.66662784 0.0 0.0 1.0 0.0 0.0 0.0 0.0 0.0
71.12830551 28.66662784 0.0 0.0 0.0 1.0 0.0 0.0 0.0 0.0
66.12830551 33.66662784 0.0 0.0 1.0 0.0 0.0 0.0 0.0 0.0
66.12830551 38.66662784 0.0 0.0 1.0 0.0 0.0 0.0 0.0 0.0
66.12830551 43.66662784 0.0 0.0 0.0 1.0 0.0 0.0 0.0 0.0
61.12830551 48.66662784 0.0 0.0 1.0 0.0 0.0 0.0 0.0 0.0
61.12830551 53.66662784 0.0 0.0 0.0 1.0 0.0 0.0 0.0 0.0
56.12830551 58.66662784 0.0 0.0 1.0 0.0 0.0 0.0 0.0 0.0
56.12830551 63.66662784 0.0 0.0 1.0 0.0 0.0 0.0 0.0 0.0
56.12830551 68.66662784 0.0 0.0 1.0 0.0 0.0 0.0 0.0 0.0
56.12830551 73.66662784 0.0 0.0 1.0 0.0 0.0 0.0 0.0 0.0
56.12830551 78.66662784 0.0 0.0 1.0 0.0 0.0 0.0 0.0 0.0
56.12830551 83.66662784 0.0 0.0 0.0 1.0 0.0 0.0 0.0 0.0
51.12830551 88.66662784 0.0 0.0 0.0 0.0 1.0 0.0 0.0 0.0
46.12830551 88.66662784 0.0 0.0 0.0 1.0 0.0 0.0 0.0 0.0
