17.50559193 61.52700002 0.0 0.0 0.0 0.0 0.0 0.0 0.0 1.0
22.50559193 56.52700002 0.0 0.0 0.0 0.0 0.0 0.0 0.0 1.0
27.50559193 51.52700002 0.0 0.0 0.0 0.0 0.0 0.0 0.0 1.0
32.50559193 46.52700002 1.0 0.0 0.0 0.0 0.0 0.0 0.0 0.0
37.50559193 46.52700002 1.0 0.0 0.0 0.0 0.0 0.0 0.0 0.0
42.50559193 46.52700002 0.0 0.0 0.0 0.0 0.0 0.0 0.0 1.0
47.50559193 41.52700002 1.0 0.0 0.0 0.0 0.0 0.0 0.0 0.0
52.50559193 41.52700002 1.0 0.0 0.0 0.0 0.0 0.0 0.0 0.0
57.50559193 41.52700002 1.0 0.0 0.0 0.0 0.0 0.0 0.0 0.0
62.50559193 41.52700002 0.0 0.0 0.0 0.0 0.0 0.0 0.0 1.0
67.50559193 36.52700002 0.0 0.0 0.0 0.0 0.0 0.0 0.0 1.0
72.50559193 31.52700002 0.0 0.0 0.0 0.0 0.0 0.0 0.0 1.0
77.50559193 26.52700002 0.0 0.0 0.0 0.0 0.0 0.0 1.0 0.0
77.50559193 21.52700002 0.0 0.0 0.0 0.0 0.0 0.0 1.0 0.0
77.50559193 16.52700002 0.0 0.0 0.0 0.0 0.0 0.0 0.0 1.0
82.50559193 11.52700002 0.0 0.0 0.0 0.0 0.0 0.0 0.0 1.0
