33.36911482 7.84888254 0.0 0.0 1.0 0.0 0.0 0.0 0.0 0.0
33.36911482 12.84888254 0.0 0.0 1.0 0.0 0.0 0.0 0.0 0.0
33.36911482 17.84888254 0.0 0.0 1.0 0.0 0.0 0.0 0.0 0.0
33.36911482 22.84888254 0.0 0.0 1.0 0.0 0.0 0.0 0.0 0.0
33.36911482 27.84888254 0.0 0.0 0.0 1.0 0.0 0.0 0.0 0.0
28.36911482 32.84888254 0.0 0.0 0.0 1.0 0.0 0.0 0.0 0.0
23.36911482 37.84888254 0.0 0.0 1.0 0.0 0.0 0.0 0.0 0.0
23.36911482 42.84888254 0.0 0.0 1.0 0.0 0.0 0.0 0.0 0.0
23.36911482 47.84888254 0.0 0.0 1.0 0.0 0.0 0.0 0.0 0.0
23.36911482 52.84888254 0.0 0.0 1.0 0.0 0.0 0.0 0.0 0.0
23.36911482 57.84888254 0.0 0.0 1.0 0.0 0.0 0.0 0.0 0.0
23.36911482 62.84888254 0.0 0.0 1.0 0.0 0.0 0.0 0.0 0.0
23.36911482 67.84888254 0.0 1.0 0.0 0.0 0.0 0.0 0.0 0.0
28.36911482 72.84888254 0.0 0.0 1.0 0.0 0.0 0.0 0.0 0.0
28.36911482 77.84888254 0.0 0.0 1.0 0.0 0.0 0.0 0.0 0.0
28.36911482 82.84888254 0.0 1.0 0.0 0.0 0.0 0.0 0.0 0.0
33.36911482 87.84888254 0.0 0.0 1.0 0.0 0.0 0.0 0.0 0.0
33.36911482 92.84888254 0.0 1.0 0.0 0.0 0.0 0.0 0.0 0.0
