6.09095455 93.72978983 0.0 0.0 0.0 0.0 0.0 0.0 0.0 1.0
11.09095455 88.72978983 0.0 0.0 0.0 0.0 0.0 0.0 0.0 1.0
16.09095455 83.72978983 0.0 0.0 0.0 0.0 0.0 0.0 0.0 1.0
21.09095455 78.72978983 0.0 0.0 0.0 0.0 0.0 0.0 0.0 1.0
26.09095455 73.72978983 0.0 0.0 0.0 0.0 0.0 0.0 1.0 0.0
26.09095455 68.72978983 0.0 0.0 0.0 0.0 0.0 0.0 1.0 0.0
26.09095455 63.72978983 0.0 0.0 0.0 0.0 0.0 0.0 1.0 0.0
26.09095455 58.72978983 0.0 0.0 0.0 0.0 0.0 0.0 1.0 0.0
26.09095455 53.72978983 0.0 0.0 0.0 0.0 0.0 0.0 0.0 1.0
31.09095455 48.72978983 0.0 0.0 0.0 0.0 0.0 0.0 1.0 0.0
31.09095455 43.72978983 0.0 0.0 0.0 0.0 0.0 0.0 0.0 1.0
36.09095455 38.72978983 1.0 0.0 0.0 0.0 0.0 0.0 0.0 0.0
41.09095455 38.72978983 1.0 0.0 0.0 0.0 0.0 0.0 0.0 0.0
46.09095455 38.72978983 1.0 0.0 0.0 0.0 0.0 0.0 0.0 0.0
51.09095455 38.72978983 1.0 0.0 0.0 0.0 0.0 0.0 0.0 0.0
56.09095455 38.72978983 1.0 0.0 0.0 0.0 0.0 0.0 0.0 0.0
61.09095455 38.72978983 1.0 0.0 0.0 0.0 0.0 0.0 0.0 0.0
66.09095455 38.72978983 1.0 0.0 0.0 0.0 0.0 0.0 0.0 0.0
71.09095455 38.72978983 0.0 1.0 0.0 0.0 0.0 0.0 0.0 0.0
76.09095455 43.72978983 1.0 0.0 0.0 0.0 0.0 0.0 0.0 0.0
81.09095455 43.72978983 0.0 1.0 0.0 0.0 0.0 0.0 0.0 0.0
86.09095455 48.72978983 1.0 0.0 0.0 0.0 0.0 0.0 0.0 0.0
91.09095455 48.72978983 1.0 0.0 0.0 0.0 0.0 0.0 0.0 0.0
96.09095455 48.72978983 0.0 1.0 0.0 0.0 0.0 0.0 0.0 0.0
