65.11279594 0.49276482 0.0 1.0 0.0 0.0 0.0 0.0 0.0 0.0
70.11279594 5.49276482 0.0 0.0 1.0 0.0 0.0 0.0 0.0 0.0
70.11279594 10.49276482 0.0 0.0 1.0 0.0 0.0 0.0 0.0 0.0
70.11279594 15.49276482 0.0 0.0 1.0 0.0 0.0 0.0 0.0 0.0
70.11279594 20.49276482 0.0 0.0 1.0 0.0 0.0 0.0 0.0 0.0
70.11279594 25.49276482 0.0 0.0 1.0 0.0 0.0 0.0 0.0 0.0
70.11279594 30.49276482 0.0 0.0 1.0 0.0 0.0 0.0 0.0 0.0
70.11279594 35.49276482 0.0 0.0 1.0 0.0 0.0 0.0 0.0 0.0
70.11279594 40.49276482 0.0 0.0 1.0 0.0 0.0 0.0 0.0 0.0
70.11279594 45.49276482 0.0 0.0 1.0 0.0 0.0 0.0 0.0 0.0
70.11279594 50.49276482 0.0 0.0 1.0 0.0 0.0 0.0 0.0 0.0
70.11279594 55.49276482 0.0 0.0 1.0 0.0 0.0 0.0 0.0 0.0
70.11279594 60.49276482 0.0 0.0 1.0 0.0 0.0 0.0 0.0 0.0
70.11279594 65.49276482 0.0 0.0 1.0 0.0 0.0 0.0 0.0 0.0
70.11279594 70.49276482 0.0 0.0 1.0 0.0 0.0 0.0 0.0 0.0
70.11279594 75.49276482 0.0 0.0 1.0 0.0 0.0 0.0 0.0 0.0
70.11279594 80.49276482 0.0 0.0 1.0 0.0 0.0 0.0 0.0 0.0
70.11279594 85.49276482 0.0 0.0 0.0 1.0 0.0 0.0 0.0 0.0
65.11279594 90.49276482 0.0 0.0 0.0 1.0 0.0 0.0 0.0 0.0
