8.76462493 95.7704179 0.0 0.0 0.0 0.0 0.0 0.0 0.0 1.0
13.76462493 90.7704179 0.0 0.0 0.0 0.0 0.0 0.0 0.0 1.0
18.76462493 85.7704179 0.0 0.0 0.0 0.0 0.0 0.0 0.0 1.0
23.76462493 80.7704179 0.0 0.0 0.0 0.0 0.0 0.0 0.0 1.0
28.76462493 75.7704179 0.0 0.0 0.0 0.0 0.0 0.0 0.0 1.0
33.76462493 70.7704179 0.0 0.0 0.0 0.0 0.0 0.0 0.0 1.0
38.76462493 65.7704179 0.0 0.0 0.0 0.0 0.0 0.0 0.0 1.0
43.76462493 60.7704179 0.0 0.0 0.0 0.0 0.0 0.0 0.0 1.0
48.76462493 55.7704179 0.0 0.0 0.0 0.0 0.0 0.0 0.0 1.0
53.76462493 50.7704179 0.0 0.0 0.0 0.0 0.0 0.0 0.0 1.0
58.76462493 45.7704179 1.0 0.0 0.0 0.0 0.0 0.0 0.0 0.0
63.76462493 45.7704179 0.0 0.0 0.0 0.0 0.0 0.0 0.0 1.0
68.76462493 40.7704179 0.0 0.0 0.0 0.0 0.0 0.0 1.0 0.0
68.76462493 35.7704179 0.0 0.0 0.0 0.0 0.0 0.0 1.0 0.0
68.76462493 30.7704179 0.0 0.0 0.0 0.0 0.0 0.0 1.0 0.0
68.76462493 25.7704179 0.0 0.0 0.0 0.0 0.0 0.0 0.0 1.0
73.76462493 20.7704179 0.0 0.0 0.0 0.0 0.0 0.0 0.0 1.0
78.76462493 15.7704179 0.0 0.0 0.0 0.0 0.0 1.0 0.0 0.0
