20.65505195 1.05142621 0.0 1.0 0.0 0.0 0.0 0.0 0.0 0.0
25.65505195 6.05142621 0.0 0.0 1.0 0.0 0.0 0.0 0.0 0.0
25.65505195 11.05142621 0.0 0.0 1.0 0.0 0.0 0.0 0.0 0.0
25.65505195 16.05142621 0.0 0.0 1.0 0.0 0.0 0.0 0.0 0.0
25.65505195 21.05142621 0.0 0.0 1.0 0.0 0.0 0.0 0.0 0.0
25.65505195 26.05142621 0.0 0.0 1.0 0.0 0.0 0.0 0.0 0.0
25.65505195 31.05142621 0.0 0.0 1.0 0.0 0.0 0.0 0.0 0.0
25.65505195 36.05142621 0.0 0.0 1.0 0.0 0.0 0.0 0.0 0.0
25.65505195 41.05142621 0.0 0.0 1.0 0.0 0.0 0.0 0.0 0.0
25.65505195 46.05142621 0.0 0.0 1.0 0.0 0.0 0.0 0.0 0.0
25.65505195 51.05142621 0.0 0.0 1.0 0.0 0.0 0.0 0.0 0.0
25.65505195 56.05142621 0.0 0.0 1.0 0.0 0.0 0.0 0.0 0.0
25.65505195 61.05142621 0.0 0.0 1.0 0.0 0.0 0.0 0.0 0.0
25.65505195 66.05142621 0.0 0.0 1.0 0.0 0.0 0.0 0.0 0.0
25.65505195 71.05142621 0.0 0.0 1.0 0.0 0.0 0.0 0.0 0.0
25.65505195 76.05142621 0.0 0.0 1.0 0.0 0.0 0.0 0.0 0.0
25.65505195 81.05142621 0.0 0.0 1.0 0.0 0.0 0.0 0.0 0.0
25.65505195 86.05142621 0.0 0.0 1.0 0.0 0.0 0.0 0.0 0.0
25.65505195 91.05142621 0.0 0.0 0.0 1.0 0.0 0.0 0.0 0.0
