18.11537958 61.50433079 1.0 0.0 0.0 0.0 0.0 0.0 0.0 0.0
23.11537958 61.50433079 1.0 0.0 0.0 0.0 0.0 0.0 0.0 0.0
28.11537958 61.50433079 1.0 0.0 0.0 0.0 0.0 0.0 0.0 0.0
33.11537958 61.50433079 1.0 0.0 0.0 0.0 0.0 0.0 0.0 0.0
38.11537958 61.50433079 1.0 0.0 0.0 0.0 0.0 0.0 0.0 0.0
43.11537958 61.50433079 0.0 1.0 0.0 0.0 0.0 0.0 0.0 0.0
48.11537958 66.50433079 1.0 0.0 0.0 0.0 0.0 0.0 0.0 0.0
53.11537958 66.50433079 1.0 0.0 0.0 0.0 0.0 0.0 0.0 0.0
58.11537958 66.50433079 0.0 0.0 0.0 0.0 0.0 0.0 0.0 1.0
63.11537958 61.50433079 0.0 0.0 0.0 0.0 0.0 0.0 0.0 1.0
68.11537958 56.50433079 0.0 0.0 0.0 0.0 0.0 0.0 0.0 1.0
73.11537958 51.50433079 0.0 0.0 0.0 0.0 0.0 0.0 1.0 0.0
73.11537958 46.50433079 0.0 0.0 0.0 0.0 0.0 0.0 1.0 0.0
73.11537958 41.50433079 0.0 0.0 0.0 0.0 0.0 1.0 0.0 0.0
68.11537958 36.50433079 0.0 0.0 0.0 0.0 0.0 0.0 1.0 0.0
68.11537958 31.50433079 0.0 0.0 0.0 0.0 0.0 0.0 1.0 0.0
68.11537958 26.50433079 0.0 0.0 0.0 0.0 0.0 0.0 0.0 1.0
73.11537958 21.50433079 0.0 0.0 0.0 0.0 0.0 0.0 1.0 0.0
73.11537958 16.50433079 0.0 0.0 0.0 0.0 0.0 0.0 0.0 1.0
