2.64924364 10.54547737 1.0 0.0 0.0 0.0 0.0 0.0 0.0 0.0
7.64924364 10.54547737 1.0 0.0 0.0 0.0 0.0 0.0 0.0 0.0
12.64924364 10.54547737 1.0 0.0 0.0 0.0 0.0 0.0 0.0 0.0
17.64924364 10.54547737 1.0 0.0 0.0 0.0 0.0 0.0 0.0 0.0
22.64924364 10.54547737 1.0 0.0 0.0 0.0 0.0 0.0 0.0 0.0
27.64924364 10.54547737 1.0 0.0 0.0 0.0 0.0 0.0 0.0 0.0
32.64924364 10.54547737 1.0 0.0 0.0 0.0 0.0 0.0 0.0 0.0
37.64924364 10.54547737 0.0 1.0 0.0 0.0 0.0 0.0 0.0 0.0
42.64924364 15.54547737 0.0 1.0 0.0 0.0 0.0 0.0 0.0 0.0
47.64924364 20.54547737 0.0 1.0 0.0 0.0 0.0 0.0 0.0 0.0
52.64924364 25.54547737 0.0 1.0 0.0 0.0 0.0 0.0 0.0 0.0
57.64924364 30.54547737 1.0 0.0 0.0 0.0 0.0 0.0 0.0 0.0
62.64924364 30.54547737 1.0 0.0 0.0 0.0 0.0 0.0 0.0 0.0
67.64924364 30.54547737 0.0 0.0 0.0 0.0 0.0 0.0 0.0 1.0
72.64924364 25.54547737 0.0 0.0 0.0 0.0 0.0 0.0 0.0 1.0
77.64924364 20.54547737 0.0 0.0 0.0 0.0 0.0 0.0 0.0 1.0
