2.57721571 2.71900548 0.0 1.0 0.0 0.0 0.0 0.0 0.0 0.0
7.57721571 7.71900548 0.0 1.0 0.0 0.0 0.0 0.0 0.0 0.0
12.57721571 12.71900548 0.0 1.0 0.0 0.0 0.0 0.0 0.0 0.0
17.57721571 17.71900548 1.0 0.0 0.0 0.0 0.0 0.0 0.0 0.0
22.57721571 17.71900548 1.0 0.0 0.0 0.0 0.0 0.0 0.0 0.0
27.57721571 17.71900548 1.0 0.0 0.0 0.0 0.0 0.0 0.0 0.0
32.57721571 17.71900548 0.0 1.0 0.0 0.0 0.0 0.0 0.0 0.0
37.57721571 22.71900548 0.0 1.0 0.0 0.0 0.0 0.0 0.0 0.0
42.57721571 27.71900548 0.0 1.0 0.0 0.0 0.0 0.0 0.0 0.0
47.57721571 32.71900548 0.0 1.0 0.0 0.0 0.0 0.0 0.0 0.0
52.57721571 37.71900548 0.0 1.0 0.0 0.0 0.0 0.0 0.0 0.0
57.57721571 42.71900548 0.0 1.0 0.0 0.0 0.0 0.0 0.0 0.0
62.57721571 47.71900548 0.0 0.0 1.0 0.0 0.0 0.0 0.0 0.0
62.57721571 52.71900548 0.0 1.0 0.0 0.0 0.0 0.0 0.0 0.0
67.57721571 57.71900548 0.0 0.0 1.0 0.0 0.0 0.0 0.0 0.0
67.57721571 62.71900548 0.0 1.0 0.0 0.0 0.0 0.0 0.0 0.0
72.57721571 67.71900548 0.0 0.0 1.0 0.0 0.0 0.0 0.0 0.0
72.57721571 72.71900548 0.0 0.0 1.0 0.0 0.0 0.0 0.0 0.0
72.57721571 77.71900548 0.0 1.0 0.0 0.0 0.0 0.0 0.0 0.0
