10.92580865 40.33197194 0.0 0.0 1.0 0.0 0.0 0.0 0.0 0.0
10.92580865 45.33197194 0.0 0.0 1.0 0.0 0.0 0.0 0.0 0.0
10.92580865 50.33197194 0.0 0.0 1.0 0.0 0.0 0.0 0.0 0.0
10.92580865 55.33197194 0.0 0.0 1.0 0.0 0.0 0.0 0.0 0.0
10.92580865 60.33197194 0.0 0.0 1.0 0.0 0.0 0.0 0.0 0.0
10.92580865 65.33197194 0.0 0.0 1.0 0.0 0.0 0.0 0.0 0.0
10.92580865 70.33197194 0.0 1.0 0.0 0.0 0.0 0.0 0.0 0.0
15.92580865 75.33197194 0.0 1.0 0.0 0.0 0.0 0.0 0.0 0.0
20.92580865 80.33197194 0.0 1.0 0.0 0.0 0.0 0.0 0.0 0.0
25.92580865 85.33197194 0.0 0.0 0.0 0.0 0.0 0.0 0.0 1.0
