85.6864517 92.89237624 0.0 0.0 0.0 0.0 0.0 1.0 0.0 0.0
80.6864517 87.89237624 0.0 0.0 0.0 0.0 0.0 1.0 0.0 0.0
75.6864517 82.89237624 0.0 0.0 0.0 0.0 1.0 0.0 0.0 0.0
70.6864517 82.89237624 0.0 0.0 0.0 0.0 1.0 0.0 0.0 0.0
65.6864517 82.89237624 0.0 0.0 0.0 0.0 1.0 0.0 0.0 0.0
60.6864517 82.89237624 0.0 0.0 0.0 0.0 0.0 1.0 0.0 0.0
55.6864517 77.89237624 0.0 0.0 0.0 0.0 0.0 1.0 0.0 0.0
50.6864517 72.89237624 0.0 0.0 0.0 0.0 0.0 1.0 0.0 0.0
45.6864517 67.89237624 0.0 0.0 0.0 0.0 0.0 1.0 0.0 0.0
40.6864517 62.89237624 0.0 0.0 0.0 0.0 0.0 1.0 0.0 0.0
35.6864517 57.89237624 0.0 0.0 0.0 0.0 0.0 1.0 0.0 0.0
30.6864517 52.89237624 0.0 0.0 0.0 0.0 0.0 1.0 0.0 0.0
25.6864517 47.89237624 0.0 0.0 0.0 0.0 0.0 1.0 0.0 0.0
20.6864517 42.89237624 0.0 0.0 0.0 0.0 0.0 1.0 0.0 0.0
15.6864517 37.89237624 0.0 0.0 0.0 0.0 0.0 1.0 0.0 0.0
10.6864517 32.89237624 0.0 0.0 0.0 0.0 1.0 0.0 0.0 0.0
5.6864517 32.89237624 0.0 0.0 0.0 0.0 0.0 1.0 0.0 0.0
