68.54305997 98.66287289 0.0 0.0 0.0 0.0 0.0 1.0 0.0 0.0
63.54305997 93.66287289 0.0 0.0 0.0 0.0 0.0 1.0 0.0 0.0
58.54305997 88.66287289 0.0 0.0 0.0 0.0 0.0 0.0 1.0 0.0
58.54305997 83.66287289 0.0 0.0 0.0 0.0 0.0 0.0 1.0 0.0
58.54305997 78.66287289 0.0 0.0 0.0 0.0 0.0 0.0 1.0 0.0
58.54305997 73.66287289 0.0 0.0 0.0 0.0 0.0 0.0 1.0 0.0
58.54305997 68.66287289 0.0 0.0 0.0 0.0 0.0 0.0 1.0 0.0
58.54305997 63.66287289 0.0 0.0 0.0 0.0 0.0 1.0 0.0 0.0
53.54305997 58.66287289 0.0 0.0 0.0 0.0 0.0 1.0 0.0 0.0
48.54305997 53.66287289 0.0 0.0 0.0 0.0 0.0 1.0 0.0 0.0
43.54305997 48.66287289 0.0 0.0 0.0 0.0 0.0 1.0 0.0 0.0
38.54305997 43.66287289 0.0 0.0 0.0 0.0 0.0 1.0 0.0 0.0
33.54305997 38.66287289 0.0 0.0 0.0 0.0 0.0 1.0 0.0 0.0
28.54305997 33.66287289 0.0 0.0 0.0 0.0 0.0 1.0 0.0 0.0
23.54305997 28.66287289 0.0 0.0 0.0 0.0 0.0 0.0 1.0 0.0
23.54305997 23.66287289 0.0 0.0 0.0 0.0 0.0 0.0 1.0 0.0
23.54305997 18.66287289 0.0 0.0 0.0 0.0 0.0 0.0 1.0 0.0
23.54305997 13.66287289 0.0 0.0 0.0 0.0 0.0 0.0 0.0 1.0
28.54305997 8.66287289 0.0 0.0 0.0 0.0 0.0 0.0 0.0 1.0
