39.97903091 11.77310953 0.0 0.0 1.0 0.0 0.0 0.0 0.0 0.0
39.97903091 16.77310953 0.0 0.0 1.0 0.0 0.0 0.0 0.0 0.0
39.97903091 21.77310953 0.0 1.0 0.0 0.0 0.0 0.0 0.0 0.0
44.97903091 26.77310953 0.0 1.0 0.0 0.0 0.0 0.0 0.0 0.0
49.97903091 31.77310953 0.0 1.0 0.0 0.0 0.0 0.0 0.0 0.0
54.97903091 36.77310953 0.0 0.0 1.0 0.0 0.0 0.0 0.0 0.0
54.97903091 41.77310953 0.0 0.0 1.0 0.0 0.0 0.0 0.0 0.0
54.97903091 46.77310953 0.0 0.0 1.0 0.0 0.0 0.0 0.0 0.0
54.97903091 51.77310953 0.0 0.0 1.0 0.0 0.0 0.0 0.0 0.0
54.97903091 56.77310953 0.0 0.0 1.0 0.0 0.0 0.0 0.0 0.0
54.97903091 61.77310953 0.0 0.0 1.0 0.0 0.0 0.0 0.0 0.0
54.97903091 66.77310953 0.0 0.0 1.0 0.0 0.0 0.0 0.0 0.0
54.97903091 71.77310953 0.0 0.0 1.0 0.0 0.0 0.0 0.0 0.0
54.97903091 76.77310953 0.0 0.0 1.0 0.0 0.0 0.0 0.0 0.0
54.97903091 81.77310953 0.0 0.0 1.0 0.0 0.0 0.0 0.0 0.0
54.97903091 86.77310953 0.0 0.0 0.0 1.0 0.0 0.0 0.0 0.0
49.97903091 91.77310953 0.0 0.0 1.0 0.0 0.0 0.0 0.0 0.0
49.97903091 96.77310953 0.0 0.0 0.0 1.0 0.0 0.0 0.0 0.0
