84.77938836 99.85869164 0.0 0.0 0.0 0.0 0.0 0.0 0.0 1.0
89.77938836 94.85869164 0.0 0.0 0.0 0.0 0.0 0.0 0.0 1.0
94.77938836 89.85869164 0.0 0.0 0.0 0.0 0.0 0.0 0.0 1.0
99.77938836 84.85869164 0.0 0.0 0.0 0.0 0.0 0.0 1.0 0.0
99.77938836 79.85869164 0.0 0.0 0.0 0.0 0.0 0.0 1.0 0.0
99.77938836 74.85869164 0.0 0.0 0.0 0.0 0.0 0.0 1.0 0.0
99.77938836 69.85869164 0.0 0.0 0.0 0.0 0.0 1.0 0.0 0.0
94.77938836 64.85869164 0.0 0.0 0.0 0.0 0.0 1.0 0.0 0.0
89.77938836 59.85869164 0.0 0.0 0.0 0.0 0.0 1.0 0.0 0.0
84.77938836 54.85869164 0.0 0.0 0.0 0.0 0.0 0.0 1.0 0.0
84.77938836 49.85869164 0.0 0.0 0.0 0.0 0.0 1.0 0.0 0.0
79.77938836 44.85869164 0.0 0.0 0.0 0.0 0.0 0.0 1.0 0.0
79.77938836 39.85869164 0.0 0.0 0.0 0.0 0.0 1.0 0.0 0.0
74.77938836 34.85869164 0.0 0.0 0.0 0.0 0.0 0.0 1.0 0.0
74.77938836 29.85869164 0.0 0.0 0.0 0.0 0.0 0.0 1.0 0.0
74.77938836 24.85869164 0.0 0.0 0.0 0.0 0.0 1.0 0.0 0.0
69.77938836 19.85869164 0.0 0.0 0.0 0.0 0.0 0.0 1.0 0.0
69.77938836 14.85869164 0.0 0.0 0.0 0.0 0.0 1.0 0.0 0.0
64.77938836 9.85869164 0.0 0.0 0.0 0.0 0.0 1.0 0.0 0.0
