16.06597892 88.19256178 1.0 0.0 0.0 0.0 0.0 0.0 0.0 0.0
21.06597892 88.19256178 1.0 0.0 0.0 0.0 0.0 0.0 0.0 0.0
26.06597892 88.19256178 1.0 0.0 0.0 0.0 0.0 0.0 0.0 0.0
31.06597892 88.19256178 1.0 0.0 0.0 0.0 0.0 0.0 0.0 0.0
36.06597892 88.19256178 1.0 0.0 0.0 0.0 0.0 0.0 0.0 0.0
41.06597892 88.19256178 1.0 0.0 0.0 0.0 0.0 0.0 0.0 0.0
46.06597892 88.19256178 1.0 0.0 0.0 0.0 0.0 0.0 0.0 0.0
51.06597892 88.19256178 0.0 0.0 0.0 0.0 0.0 0.0 0.0 1.0
56.06597892 83.19256178 1.0 0.0 0.0 0.0 0.0 0.0 0.0 0.0
61.06597892 83.19256178 1.0 0.0 0.0 0.0 0.0 0.0 0.0 0.0
66.06597892 83.19256178 1.0 0.0 0.0 0.0 0.0 0.0 0.0 0.0
71.06597892 83.19256178 1.0 0.0 0.0 0.0 0.0 0.0 0.0 0.0
76.06597892 83.19256178 1.0 0.0 0.0 0.0 0.0 0.0 0.0 0.0
81.06597892 83.19256178 1.0 0.0 0.0 0.0 0.0 0.0 0.0 0.0
86.06597892 83.19256178 0.0 0.0 0.0 0.0 0.0 0.0 0.0 1.0
