62.27812719 76.8507061 0.0 0.0 0.0 1.0 0.0 0.0 0.0 0.0
57.27812719 81.8507061 0.0 0.0 0.0 1.0 0.0 0.0 0.0 0.0
52.27812719 86.8507061 0.0 0.0 0.0 0.0 1.0 0.0 0.0 0.0
47.27812719 86.8507061 0.0 0.0 0.0 0.0 1.0 0.0 0.0 0.0
42.27812719 86.8507061 0.0 0.0 0.0 0.0 1.0 0.0 0.0 0.0
37.27812719 86.8507061 0.0 0.0 0.0 0.0 1.0 0.0 0.0 0.0
32.27812719 86.8507061 0.0 0.0 0.0 0.0 0.0 1.0 0.0 0.0
27.27812719 81.8507061 0.0 0.0 0.0 0.0 1.0 0.0 0.0 0.0
22.27812719 81.8507061 0.0 0.0 0.0 0.0 1.0 0.0 0.0 0.0
17.27812719 81.8507061 0.0 0.0 0.0 0.0 1.0 0.0 0.0 0.0
12.27812719 81.8507061 0.0 0.0 0.0 1.0 0.0 0.0 0.0 0.0
7.27812719 86.8507061 0.0 0.0 0.0 0.0 0.0 1.0 0.0 0.0
