1.99796436 5.16423853 0.0 1.0 0.0 0.0 0.0 0.0 0.0 0.0
6.99796436 10.16423853 1.0 0.0 0.0 0.0 0.0 0.0 0.0 0.0
11.99796436 10.16423853 1.0 0.0 0.0 0.0 0.0 0.0 0.0 0.0
16.99796436 10.16423853 1.0 0.0 0.0 0.0 0.0 0.0 0.0 0.0
21.99796436 10.16423853 1.0 0.0 0.0 0.0 0.0 0.0 0.0 0.0
26.99796436 10.16423853 1.0 0.0 0.0 0.0 0.0 0.0 0.0 0.0
31.99796436 10.16423853 1.0 0.0 0.0 0.0 0.0 0.0 0.0 0.0
36.99796436 10.16423853 0.0 1.0 0.0 0.0 0.0 0.0 0.0 0.0
41.99796436 15.16423853 0.0 1.0 0.0 0.0 0.0 0.0 0.0 0.0
46.99796436 20.16423853 0.0 1.0 0.0 0.0 0.0 0.0 0.0 0.0
51.99796436 25.16423853 0.0 1.0 0.0 0.0 0.0 0.0 0.0 0.0
56.99796436 30.16423853 0.0 1.0 0.0 0.0 0.0 0.0 0.0 0.0
61.99796436 35.16423853 0.0 0.0 1.0 0.0 0.0 0.0 0.0 0.0
61.99796436 40.16423853 0.0 0.0 1.0 0.0 0.0 0.0 0.0 0.0
61.99796436 45.16423853 0.0 1.0 0.0 0.0 0.0 0.0 0.0 0.0
66.99796436 50.16423853 0.0 1.0 0.0 0.0 0.0 0.0 0.0 0.0
71.99796436 55.16423853 0.0 1.0 0.0 0.0 0.0 0.0 0.0 0.0
76.99796436 60.16423853 0.0 1.0 0.0 0.0 0.0 0.0 0.0 0.0
81.99796436 65.16423853 0.0 1.0 0.0 0.0 0.0 0.0 0.0 0.0
86.99796436 70.16423853 0.0 1.0 0.0 0.0 0.0 0.0 0.0 0.0
91.99796436 75.16423853 0.0 1.0 0.0 0.0 0.0 0.0 0.0 0.0
