14.81469637 95.78761696 0.0 0.0 0.0 0.0 0.0 0.0 0.0 1.0
19.81469637 90.78761696 0.0 0.0 0.0 0.0 0.0 0.0 0.0 1.0
24.81469637 85.78761696 0.0 0.0 0.0 0.0 0.0 0.0 0.0 1.0
29.81469637 80.78761696 0.0 0.0 0.0 0.0 0.0 0.0 0.0 1.0
34.81469637 75.78761696 0.0 0.0 0.0 0.0 0.0 0.0 0.0 1.0
39.81469637 70.78761696 0.0 0.0 0.0 0.0 0.0 0.0 0.0 1.0
44.81469637 65.78761696 0.0 0.0 0.0 0.0 0.0 0.0 0.0 1.0
49.81469637 60.78761696 0.0 0.0 0.0 0.0 0.0 0.0 0.0 1.0
54.81469637 55.78761696 0.0 0.0 0.0 0.0 0.0 0.0 0.0 1.0
59.81469637 50.78761696 0.0 0.0 0.0 0.0 0.0 0.0 0.0 1.0
64.81469637 45.78761696 0.0 0.0 0.0 0.0 0.0 0.0 0.0 1.0
69.81469637 40.78761696 0.0 0.0 0.0 0.0 0.0 0.0 0.0 1.0
74.81469637 35.78761696 0.0 0.0 0.0 0.0 0.0 0.0 0.0 1.0
79.81469637 30.78761696 0.0 0.0 0.0 0.0 0.0 0.0 0.0 1.0
84.81469637 25.78761696 0.0 0.0 0.0 0.0 0.0 0.0 1.0 0.0
84.81469637 20.78761696 0.0 0.0 0.0 0.0 0.0 0.0 0.0 1.0
89.81469637 15.78761696 0.0 0.0 0.0 0.0 0.0 0.0 0.0 1.0
