4.8282946 75.30222497 0.0 0.0 0.0 0.0 0.0 0.0 0.0 1.0
9.8282946 70.30222497 0.0 0.0 0.0 0.0 0.0 0.0 0.0 1.0
14.8282946 65.30222497 0.0 0.0 0.0 0.0 0.0 0.0 0.0 1.0
19.8282946 60.30222497 0.0 0.0 0.0 0.0 0.0 0.0 1.0 0.0
19.8282946 55.30222497 0.0 0.0 0.0 0.0 0.0 0.0 0.0 1.0
24.8282946 50.30222497 0.0 0.0 0.0 0.0 0.0 0.0 1.0 0.0
24.8282946 45.30222497 0.0 0.0 0.0 0.0 0.0 0.0 0.0 1.0
29.8282946 40.30222497 0.0 0.0 0.0 0.0 0.0 0.0 0.0 1.0
34.8282946 35.30222497 0.0 0.0 0.0 0.0 0.0 0.0 0.0 1.0
39.8282946 30.30222497 0.0 0.0 0.0 0.0 0.0 0.0 0.0 1.0
44.8282946 25.30222497 0.0 0.0 0.0 0.0 0.0 0.0 0.0 1.0
49.8282946 20.30222497 0.0 0.0 0.0 0.0 0.0 0.0 0.0 1.0
54.8282946 15.30222497 1.0 0.0 0.0 0.0 0.0 0.0 0.0 0.0
59.8282946 15.30222497 0.0 0.0 0.0 0.0 0.0 0.0 0.0 1.0
64.8282946 10.30222497 0.0 0.0 0.0 0.0 0.0 0.0 0.0 1.0
