32.37664999 8.41141264 0.0 0.0 1.0 0.0 0.0 0.0 0.0 0.0
32.37664999 13.41141264 0.0 0.0 1.0 0.0 0.0 0.0 0.0 0.0
32.37664999 18.41141264 0.0 0.0 1.0 0.0 0.0 0.0 0.0 0.0
32.37664999 23.41141264 0.0 0.0 1.0 0.0 0.0 0.0 0.0 0.0
32.37664999 28.41141264 0.0 0.0 1.0 0.0 0.0 0.0 0.0 0.0
32.37664999 33.41141264 0.0 0.0 1.0 0.0 0.0 0.0 0.0 0.0
32.37664999 38.41141264 0.0 0.0 1.0 0.0 0.0 0.0 0.0 0.0
32.37664999 43.41141264 0.0 0.0 1.0 0.0 0.0 0.0 0.0 0.0
32.37664999 48.41141264 0.0 0.0 1.0 0.0 0.0 0.0 0.0 0.0
32.37664999 53.41141264 0.0 1.0 0.0 0.0 0.0 0.0 0.0 0.0
37.37664999 58.41141264 0.0 0.0 1.0 0.0 0.0 0.0 0.0 0.0
37.37664999 63.41141264 0.0 0.0 1.0 0.0 0.0 0.0 0.0 0.0
37.37664999 68.41141264 0.0 0.0 0.0 1.0 0.0 0.0 0.0 0.0
32.37664999 73.41141264 0.0 0.0 0.0 1.0 0.0 0.0 0.0 0.0
27.37664999 78.41141264 0.0 0.0 0.0 1.0 0.0 0.0 0.0 0.0
22.37664999 83.41141264 0.0 0.0 0.0 1.0 0.0 0.0 0.0 0.0
17.37664999 88.41141264 0.0 0.0 0.0 1.0 0.0 0.0 0.0 0.0
