6.81257504 54.12873111 1.0 0.0 0.0 0.0 0.0 0.0 0.0 0.0
11.81257504 54.12873111 1.0 0.0 0.0 0.0 0.0 0.0 0.0 0.0
16.81257504 54.12873111 1.0 0.0 0.0 0.0 0.0 0.0 0.0 0.0
21.81257504 54.12873111 1.0 0.0 0.0 0.0 0.0 0.0 0.0 0.0
26.81257504 54.12873111 0.0 0.0 0.0 0.0 0.0 0.0 0.0 1.0
31.81257504 49.12873111 0.0 0.0 0.0 0.0 0.0 0.0 0.0 1.0
36.81257504 44.12873111 0.0 0.0 0.0 0.0 0.0 0.0 0.0 1.0
41.81257504 39.12873111 0.0 0.0 0.0 0.0 0.0 0.0 0.0 1.0
46.81257504 34.12873111 0.0 0.0 0.0 0.0 0.0 0.0 0.0 1.0
51.81257504 29.12873111 1.0 0.0 0.0 0.0 0.0 0.0 0.0 0.0
56.81257504 29.12873111 1.0 0.0 0.0 0.0 0.0 0.0 0.0 0.0
61.81257504 29.12873111 1.0 0.0 0.0 0.0 0.0 0.0 0.0 0.0
66.81257504 29.12873111 0.0 1.0 0.0 0.0 0.0 0.0 0.0 0.0
71.81257504 34.12873111 0.0 1.0 0.0 0.0 0.0 0.0 0.0 0.0
76.81257504 39.12873111 0.0 1.0 0.0 0.0 0.0 0.0 0.0 0.0
81.81257504 44.12873111 0.0 1.0 0.0 0.0 0.0 0.0 0.0 0.0
86.81257504 49.12873111 0.0 1.0 0.0 0.0 0.0 0.0 0.0 0.0
91.81257504 54.12873111 0.0 0.0 0.0 1.0 0.0 0.0 0.0 0.0
