73.09778057 21.61349408 0.0 0.0 0.0 1.0 0.0 0.0 0.0 0.0
68.09778057 26.61349408 0.0 0.0 0.0 1.0 0.0 0.0 0.0 0.0
63.09778057 31.61349408 0.0 0.0 0.0 0.0 1.0 0.0 0.0 0.0
58.09778057 31.61349408 0.0 0.0 0.0 1.0 0.0 0.0 0.0 0.0
53.09778057 36.61349408 0.0 0.0 0.0 1.0 0.0 0.0 0.0 0.0
48.09778057 41.61349408 0.0 0.0 0.0 1.0 0.0 0.0 0.0 0.0
43.09778057 46.61349408 0.0 0.0 1.0 0.0 0.0 0.0 0.0 0.0
43.09778057 51.61349408 0.0 0.0 1.0 0.0 0.0 0.0 0.0 0.0
43.09778057 56.61349408 0.0 0.0 1.0 0.0 0.0 0.0 0.0 0.0
43.09778057 61.61349408 0.0 0.0 1.0 0.0 0.0 0.0 0.0 0.0
43.09778057 66.61349408 0.0 0.0 0.0 1.0 0.0 0.0 0.0 0.0
38.09778057 71.61349408 0.0 1.0 0.0 0.0 0.0 0.0 0.0 0.0
43.09778057 76.61349408 0.0 0.0 0.0 1.0 0.0 0.0 0.0 0.0
