31.82546903 2.41718767 1.0 0.0 0.0 0.0 0.0 0.0 0.0 0.0
36.82546903 2.41718767 1.0 0.0 0.0 0.0 0.0 0.0 0.0 0.0
41.82546903 2.41718767 1.0 0.0 0.0 0.0 0.0 0.0 0.0 0.0
46.82546903 2.41718767 1.0 0.0 0.0 0.0 0.0 0.0 0.0 0.0
51.82546903 2.41718767 0.0 1.0 0.0 0.0 0.0 0.0 0.0 0.0
56.82546903 7.41718767 0.0 0.0 1.0 0.0 0.0 0.0 0.0 0.0
56.82546903 12.41718767 0.0 1.0 0.0 0.0 0.0 0.0 0.0 0.0
61.82546903 17.41718767 0.0 0.0 1.0 0.0 0.0 0.0 0.0 0.0
61.82546903 22.41718767 0.0 0.0 1.0 0.0 0.0 0.0 0.0 0.0
61.82546903 27.41718767 0.0 0.0 1.0 0.0 0.0 0.0 0.0 0.0
61.82546903 32.41718767 0.0 0.0 1.0 0.0 0.0 0.0 0.0 0.0
61.82546903 37.41718767 0.0 0.0 1.0 0.0 0.0 0.0 0.0 0.0
61.82546903 42.41718767 0.0 0.0 1.0 0.0 0.0 0.0 0.0 0.0
61.82546903 47.41718767 0.0 0.0 1.0 0.0 0.0 0.0 0.0 0.0
61.82546903 52.41718767 0.0 0.0 1.0 0.0 0.0 0.0 0.0 0.0
61.82546903 57.41718767 0.0 0.0 1.0 0.0 0.0 0.0 0.0 0.0
61.82546903 62.41718767 0.0 0.0 1.0 0.0 0.0 0.0 0.0 0.0
61.82546903 67.41718767 0.0 0.0 1.0 0.0 0.0 0.0 0.0 0.0
61.82546903 72.41718767 0.0 0.0 1.0 0.0 0.0 0.0 0.0 0.0
61.82546903 77.41718767 0.0 0.0 1.0 0.0 0.0 0.0 0.0 0.0
61.82546903 82.41718767 0.0 0.0 0.0 1.0 0.0 0.0 0.0 0.0
56.82546903 87.41718767 0.0 0.0 1.0 0.0 0.0 0.0 0.0 0.0
56.82546903 92.41718767 0.0 0.0 0.0 1.0 0.0 0.0 0.0 0.0
