42.52169958 1.76667571 0.0 1.0 0.0 0.0 0.0 0.0 0.0 0.0
47.52169958 6.76667571 0.0 1.0 0.0 0.0 0.0 0.0 0.0 0.0
52.52169958 11.76667571 0.0 0.0 1.0 0.0 0.0 0.0 0.0 0.0
52.52169958 16.76667571 0.0 0.0 1.0 0.0 0.0 0.0 0.0 0.0
52.52169958 21.76667571 0.0 0.0 1.0 0.0 0.0 0.0 0.0 0.0
52.52169958 26.76667571 0.0 0.0 1.0 0.0 0.0 0.0 0.0 0.0
52.52169958 31.76667571 0.0 0.0 1.0 0.0 0.0 0.0 0.0 0.0
52.52169958 36.76667571 0.0 0.0 1.0 0.0 0.0 0.0 0.0 0.0
52.52169958 41.76667571 0.0 0.0 1.0 0.0 0.0 0.0 0.0 0.0
52.52169958 46.76667571 0.0 0.0 0.0 1.0 0.0 0.0 0.0 0.0
