64.86210612 71.06920819 0.0 0.0 0.0 0.0 0.0 1.0 0.0 0.0
59.86210612 66.06920819 0.0 0.0 0.0 0.0 0.0 1.0 0.0 0.0
54.86210612 61.06920819 0.0 0.0 0.0 0.0 0.0 1.0 0.0 0.0
49.86210612 56.06920819 0.0 0.0 0.0 0.0 0.0 1.0 0.0 0.0
44.86210612 51.06920819 0.0 0.0 0.0 0.0 0.0 1.0 0.0 0.0
39.86210612 46.06920819 0.0 0.0 0.0 0.0 0.0 1.0 0.0 0.0
34.86210612 41.06920819 0.0 0.0 0.0 0.0 0.0 1.0 0.0 0.0
29.86210612 36.06920819 0.0 0.0 0.0 0.0 1.0 0.0 0.0 0.0
24.86210612 36.06920819 0.0 0.0 0.0 0.0 0.0 1.0 0.0 0.0
19.86210612 31.06920819 0.0 0.0 0.0 0.0 0.0 1.0 0.0 0.0
14.86210612 26.06920819 0.0 0.0 0.0 0.0 0.0 0.0 1.0 0.0
14.86210612 21.06920819 0.0 0.0 0.0 0.0 0.0 1.0 0.0 0.0
9.86210612 16.06920819 0.0 0.0 0.0 0.0 0.0 0.0 0.0 1.0
