93.23822241 37.30736507 0.0 0.0 0.0 0.0 1.0 0.0 0.0 0.0
88.23822241 37.30736507 0.0 0.0 0.0 0.0 1.0 0.0 0.0 0.0
83.23822241 37.30736507 0.0 0.0 0.0 0.0 1.0 0.0 0.0 0.0
78.23822241 37.30736507 0.0 0.0 0.0 0.0 1.0 0.0 0.0 0.0
73.23822241 37.30736507 0.0 0.0 0.0 0.0 1.0 0.0 0.0 0.0
68.23822241 37.30736507 0.0 0.0 0.0 0.0 1.0 0.0 0.0 0.0
63.23822241 37.30736507 0.0 0.0 0.0 0.0 1.0 0.0 0.0 0.0
58.23822241 37.30736507 0.0 0.0 0.0 0.0 0.0 1.0 0.0 0.0
53.23822241 32.30736507 0.0 0.0 0.0 0.0 1.0 0.0 0.0 0.0
48.23822241 32.30736507 0.0 0.0 0.0 0.0 1.0 0.0 0.0 0.0
43.23822241 32.30736507 0.0 0.0 0.0 0.0 1.0 0.0 0.0 0.0
38.23822241 32.30736507 0.0 0.0 0.0 1.0 0.0 0.0 0.0 0.0
33.23822241 37.30736507 0.0 0.0 0.0 1.0 0.0 0.0 0.0 0.0
28.23822241 42.30736507 0.0 0.0 0.0 1.0 0.0 0.0 0.0 0.0
23.23822241 47.30736507 0.0 0.0 0.0 1.0 0.0 0.0 0.0 0.0
18.23822241 52.30736507 0.0 0.0 0.0 1.0 0.0 0.0 0.0 0.0
13.23822241 57.30736507 0.0 0.0 0.0 1.0 0.0 0.0 0.0 0.0
8.23822241 62.30736507 0.0 0.0 1.0 0.0 0.0 0.0 0.0 0.0
8.23822241 67.30736507 0.0 0.0 0.0 1.0 0.0 0.0 0.0 0.0
