79.56457752 21.26405329 0.0 0.0 1.0 0.0 0.0 0.0 0.0 0.0
79.56457752 26.26405329 0.0 0.0 1.0 0.0 0.0 0.0 0.0 0.0
79.56457752 31.26405329 0.0 0.0 1.0 0.0 0.0 0.0 0.0 0.0
79.56457752 36.26405329 0.0 0.0 1.0 0.0 0.0 0.0 0.0 0.0
79.56457752 41.26405329 0.0 1.0 0.0 0.0 0.0 0.0 0.0 0.0
84.56457752 46.26405329 0.0 0.0 1.0 0.0 0.0 0.0 0.0 0.0
84.56457752 51.26405329 0.0 0.0 1.0 0.0 0.0 0.0 0.0 0.0
84.56457752 56.26405329 0.0 0.0 1.0 0.0 0.0 0.0 0.0 0.0
84.56457752 61.26405329 0.0 0.0 1.0 0.0 0.0 0.0 0.0 0.0
84.56457752 66.26405329 0.0 0.0 0.0 1.0 0.0 0.0 0.0 0.0
79.56457752 71.26405329 0.0 0.0 0.0 0.0 1.0 0.0 0.0 0.0
74.56457752 71.26405329 0.0 0.0 0.0 1.0 0.0 0.0 0.0 0.0
69.56457752 76.26405329 0.0 0.0 0.0 0.0 1.0 0.0 0.0 0.0
64.56457752 76.26405329 0.0 0.0 0.0 0.0 1.0 0.0 0.0 0.0
59.56457752 76.26405329 0.0 0.0 0.0 0.0 1.0 0.0 0.0 0.0
54.56457752 76.26405329 0.0 0.0 0.0 0.0 1.0 0.0 0.0 0.0
49.56457752 76.26405329 0.0 0.0 0.0 0.0 1.0 0.0 0.0 0.0
44.56457752 76.26405329 0.0 0.0 0.0 0.0 1.0 0.0 0.0 0.0
39.56457752 76.26405329 0.0 0.0 0.0 0.0 1.0 0.0 0.0 0.0
34.56457752 76.26405329 0.0 0.0 0.0 0.0 1.0 0.0 0.0 0.0
29.56457752 76.26405329 0.0 0.0 0.0 0.0 1.0 0.0 0.0 0.0
24.56457752 76.26405329 0.0 0.0 0.0 1.0 0.0 0.0 0.0 0.0
19.56457752 81.26405329 0.0 0.0 0.0 1.0 0.0 0.0 0.0 0.0
