13.61689596 19.54334561 0.0 0.0 1.0 0.0 0.0 0.0 0.0 0.0
13.61689596 24.54334561 0.0 0.0 0.0 1.0 0.0 0.0 0.0 0.0
8.61689596 29.54334561 0.0 0.0 1.0 0.0 0.0 0.0 0.0 0.0
8.61689596 34.54334561 0.0 1.0 0.0 0.0 0.0 0.0 0.0 0.0
13.61689596 39.54334561 0.0 0.0 1.0 0.0 0.0 0.0 0.0 0.0
13.61689596 44.54334561 0.0 0.0 1.0 0.0 0.0 0.0 0.0 0.0
13.61689596 49.54334561 0.0 0.0 1.0 0.0 0.0 0.0 0.0 0.0
13.61689596 54.54334561 0.0 0.0 1.0 0.0 0.0 0.0 0.0 0.0
13.61689596 59.54334561 0.0 0.0 1.0 0.0 0.0 0.0 0.0 0.0
13.61689596 64.54334561 0.0 1.0 0.0 0.0 0.0 0.0 0.0 0.0
18.61689596 69.54334561 0.0 1.0 0.0 0.0 0.0 0.0 0.0 0.0
23.61689596 74.54334561 0.0 1.0 0.0 0.0 0.0 0.0 0.0 0.0
28.61689596 79.54334561 0.0 1.0 0.0 0.0 0.0 0.0 0.0 0.0
33.61689596 84.54334561 0.0 1.0 0.0 0.0 0.0 0.0 0.0 0.0
38.61689596 89.54334561 1.0 0.0 0.0 0.0 0.0 0.0 0.0 0.0
43.61689596 89.54334561 1.0 0.0 0.0 0.0 0.0 0.0 0.0 0.0
48.61689596 89.54334561 1.0 0.0 0.0 0.0 0.0 0.0 0.0 0.0
53.61689596 89.54334561 1.0 0.0 0.0 0.0 0.0 0.0 0.0 0.0
58.61689596 89.54334561 1.0 0.0 0.0 0.0 0.0 0.0 0.0 0.0
63.61689596 89.54334561 1.0 0.0 0.0 0.0 0.0 0.0 0.0 0.0
68.61689596 89.54334561 1.0 0.0 0.0 0.0 0.0 0.0 0.0 0.0
73.61689596 89.54334561 1.0 0.0 0.0 0.0 0.0 0.0 0.0 0.0
78.61689596 89.54334561 1.0 0.0 0.0 0.0 0.0 0.0 0.0 0.0
83.61689596 89.54334561 1.0 0.0 0.0 0.0 0.0 0.0 0.0 0.0
88.61689596 89.54334561 0.0 0.0 0.0 0.0 0.0 0.0 0.0 1.0
93.61689596 84.54334561 0.0 0.0 0.0 0.0 0.0 0.0 0.0 1.0
