68.6657098 0.89505273 0.0 0.0 1.0 0.0 0.0 0.0 0.0 0.0
68.6657098 5.89505273 0.0 0.0 0.0 1.0 0.0 0.0 0.0 0.0
63.6657098 10.89505273 0.0 0.0 0.0 1.0 0.0 0.0 0.0 0.0
58.6657098 15.89505273 0.0 0.0 0.0 1.0 0.0 0.0 0.0 0.0
53.6657098 20.89505273 0.0 0.0 1.0 0.0 0.0 0.0 0.0 0.0
53.6657098 25.89505273 0.0 0.0 1.0 0.0 0.0 0.0 0.0 0.0
53.6657098 30.89505273 0.0 0.0 1.0 0.0 0.0 0.0 0.0 0.0
53.6657098 35.89505273 0.0 0.0 0.0 1.0 0.0 0.0 0.0 0.0
48.6657098 40.89505273 0.0 0.0 1.0 0.0 0.0 0.0 0.0 0.0
48.6657098 45.89505273 0.0 0.0 1.0 0.0 0.0 0.0 0.0 0.0
48.6657098 50.89505273 0.0 0.0 1.0 0.0 0.0 0.0 0.0 0.0
48.6657098 55.89505273 0.0 1.0 0.0 0.0 0.0 0.0 0.0 0.0
53.6657098 60.89505273 0.0 1.0 0.0 0.0 0.0 0.0 0.0 0.0
58.6657098 65.89505273 0.0 1.0 0.0 0.0 0.0 0.0 0.0 0.0
63.6657098 70.89505273 0.0 1.0 0.0 0.0 0.0 0.0 0.0 0.0
68.6657098 75.89505273 0.0 1.0 0.0 0.0 0.0 0.0 0.0 0.0
73.6657098 80.89505273 0.0 1.0 0.0 0.0 0.0 0.0 0.0 0.0
78.6657098 85.89505273 0.0 1.0 0.0 0.0 0.0 0.0 0.0 0.0
