31.23434378 5.49509847 0.0 1.0 0.0 0.0 0.0 0.0 0.0 0.0
36.23434378 10.49509847 0.0 1.0 0.0 0.0 0.0 0.0 0.0 0.0
41.23434378 15.49509847 0.0 1.0 0.0 0.0 0.0 0.0 0.0 0.0
46.23434378 20.49509847 0.0 1.0 0.0 0.0 0.0 0.0 0.0 0.0
51.23434378 25.49509847 0.0 1.0 0.0 0.0 0.0 0.0 0.0 0.0
56.23434378 30.49509847 0.0 0.0 1.0 0.0 0.0 0.0 0.0 0.0
56.23434378 35.49509847 0.0 0.0 1.0 0.0 0.0 0.0 0.0 0.0
56.23434378 40.49509847 0.0 1.0 0.0 0.0 0.0 0.0 0.0 0.0
61.23434378 45.49509847 0.0 0.0 1.0 0.0 0.0 0.0 0.0 0.0
61.23434378 50.49509847 0.0 1.0 0.0 0.0 0.0 0.0 0.0 0.0
66.23434378 55.49509847 0.0 0.0 1.0 0.0 0.0 0.0 0.0 0.0
66.23434378 60.49509847 0.0 1.0 0.0 0.0 0.0 0.0 0.0 0.0
71.23434378 65.49509847 0.0 0.0 1.0 0.0 0.0 0.0 0.0 0.0
71.23434378 70.49509847 0.0 1.0 0.0 0.0 0.0 0.0 0.0 0.0
76.23434378 75.49509847 0.0 1.0 0.0 0.0 0.0 0.0 0.0 0.0
81.23434378 80.49509847 0.0 1.0 0.0 0.0 0.0 0.0 0.0 0.0
86.23434378 85.49509847 0.0 0.0 1.0 0.0 0.0 0.0 0.0 0.0
86.23434378 90.49509847 0.0 0.0 0.0 1.0 0.0 0.0 0.0 0.0
