85.77085919 79.45202732 0.0 0.0 0.0 0.0 1.0 0.0 0.0 0.0
80.77085919 79.45202732 0.0 0.0 0.0 0.0 1.0 0.0 0.0 0.0
75.77085919 79.45202732 0.0 0.0 0.0 0.0 1.0 0.0 0.0 0.0
70.77085919 79.45202732 0.0 0.0 0.0 0.0 1.0 0.0 0.0 0.0
65.77085919 79.45202732 0.0 0.0 0.0 0.0 1.0 0.0 0.0 0.0
60.77085919 79.45202732 0.0 0.0 0.0 0.0 0.0 1.0 0.0 0.0
55.77085919 74.45202732 0.0 0.0 0.0 0.0 0.0 1.0 0.0 0.0
50.77085919 69.45202732 0.0 0.0 0.0 0.0 0.0 1.0 0.0 0.0
45.77085919 64.45202732 0.0 0.0 0.0 0.0 0.0 1.0 0.0 0.0
40.77085919 59.45202732 0.0 0.0 0.0 0.0 0.0 1.0 0.0 0.0
35.77085919 54.45202732 0.0 0.0 0.0 0.0 1.0 0.0 0.0 0.0
30.77085919 54.45202732 0.0 0.0 0.0 0.0 0.0 1.0 0.0 0.0
25.77085919 49.45202732 0.0 0.0 0.0 0.0 1.0 0.0 0.0 0.0
20.77085919 49.45202732 0.0 0.0 0.0 0.0 1.0 0.0 0.0 0.0
15.77085919 49.45202732 0.0 0.0 0.0 0.0 1.0 0.0 0.0 0.0
10.77085919 49.45202732 0.0 0.0 0.0 1.0 0.0 0.0 0.0 0.0
