97.31396427 6.57145414 0.0 0.0 0.0 1.0 0.0 0.0 0.0 0.0
92.31396427 11.57145414 0.0 0.0 0.0 1.0 0.0 0.0 0.0 0.0
87.31396427 16.57145414 0.0 0.0 0.0 1.0 0.0 0.0 0.0 0.0
82.31396427 21.57145414 0.0 0.0 0.0 0.0 1.0 0.0 0.0 0.0
77.31396427 21.57145414 0.0 0.0 0.0 1.0 0.0 0.0 0.0 0.0
72.31396427 26.57145414 0.0 0.0 0.0 1.0 0.0 0.0 0.0 0.0
67.31396427 31.57145414 0.0 0.0 0.0 0.0 1.0 0.0 0.0 0.0
62.31396427 31.57145414 0.0 0.0 0.0 1.0 0.0 0.0 0.0 0.0
57.31396427 36.57145414 0.0 0.0 0.0 0.0 1.0 0.0 0.0 0.0
52.31396427 36.57145414 0.0 0.0 0.0 0.0 1.0 0.0 0.0 0.0
47.31396427 36.57145414 0.0 0.0 0.0 0.0 1.0 0.0 0.0 0.0
42.31396427 36.57145414 0.0 0.0 0.0 0.0 1.0 0.0 0.0 0.0
37.31396427 36.57145414 0.0 0.0 0.0 0.0 1.0 0.0 0.0 0.0
32.31396427 36.57145414 0.0 0.0 0.0 1.0 0.0 0.0 0.0 0.0
27.31396427 41.57145414 0.0 0.0 0.0 1.0 0.0 0.0 0.0 0.0
22.31396427 46.57145414 0.0 0.0 0.0 1.0 0.0 0.0 0.0 0.0
17.31396427 51.57145414 0.0 1.0 0.0 0.0 0.0 0.0 0.0 0.0
