55.09228918 88.10048829 0.0 0.0 0.0 0.0 0.0 1.0 0.0 0.0
50.09228918 83.10048829 0.0 0.0 0.0 0.0 0.0 1.0 0.0 0.0
45.09228918 78.10048829 0.0 0.0 0.0 0.0 0.0 1.0 0.0 0.0
40.09228918 73.10048829 0.0 0.0 0.0 0.0 0.0 1.0 0.0 0.0
35.09228918 68.10048829 0.0 0.0 0.0 0.0 0.0 1.0 0.0 0.0
30.09228918 63.10048829 0.0 0.0 0.0 0.0 0.0 1.0 0.0 0.0
25.09228918 58.10048829 0.0 0.0 0.0 0.0 0.0 1.0 0.0 0.0
20.09228918 53.10048829 0.0 0.0 0.0 0.0 0.0 1.0 0.0 0.0
15.09228918 48.10048829 0.0 0.0 0.0 0.0 0.0 1.0 0.0 0.0
10.09228918 43.10048829 0.0 0.0 0.0 0.0 0.0 1.0 0.0 0.0
5.09228918 38.10048829 0.0 0.0 0.0 0.0 0.0 0.0 1.0 0.0
5.09228918 33.10048829 0.0 0.0 0.0 0.0 0.0 0.0 1.0 0.0
5.09228918 28.10048829 0.0 0.0 0.0 0.0 0.0 0.0 1.0 0.0
5.09228918 23.10048829 0.0 0.0 0.0 0.0 0.0 0.0 1.0 0.0
5.09228918 18.10048829 0.0 0.0 0.0 0.0 0.0 0.0 1.0 0.0
5.09228918 13.10048829 0.0 0.0 0.0 0.0 0.0 0.0 0.0 1.0
