19.18484663 95.36524657 0.0 0.0 0.0 0.0 0.0 0.0 1.0 0.0
19.18484663 90.36524657 0.0 0.0 0.0 0.0 0.0 0.0 1.0 0.0
19.18484663 85.36524657 0.0 0.0 0.0 0.0 0.0 0.0 0.0 1.0
24.18484663 80.36524657 0.0 0.0 0.0 0.0 0.0 0.0 1.0 0.0
24.18484663 75.36524657 0.0 0.0 0.0 0.0 0.0 0.0 1.0 0.0
24.18484663 70.36524657 0.0 0.0 0.0 0.0 0.0 0.0 1.0 0.0
24.18484663 65.36524657 0.0 0.0 0.0 0.0 0.0 0.0 1.0 0.0
24.18484663 60.36524657 0.0 0.0 0.0 0.0 0.0 0.0 0.0 1.0
29.18484663 55.36524657 0.0 0.0 0.0 0.0 0.0 0.0 0.0 1.0
34.18484663 50.36524657 0.0 0.0 0.0 0.0 0.0 0.0 0.0 1.0
39.18484663 45.36524657 0.0 0.0 0.0 0.0 0.0 0.0 1.0 0.0
39.18484663 40.36524657 0.0 0.0 0.0 0.0 0.0 0.0 1.0 0.0
39.18484663 35.36524657 0.0 0.0 0.0 0.0 0.0 0.0 1.0 0.0
39.18484663 30.36524657 0.0 0.0 0.0 0.0 0.0 0.0 1.0 0.0
39.18484663 25.36524657 0.0 0.0 0.0 0.0 0.0 0.0 1.0 0.0
39.18484663 20.36524657 0.0 0.0 0.0 0.0 0.0 1.0 0.0 0.0
34.18484663 15.36524657 0.0 0.0 0.0 0.0 0.0 1.0 0.0 0.0
29.18484663 10.36524657 0.0 0.0 0.0 0.0 0.0 1.0 0.0 0.0
24.18484663 5.36524657 0.0 0.0 0.0 0.0 0.0 1.0 0.0 0.0
