18.4686639 99.94337577 0.0 0.0 0.0 0.0 0.0 0.0 1.0 0.0
18.4686639 94.94337577 0.0 0.0 0.0 0.0 0.0 0.0 1.0 0.0
18.4686639 89.94337577 0.0 0.0 0.0 0.0 0.0 0.0 1.0 0.0
18.4686639 84.94337577 0.0 0.0 0.0 0.0 0.0 0.0 1.0 0.0
18.4686639 79.94337577 0.0 0.0 0.0 0.0 0.0 0.0 0.0 1.0
23.4686639 74.94337577 0.0 0.0 0.0 0.0 0.0 0.0 0.0 1.0
28.4686639 69.94337577 0.0 0.0 0.0 0.0 0.0 0.0 0.0 1.0
33.4686639 64.94337577 0.0 0.0 0.0 0.0 0.0 0.0 0.0 1.0
38.4686639 59.94337577 0.0 0.0 0.0 0.0 0.0 0.0 0.0 1.0
43.4686639 54.94337577 0.0 0.0 0.0 0.0 0.0 0.0 0.0 1.0
48.4686639 49.94337577 0.0 0.0 0.0 0.0 0.0 0.0 1.0 0.0
48.4686639 44.94337577 0.0 0.0 0.0 0.0 0.0 1.0 0.0 0.0
43.4686639 39.94337577 0.0 0.0 0.0 0.0 0.0 0.0 1.0 0.0
43.4686639 34.94337577 0.0 0.0 0.0 0.0 0.0 1.0 0.0 0.0
38.4686639 29.94337577 0.0 0.0 0.0 0.0 0.0 0.0 1.0 0.0
38.4686639 24.94337577 0.0 0.0 0.0 0.0 0.0 1.0 0.0 0.0
33.4686639 19.94337577 0.0 0.0 0.0 0.0 0.0 0.0 1.0 0.0
33.4686639 14.94337577 0.0 0.0 0.0 0.0 0.0 1.0 0.0 0.0
28.4686639 9.94337577 0.0 0.0 0.0 0.0 0.0 0.0 0.0 1.0
