92.33787488 42.80381959 0.0 0.0 0.0 1.0 0.0 0.0 0.0 0.0
87.33787488 47.80381959 0.0 0.0 0.0 1.0 0.0 0.0 0.0 0.0
82.33787488 52.80381959 0.0 0.0 0.0 1.0 0.0 0.0 0.0 0.0
77.33787488 57.80381959 0.0 0.0 0.0 1.0 0.0 0.0 0.0 0.0
72.33787488 62.80381959 0.0 0.0 0.0 1.0 0.0 0.0 0.0 0.0
67.33787488 67.80381959 0.0 0.0 0.0 0.0 1.0 0.0 0.0 0.0
62.33787488 67.80381959 0.0 0.0 0.0 1.0 0.0 0.0 0.0 0.0
57.33787488 72.80381959 0.0 0.0 0.0 0.0 1.0 0.0 0.0 0.0
52.33787488 72.80381959 0.0 0.0 0.0 0.0 1.0 0.0 0.0 0.0
47.33787488 72.80381959 0.0 0.0 0.0 0.0 1.0 0.0 0.0 0.0
42.33787488 72.80381959 0.0 0.0 0.0 0.0 1.0 0.0 0.0 0.0
37.33787488 72.80381959 0.0 0.0 0.0 0.0 1.0 0.0 0.0 0.0
32.33787488 72.80381959 0.0 0.0 0.0 1.0 0.0 0.0 0.0 0.0
27.33787488 77.80381959 0.0 0.0 0.0 1.0 0.0 0.0 0.0 0.0
22.33787488 82.80381959 0.0 0.0 0.0 1.0 0.0 0.0 0.0 0.0
17.33787488 87.80381959 0.0 0.0 0.0 1.0 0.0 0.0 0.0 0.0
12.33787488 92.80381959 0.0 0.0 0.0 0.0 1.0 0.0 0.0 0.0
7.33787488 92.80381959 0.0 0.0 0.0 1.0 0.0 0.0 0.0 0.0
