91.59676549 37.78604853 0.0 0.0 0.0 1.0 0.0 0.0 0.0 0.0
86.59676549 42.78604853 0.0 0.0 0.0 1.0 0.0 0.0 0.0 0.0
81.59676549 47.78604853 0.0 0.0 0.0 1.0 0.0 0.0 0.0 0.0
76.59676549 52.78604853 0.0 0.0 0.0 1.0 0.0 0.0 0.0 0.0
71.59676549 57.78604853 0.0 0.0 1.0 0.0 0.0 0.0 0.0 0.0
71.59676549 62.78604853 0.0 0.0 0.0 1.0 0.0 0.0 0.0 0.0
66.59676549 67.78604853 0.0 0.0 0.0 1.0 0.0 0.0 0.0 0.0
61.59676549 72.78604853 0.0 0.0 0.0 1.0 0.0 0.0 0.0 0.0
56.59676549 77.78604853 0.0 0.0 0.0 1.0 0.0 0.0 0.0 0.0
51.59676549 82.78604853 0.0 0.0 0.0 1.0 0.0 0.0 0.0 0.0
46.59676549 87.78604853 0.0 0.0 0.0 0.0 1.0 0.0 0.0 0.0
41.59676549 87.78604853 0.0 0.0 0.0 1.0 0.0 0.0 0.0 0.0
36.59676549 92.78604853 0.0 0.0 0.0 1.0 0.0 0.0 0.0 0.0
