98.32981583 39.980423 0.0 0.0 0.0 0.0 1.0 0.0 0.0 0.0
93.32981583 39.980423 0.0 0.0 0.0 0.0 1.0 0.0 0.0 0.0
88.32981583 39.980423 0.0 0.0 0.0 0.0 1.0 0.0 0.0 0.0
83.32981583 39.980423 0.0 0.0 0.0 0.0 1.0 0.0 0.0 0.0
78.32981583 39.980423 0.0 0.0 0.0 1.0 0.0 0.0 0.0 0.0
73.32981583 44.980423 0.0 0.0 0.0 1.0 0.0 0.0 0.0 0.0
68.32981583 49.980423 0.0 0.0 0.0 0.0 1.0 0.0 0.0 0.0
63.32981583 49.980423 0.0 0.0 0.0 0.0 1.0 0.0 0.0 0.0
58.32981583 49.980423 0.0 0.0 0.0 0.0 1.0 0.0 0.0 0.0
53.32981583 49.980423 0.0 0.0 0.0 1.0 0.0 0.0 0.0 0.0
48.32981583 54.980423 0.0 0.0 0.0 0.0 1.0 0.0 0.0 0.0
43.32981583 54.980423 0.0 0.0 0.0 1.0 0.0 0.0 0.0 0.0
38.32981583 59.980423 0.0 0.0 0.0 0.0 1.0 0.0 0.0 0.0
33.32981583 59.980423 0.0 0.0 0.0 0.0 1.0 0.0 0.0 0.0
28.32981583 59.980423 0.0 0.0 0.0 0.0 1.0 0.0 0.0 0.0
23.32981583 59.980423 0.0 0.0 0.0 0.0 1.0 0.0 0.0 0.0
18.32981583 59.980423 0.0 0.0 0.0 1.0 0.0 0.0 0.0 0.0
13.32981583 64.980423 0.0 0.0 0.0 1.0 0.0 0.0 0.0 0.0
8.32981583 69.980423 0.0 1.0 0.0 0.0 0.0 0.0 0.0 0.0
