37.1280445 28.82162217 0.0 1.0 0.0 0.0 0.0 0.0 0.0 0.0
42.1280445 33.82162217 0.0 1.0 0.0 0.0 0.0 0.0 0.0 0.0
47.1280445 38.82162217 0.0 0.0 1.0 0.0 0.0 0.0 0.0 0.0
47.1280445 43.82162217 0.0 0.0 1.0 0.0 0.0 0.0 0.0 0.0
47.1280445 48.82162217 0.0 0.0 1.0 0.0 0.0 0.0 0.0 0.0
47.1280445 53.82162217 0.0 0.0 1.0 0.0 0.0 0.0 0.0 0.0
47.1280445 58.82162217 0.0 1.0 0.0 0.0 0.0 0.0 0.0 0.0
52.1280445 63.82162217 0.0 1.0 0.0 0.0 0.0 0.0 0.0 0.0
57.1280445 68.82162217 0.0 1.0 0.0 0.0 0.0 0.0 0.0 0.0
62.1280445 73.82162217 0.0 1.0 0.0 0.0 0.0 0.0 0.0 0.0
67.1280445 78.82162217 0.0 1.0 0.0 0.0 0.0 0.0 0.0 0.0
72.1280445 83.82162217 0.0 1.0 0.0 0.0 0.0 0.0 0.0 0.0
77.1280445 88.82162217 1.0 0.0 0.0 0.0 0.0 0.0 0.0 0.0
82.1280445 88.82162217 0.0 1.0 0.0 0.0 0.0 0.0 0.0 0.0
87.1280445 93.82162217 0.0 1.0 0.0 0.0 0.0 0.0 0.0 0.0
