34.61894413 98.5204692 0.0 0.0 0.0 0.0 0.0 0.0 1.0 0.0
34.61894413 93.5204692 0.0 0.0 0.0 0.0 0.0 0.0 1.0 0.0
34.61894413 88.5204692 0.0 0.0 0.0 0.0 0.0 0.0 1.0 0.0
34.61894413 83.5204692 0.0 0.0 0.0 0.0 0.0 0.0 1.0 0.0
34.61894413 78.5204692 0.0 0.0 0.0 0.0 0.0 0.0 1.0 0.0
34.61894413 73.5204692 0.0 0.0 0.0 0.0 0.0 0.0 1.0 0.0
34.61894413 68.5204692 0.0 0.0 0.0 0.0 0.0 0.0 1.0 0.0
34.61894413 63.5204692 0.0 0.0 0.0 0.0 0.0 0.0 1.0 0.0
34.61894413 58.5204692 0.0 0.0 0.0 0.0 0.0 0.0 1.0 0.0
34.61894413 53.5204692 0.0 0.0 0.0 0.0 0.0 0.0 1.0 0.0
34.61894413 48.5204692 0.0 0.0 0.0 0.0 0.0 1.0 0.0 0.0
29.61894413 43.5204692 0.0 0.0 0.0 0.0 0.0 1.0 0.0 0.0
24.61894413 38.5204692 0.0 0.0 0.0 0.0 0.0 0.0 1.0 0.0
24.61894413 33.5204692 0.0 0.0 0.0 0.0 0.0 0.0 1.0 0.0
24.61894413 28.5204692 0.0 0.0 0.0 0.0 0.0 0.0 1.0 0.0
24.61894413 23.5204692 0.0 0.0 0.0 0.0 0.0 0.0 0.0 1.0
29.61894413 18.5204692 0.0 0.0 0.0 0.0 0.0 0.0 0.0 1.0
