2.46944628 40.37730351 0.0 0.0 1.0 0.0 0.0 0.0 0.0 0.0
2.46944628 45.37730351 0.0 0.0 1.0 0.0 0.0 0.0 0.0 0.0
2.46944628 50.37730351 0.0 0.0 1.0 0.0 0.0 0.0 0.0 0.0
2.46944628 55.37730351 0.0 1.0 0.0 0.0 0.0 0.0 0.0 0.0
7.46944628 60.37730351 1.0 0.0 0.0 0.0 0.0 0.0 0.0 0.0
12.46944628 60.37730351 1.0 0.0 0.0 0.0 0.0 0.0 0.0 0.0
17.46944628 60.37730351 1.0 0.0 0.0 0.0 0.0 0.0 0.0 0.0
22.46944628 60.37730351 1.0 0.0 0.0 0.0 0.0 0.0 0.0 0.0
27.46944628 60.37730351 1.0 0.0 0.0 0.0 0.0 0.0 0.0 0.0
32.46944628 60.37730351 1.0 0.0 0.0 0.0 0.0 0.0 0.0 0.0
37.46944628 60.37730351 1.0 0.0 0.0 0.0 0.0 0.0 0.0 0.0
42.46944628 60.37730351 1.0 0.0 0.0 0.0 0.0 0.0 0.0 0.0
47.46944628 60.37730351 1.0 0.0 0.0 0.0 0.0 0.0 0.0 0.0
52.46944628 60.37730351 1.0 0.0 0.0 0.0 0.0 0.0 0.0 0.0
57.46944628 60.37730351 0.0 0.0 0.0 0.0 0.0 0.0 0.0 1.0
62.46944628 55.37730351 1.0 0.0 0.0 0.0 0.0 0.0 0.0 0.0
67.46944628 55.37730351 0.0 0.0 0.0 0.0 0.0 0.0 0.0 1.0
72.46944628 50.37730351 1.0 0.0 0.0 0.0 0.0 0.0 0.0 0.0
77.46944628 50.37730351 0.0 0.0 0.0 0.0 0.0 0.0 0.0 1.0
82.46944628 45.37730351 0.0 0.0 0.0 0.0 0.0 0.0 0.0 1.0
