7.94282928 82.9896036 0.0 0.0 0.0 0.0 0.0 0.0 1.0 0.0
7.94282928 77.9896036 0.0 0.0 0.0 0.0 0.0 0.0 1.0 0.0
7.94282928 72.9896036 0.0 0.0 0.0 0.0 0.0 0.0 1.0 0.0
7.94282928 67.9896036 0.0 0.0 0.0 0.0 0.0 0.0 1.0 0.0
7.94282928 62.9896036 0.0 0.0 0.0 0.0 0.0 0.0 1.0 0.0
7.94282928 57.9896036 0.0 0.0 0.0 0.0 0.0 0.0 1.0 0.0
7.94282928 52.9896036 0.0 0.0 0.0 0.0 0.0 0.0 1.0 0.0
7.94282928 47.9896036 0.0 0.0 0.0 0.0 0.0 0.0 1.0 0.0
7.94282928 42.9896036 0.0 0.0 0.0 0.0 0.0 0.0 1.0 0.0
7.94282928 37.9896036 0.0 0.0 0.0 0.0 0.0 0.0 0.0 1.0
12.94282928 32.9896036 1.0 0.0 0.0 0.0 0.0 0.0 0.0 0.0
17.94282928 32.9896036 1.0 0.0 0.0 0.0 0.0 0.0 0.0 0.0
22.94282928 32.9896036 1.0 0.0 0.0 0.0 0.0 0.0 0.0 0.0
27.94282928 32.9896036 1.0 0.0 0.0 0.0 0.0 0.0 0.0 0.0
32.94282928 32.9896036 0.0 1.0 0.0 0.0 0.0 0.0 0.0 0.0
37.94282928 37.9896036 0.0 1.0 0.0 0.0 0.0 0.0 0.0 0.0
42.94282928 42.9896036 0.0 1.0 0.0 0.0 0.0 0.0 0.0 0.0
47.94282928 47.9896036 0.0 1.0 0.0 0.0 0.0 0.0 0.0 0.0
52.94282928 52.9896036 0.0 1.0 0.0 0.0 0.0 0.0 0.0 0.0
57.94282928 57.9896036 1.0 0.0 0.0 0.0 0.0 0.0 0.0 0.0
62.94282928 57.9896036 1.0 0.0 0.0 0.0 0.0 0.0 0.0 0.0
67.94282928 57.9896036 0.0 1.0 0.0 0.0 0.0 0.0 0.0 0.0
72.94282928 62.9896036 1.0 0.0 0.0 0.0 0.0 0.0 0.0 0.0
77.94282928 62.9896036 0.0 1.0 0.0 0.0 0.0 0.0 0.0 0.0
82.94282928 67.9896036 0.0 1.0 0.0 0.0 0.0 0.0 0.0 0.0
