11.11917473 95.30062526 0.0 0.0 0.0 0.0 0.0 1.0 0.0 0.0
6.11917473 90.30062526 0.0 0.0 0.0 0.0 0.0 0.0 1.0 0.0
6.11917473 85.30062526 0.0 0.0 0.0 0.0 0.0 0.0 1.0 0.0
6.11917473 80.30062526 0.0 0.0 0.0 0.0 0.0 0.0 1.0 0.0
6.11917473 75.30062526 0.0 0.0 0.0 0.0 0.0 0.0 1.0 0.0
6.11917473 70.30062526 0.0 0.0 0.0 0.0 0.0 0.0 1.0 0.0
6.11917473 65.30062526 0.0 0.0 0.0 0.0 0.0 0.0 1.0 0.0
6.11917473 60.30062526 0.0 0.0 0.0 0.0 0.0 0.0 1.0 0.0
6.11917473 55.30062526 0.0 0.0 0.0 0.0 0.0 0.0 1.0 0.0
6.11917473 50.30062526 0.0 0.0 0.0 0.0 0.0 0.0 1.0 0.0
6.11917473 45.30062526 0.0 0.0 0.0 0.0 0.0 0.0 1.0 0.0
6.11917473 40.30062526 0.0 0.0 0.0 0.0 0.0 0.0 0.0 1.0
11.11917473 35.30062526 0.0 0.0 0.0 0.0 0.0 0.0 0.0 1.0
16.11917473 30.30062526 0.0 0.0 0.0 0.0 0.0 0.0 0.0 1.0
21.11917473 25.30062526 1.0 0.0 0.0 0.0 0.0 0.0 0.0 0.0
26.11917473 25.30062526 1.0 0.0 0.0 0.0 0.0 0.0 0.0 0.0
31.11917473 25.30062526 1.0 0.0 0.0 0.0 0.0 0.0 0.0 0.0
36.11917473 25.30062526 1.0 0.0 0.0 0.0 0.0 0.0 0.0 0.0
41.11917473 25.30062526 0.0 0.0 0.0 0.0 0.0 0.0 0.0 1.0
46.11917473 20.30062526 1.0 0.0 0.0 0.0 0.0 0.0 0.0 0.0
51.11917473 20.30062526 0.0 0.0 0.0 0.0 0.0 0.0 0.0 1.0
56.11917473 15.30062526 0.0 0.0 0.0 0.0 0.0 0.0 0.0 1.0
