22.67276771 73.80630396 0.0 0.0 0.0 0.0 0.0 0.0 0.0 1.0
27.67276771 68.80630396 0.0 0.0 0.0 0.0 0.0 0.0 1.0 0.0
27.67276771 63.80630396 0.0 0.0 0.0 0.0 0.0 0.0 1.0 0.0
27.67276771 58.80630396 0.0 0.0 0.0 0.0 0.0 0.0 0.0 1.0
32.67276771 53.80630396 0.0 0.0 0.0 0.0 0.0 0.0 1.0 0.0
32.67276771 48.80630396 0.0 0.0 0.0 0.0 0.0 0.0 0.0 1.0
37.67276771 43.80630396 0.0 0.0 0.0 0.0 0.0 0.0 1.0 0.0
37.67276771 38.80630396 0.0 0.0 0.0 0.0 0.0 0.0 0.0 1.0
42.67276771 33.80630396 0.0 0.0 0.0 0.0 0.0 0.0 1.0 0.0
42.67276771 28.80630396 0.0 0.0 0.0 0.0 0.0 0.0 1.0 0.0
42.67276771 23.80630396 0.0 0.0 0.0 0.0 0.0 0.0 0.0 1.0
47.67276771 18.80630396 0.0 0.0 0.0 0.0 0.0 0.0 0.0 1.0
52.67276771 13.80630396 0.0 0.0 0.0 0.0 0.0 0.0 1.0 0.0
52.67276771 8.80630396 0.0 0.0 0.0 0.0 0.0 0.0 0.0 1.0
