82.17479609 5.03491122 0.0 0.0 1.0 0.0 0.0 0.0 0.0 0.0
82.17479609 10.03491122 0.0 0.0 0.0 1.0 0.0 0.0 0.0 0.0
77.17479609 15.03491122 0.0 0.0 0.0 1.0 0.0 0.0 0.0 0.0
72.17479609 20.03491122 0.0 0.0 0.0 1.0 0.0 0.0 0.0 0.0
67.17479609 25.03491122 0.0 0.0 0.0 1.0 0.0 0.0 0.0 0.0
62.17479609 30.03491122 0.0 0.0 0.0 1.0 0.0 0.0 0.0 0.0
57.17479609 35.03491122 0.0 0.0 0.0 1.0 0.0 0.0 0.0 0.0
52.17479609 40.03491122 0.0 0.0 0.0 1.0 0.0 0.0 0.0 0.0
47.17479609 45.03491122 0.0 0.0 1.0 0.0 0.0 0.0 0.0 0.0
47.17479609 50.03491122 0.0 0.0 1.0 0.0 0.0 0.0 0.0 0.0
47.17479609 55.03491122 0.0 0.0 1.0 0.0 0.0 0.0 0.0 0.0
47.17479609 60.03491122 0.0 0.0 1.0 0.0 0.0 0.0 0.0 0.0
47.17479609 65.03491122 0.0 0.0 1.0 0.0 0.0 0.0 0.0 0.0
47.17479609 70.03491122 0.0 0.0 1.0 0.0 0.0 0.0 0.0 0.0
47.17479609 75.03491122 0.0 0.0 0.0 1.0 0.0 0.0 0.0 0.0
42.17479609 80.03491122 0.0 0.0 0.0 1.0 0.0 0.0 0.0 0.0
37.17479609 85.03491122 0.0 0.0 0.0 0.0 1.0 0.0 0.0 0.0
32.17479609 85.03491122 0.0 0.0 0.0 0.0 1.0 0.0 0.0 0.0
27.17479609 85.03491122 0.0 0.0 0.0 0.0 1.0 0.0 0.0 0.0
22.17479609 85.03491122 0.0 0.0 0.0 0.0 1.0 0.0 0.0 0.0
17.17479609 85.03491122 0.0 0.0 0.0 0.0 0.0 1.0 0.0 0.0
