31.86257194 60.18022753 0.0 0.0 0.0 0.0 0.0 0.0 0.0 1.0
36.86257194 55.18022753 0.0 0.0 0.0 0.0 0.0 0.0 0.0 1.0
41.86257194 50.18022753 0.0 0.0 0.0 0.0 0.0 0.0 0.0 1.0
46.86257194 45.18022753 0.0 0.0 0.0 0.0 0.0 0.0 1.0 0.0
46.86257194 40.18022753 0.0 0.0 0.0 0.0 0.0 0.0 1.0 0.0
46.86257194 35.18022753 0.0 0.0 0.0 0.0 0.0 0.0 1.0 0.0
46.86257194 30.18022753 0.0 0.0 0.0 0.0 0.0 0.0 1.0 0.0
46.86257194 25.18022753 0.0 0.0 0.0 0.0 0.0 0.0 0.0 1.0
51.86257194 20.18022753 0.0 0.0 0.0 0.0 0.0 0.0 0.0 1.0
56.86257194 15.18022753 0.0 0.0 0.0 0.0 0.0 0.0 0.0 1.0
61.86257194 10.18022753 1.0 0.0 0.0 0.0 0.0 0.0 0.0 0.0
66.86257194 10.18022753 1.0 0.0 0.0 0.0 0.0 0.0 0.0 0.0
71.86257194 10.18022753 0.0 0.0 0.0 0.0 0.0 0.0 0.0 1.0
