19.36040643 19.41242116 1.0 0.0 0.0 0.0 0.0 0.0 0.0 0.0
24.36040643 19.41242116 1.0 0.0 0.0 0.0 0.0 0.0 0.0 0.0
29.36040643 19.41242116 1.0 0.0 0.0 0.0 0.0 0.0 0.0 0.0
34.36040643 19.41242116 0.0 1.0 0.0 0.0 0.0 0.0 0.0 0.0
39.36040643 24.41242116 1.0 0.0 0.0 0.0 0.0 0.0 0.0 0.0
44.36040643 24.41242116 1.0 0.0 0.0 0.0 0.0 0.0 0.0 0.0
49.36040643 24.41242116 1.0 0.0 0.0 0.0 0.0 0.0 0.0 0.0
54.36040643 24.41242116 0.0 0.0 0.0 0.0 0.0 0.0 0.0 1.0
59.36040643 19.41242116 0.0 0.0 0.0 0.0 0.0 0.0 0.0 1.0
64.36040643 14.41242116 1.0 0.0 0.0 0.0 0.0 0.0 0.0 0.0
69.36040643 14.41242116 0.0 0.0 0.0 0.0 0.0 0.0 0.0 1.0
74.36040643 9.41242116 1.0 0.0 0.0 0.0 0.0 0.0 0.0 0.0
79.36040643 9.41242116 0.0 0.0 0.0 0.0 0.0 0.0 0.0 1.0
84.36040643 4.41242116 1.0 0.0 0.0 0.0 0.0 0.0 0.0 0.0
89.36040643 4.41242116 1.0 0.0 0.0 0.0 0.0 0.0 0.0 0.0
94.36040643 4.41242116 0.0 0.0 0.0 0.0 0.0 0.0 0.0 1.0
