18.1798034 30.03244946 0.0 1.0 0.0 0.0 0.0 0.0 0.0 0.0
23.1798034 35.03244946 0.0 0.0 1.0 0.0 0.0 0.0 0.0 0.0
23.1798034 40.03244946 0.0 0.0 1.0 0.0 0.0 0.0 0.0 0.0
23.1798034 45.03244946 0.0 0.0 1.0 0.0 0.0 0.0 0.0 0.0
23.1798034 50.03244946 0.0 1.0 0.0 0.0 0.0 0.0 0.0 0.0
28.1798034 55.03244946 1.0 0.0 0.0 0.0 0.0 0.0 0.0 0.0
33.1798034 55.03244946 0.0 1.0 0.0 0.0 0.0 0.0 0.0 0.0
38.1798034 60.03244946 0.0 1.0 0.0 0.0 0.0 0.0 0.0 0.0
43.1798034 65.03244946 0.0 1.0 0.0 0.0 0.0 0.0 0.0 0.0
48.1798034 70.03244946 0.0 1.0 0.0 0.0 0.0 0.0 0.0 0.0
53.1798034 75.03244946 0.0 1.0 0.0 0.0 0.0 0.0 0.0 0.0
58.1798034 80.03244946 0.0 1.0 0.0 0.0 0.0 0.0 0.0 0.0
63.1798034 85.03244946 1.0 0.0 0.0 0.0 0.0 0.0 0.0 0.0
68.1798034 85.03244946 1.0 0.0 0.0 0.0 0.0 0.0 0.0 0.0
73.1798034 85.03244946 0.0 1.0 0.0 0.0 0.0 0.0 0.0 0.0
78.1798034 90.03244946 1.0 0.0 0.0 0.0 0.0 0.0 0.0 0.0
83.1798034 90.03244946 0.0 1.0 0.0 0.0 0.0 0.0 0.0 0.0
88.1798034 95.03244946 0.0 1.0 0.0 0.0 0.0 0.0 0.0 0.0
