24.24272025 5.57562127 0.0 1.0 0.0 0.0 0.0 0.0 0.0 0.0
29.24272025 10.57562127 0.0 1.0 0.0 0.0 0.0 0.0 0.0 0.0
34.24272025 15.57562127 0.0 1.0 0.0 0.0 0.0 0.0 0.0 0.0
39.24272025 20.57562127 0.0 1.0 0.0 0.0 0.0 0.0 0.0 0.0
44.24272025 25.57562127 0.0 1.0 0.0 0.0 0.0 0.0 0.0 0.0
49.24272025 30.57562127 0.0 1.0 0.0 0.0 0.0 0.0 0.0 0.0
54.24272025 35.57562127 0.0 1.0 0.0 0.0 0.0 0.0 0.0 0.0
59.24272025 40.57562127 1.0 0.0 0.0 0.0 0.0 0.0 0.0 0.0
64.24272025 40.57562127 0.0 1.0 0.0 0.0 0.0 0.0 0.0 0.0
69.24272025 45.57562127 0.0 1.0 0.0 0.0 0.0 0.0 0.0 0.0
74.24272025 50.57562127 0.0 1.0 0.0 0.0 0.0 0.0 0.0 0.0
79.24272025 55.57562127 1.0 0.0 0.0 0.0 0.0 0.0 0.0 0.0
84.24272025 55.57562127 1.0 0.0 0.0 0.0 0.0 0.0 0.0 0.0
89.24272025 55.57562127 0.0 1.0 0.0 0.0 0.0 0.0 0.0 0.0
