92.80167697 51.18762327 0.0 0.0 0.0 0.0 0.0 1.0 0.0 0.0
87.80167697 46.18762327 0.0 0.0 0.0 0.0 0.0 0.0 1.0 0.0
87.80167697 41.18762327 0.0 0.0 0.0 0.0 0.0 0.0 1.0 0.0
87.80167697 36.18762327 0.0 0.0 0.0 0.0 0.0 0.0 1.0 0.0
87.80167697 31.18762327 0.0 0.0 0.0 0.0 0.0 1.0 0.0 0.0
82.80167697 26.18762327 0.0 0.0 0.0 0.0 0.0 1.0 0.0 0.0
77.80167697 21.18762327 0.0 0.0 0.0 0.0 1.0 0.0 0.0 0.0
72.80167697 21.18762327 0.0 0.0 0.0 0.0 1.0 0.0 0.0 0.0
67.80167697 21.18762327 0.0 0.0 0.0 1.0 0.0 0.0 0.0 0.0
62.80167697 26.18762327 0.0 0.0 0.0 1.0 0.0 0.0 0.0 0.0
57.80167697 31.18762327 0.0 0.0 0.0 1.0 0.0 0.0 0.0 0.0
52.80167697 36.18762327 0.0 0.0 0.0 1.0 0.0 0.0 0.0 0.0
47.80167697 41.18762327 0.0 0.0 0.0 1.0 0.0 0.0 0.0 0.0
42.80167697 46.18762327 0.0 0.0 0.0 1.0 0.0 0.0 0.0 0.0
37.80167697 51.18762327 0.0 0.0 0.0 1.0 0.0 0.0 0.0 0.0
32.80167697 56.18762327 0.0 0.0 0.0 1.0 0.0 0.0 0.0 0.0
27.80167697 61.18762327 0.0 0.0 0.0 1.0 0.0 0.0 0.0 0.0
22.80167697 66.18762327 0.0 0.0 0.0 1.0 0.0 0.0 0.0 0.0
17.80167697 71.18762327 0.0 0.0 0.0 1.0 0.0 0.0 0.0 0.0
12.80167697 76.18762327 0.0 0.0 1.0 0.0 0.0 0.0 0.0 0.0
12.80167697 81.18762327 0.0 0.0 0.0 1.0 0.0 0.0 0.0 0.0
7.80167697 86.18762327 0.0 0.0 1.0 0.0 0.0 0.0 0.0 0.0
7.80167697 91.18762327 0.0 0.0 0.0 1.0 0.0 0.0 0.0 0.0
