63.76945221 7.82132661 0.0 0.0 0.0 1.0 0.0 0.0 0.0 0.0
58.76945221 12.82132661 0.0 0.0 0.0 1.0 0.0 0.0 0.0 0.0
53.76945221 17.82132661 0.0 0.0 1.0 0.0 0.0 0.0 0.0 0.0
53.76945221 22.82132661 0.0 0.0 0.0 1.0 0.0 0.0 0.0 0.0
48.76945221 27.82132661 0.0 0.0 1.0 0.0 0.0 0.0 0.0 0.0
48.76945221 32.82132661 0.0 0.0 0.0 1.0 0.0 0.0 0.0 0.0
43.76945221 37.82132661 0.0 0.0 1.0 0.0 0.0 0.0 0.0 0.0
43.76945221 42.82132661 0.0 0.0 1.0 0.0 0.0 0.0 0.0 0.0
43.76945221 47.82132661 0.0 0.0 1.0 0.0 0.0 0.0 0.0 0.0
43.76945221 52.82132661 0.0 0.0 1.0 0.0 0.0 0.0 0.0 0.0
43.76945221 57.82132661 0.0 0.0 1.0 0.0 0.0 0.0 0.0 0.0
43.76945221 62.82132661 0.0 0.0 0.0 1.0 0.0 0.0 0.0 0.0
38.76945221 67.82132661 0.0 0.0 1.0 0.0 0.0 0.0 0.0 0.0
38.76945221 72.82132661 0.0 0.0 0.0 1.0 0.0 0.0 0.0 0.0
33.76945221 77.82132661 0.0 0.0 0.0 1.0 0.0 0.0 0.0 0.0
28.76945221 82.82132661 0.0 0.0 0.0 1.0 0.0 0.0 0.0 0.0
