82.85373341 98.97104893 0.0 0.0 0.0 0.0 0.0 0.0 1.0 0.0
82.85373341 93.97104893 0.0 0.0 0.0 0.0 0.0 1.0 0.0 0.0
77.85373341 88.97104893 0.0 0.0 0.0 0.0 0.0 0.0 1.0 0.0
77.85373341 83.97104893 0.0 0.0 0.0 0.0 0.0 1.0 0.0 0.0
72.85373341 78.97104893 0.0 0.0 0.0 0.0 0.0 0.0 1.0 0.0
72.85373341 73.97104893 0.0 0.0 0.0 0.0 0.0 0.0 1.0 0.0
72.85373341 68.97104893 0.0 0.0 0.0 0.0 0.0 1.0 0.0 0.0
67.85373341 63.97104893 0.0 0.0 0.0 0.0 0.0 0.0 1.0 0.0
67.85373341 58.97104893 0.0 0.0 0.0 0.0 0.0 1.0 0.0 0.0
62.85373341 53.97104893 0.0 0.0 0.0 0.0 0.0 0.0 1.0 0.0
62.85373341 48.97104893 0.0 0.0 0.0 0.0 0.0 1.0 0.0 0.0
57.85373341 43.97104893 0.0 0.0 0.0 0.0 0.0 0.0 1.0 0.0
57.85373341 38.97104893 0.0 0.0 0.0 0.0 0.0 0.0 1.0 0.0
57.85373341 33.97104893 0.0 0.0 0.0 0.0 0.0 0.0 1.0 0.0
57.85373341 28.97104893 0.0 0.0 0.0 0.0 0.0 1.0 0.0 0.0
52.85373341 23.97104893 0.0 0.0 0.0 0.0 0.0 0.0 1.0 0.0
52.85373341 18.97104893 0.0 0.0 0.0 0.0 0.0 1.0 0.0 0.0
47.85373341 13.97104893 0.0 0.0 0.0 0.0 0.0 1.0 0.0 0.0
42.85373341 8.97104893 0.0 0.0 0.0 0.0 0.0 1.0 0.0 0.0
