24.65377013 58.17459945 1.0 0.0 0.0 0.0 0.0 0.0 0.0 0.0
29.65377013 58.17459945 0.0 1.0 0.0 0.0 0.0 0.0 0.0 0.0
34.65377013 63.17459945 1.0 0.0 0.0 0.0 0.0 0.0 0.0 0.0
39.65377013 63.17459945 1.0 0.0 0.0 0.0 0.0 0.0 0.0 0.0
44.65377013 63.17459945 1.0 0.0 0.0 0.0 0.0 0.0 0.0 0.0
49.65377013 63.17459945 1.0 0.0 0.0 0.0 0.0 0.0 0.0 0.0
54.65377013 63.17459945 1.0 0.0 0.0 0.0 0.0 0.0 0.0 0.0
59.65377013 63.17459945 1.0 0.0 0.0 0.0 0.0 0.0 0.0 0.0
64.65377013 63.17459945 1.0 0.0 0.0 0.0 0.0 0.0 0.0 0.0
69.65377013 63.17459945 1.0 0.0 0.0 0.0 0.0 0.0 0.0 0.0
74.65377013 63.17459945 1.0 0.0 0.0 0.0 0.0 0.0 0.0 0.0
79.65377013 63.17459945 0.0 1.0 0.0 0.0 0.0 0.0 0.0 0.0
84.65377013 68.17459945 0.0 1.0 0.0 0.0 0.0 0.0 0.0 0.0
89.65377013 73.17459945 0.0 1.0 0.0 0.0 0.0 0.0 0.0 0.0
94.65377013 78.17459945 0.0 0.0 1.0 0.0 0.0 0.0 0.0 0.0
94.65377013 83.17459945 0.0 1.0 0.0 0.0 0.0 0.0 0.0 0.0
99.65377013 88.17459945 0.0 1.0 0.0 0.0 0.0 0.0 0.0 0.0
