2.30085845 5.92021602 0.0 1.0 0.0 0.0 0.0 0.0 0.0 0.0
7.30085845 10.92021602 0.0 1.0 0.0 0.0 0.0 0.0 0.0 0.0
12.30085845 15.92021602 1.0 0.0 0.0 0.0 0.0 0.0 0.0 0.0
17.30085845 15.92021602 1.0 0.0 0.0 0.0 0.0 0.0 0.0 0.0
22.30085845 15.92021602 1.0 0.0 0.0 0.0 0.0 0.0 0.0 0.0
27.30085845 15.92021602 0.0 1.0 0.0 0.0 0.0 0.0 0.0 0.0
32.30085845 20.92021602 0.0 1.0 0.0 0.0 0.0 0.0 0.0 0.0
37.30085845 25.92021602 0.0 1.0 0.0 0.0 0.0 0.0 0.0 0.0
42.30085845 30.92021602 1.0 0.0 0.0 0.0 0.0 0.0 0.0 0.0
47.30085845 30.92021602 0.0 1.0 0.0 0.0 0.0 0.0 0.0 0.0
52.30085845 35.92021602 0.0 1.0 0.0 0.0 0.0 0.0 0.0 0.0
57.30085845 40.92021602 0.0 1.0 0.0 0.0 0.0 0.0 0.0 0.0
62.30085845 45.92021602 0.0 1.0 0.0 0.0 0.0 0.0 0.0 0.0
67.30085845 50.92021602 0.0 1.0 0.0 0.0 0.0 0.0 0.0 0.0
72.30085845 55.92021602 0.0 1.0 0.0 0.0 0.0 0.0 0.0 0.0
77.30085845 60.92021602 1.0 0.0 0.0 0.0 0.0 0.0 0.0 0.0
82.30085845 60.92021602 0.0 1.0 0.0 0.0 0.0 0.0 0.0 0.0
87.30085845 65.92021602 1.0 0.0 0.0 0.0 0.0 0.0 0.0 0.0
92.30085845 65.92021602 0.0 1.0 0.0 0.0 0.0 0.0 0.0 0.0
