10.83974732 89.74483492 0.0 0.0 0.0 0.0 0.0 0.0 0.0 1.0
15.83974732 84.74483492 0.0 0.0 0.0 0.0 0.0 0.0 0.0 1.0
20.83974732 79.74483492 1.0 0.0 0.0 0.0 0.0 0.0 0.0 0.0
25.83974732 79.74483492 0.0 0.0 0.0 0.0 0.0 0.0 0.0 1.0
30.83974732 74.74483492 1.0 0.0 0.0 0.0 0.0 0.0 0.0 0.0
35.83974732 74.74483492 0.0 0.0 0.0 0.0 0.0 0.0 0.0 1.0
40.83974732 69.74483492 1.0 0.0 0.0 0.0 0.0 0.0 0.0 0.0
45.83974732 69.74483492 0.0 0.0 0.0 0.0 0.0 0.0 0.0 1.0
50.83974732 64.74483492 0.0 0.0 0.0 0.0 0.0 0.0 0.0 1.0
55.83974732 59.74483492 0.0 0.0 0.0 0.0 0.0 0.0 0.0 1.0
60.83974732 54.74483492 0.0 0.0 0.0 0.0 0.0 0.0 0.0 1.0
65.83974732 49.74483492 1.0 0.0 0.0 0.0 0.0 0.0 0.0 0.0
70.83974732 49.74483492 1.0 0.0 0.0 0.0 0.0 0.0 0.0 0.0
75.83974732 49.74483492 1.0 0.0 0.0 0.0 0.0 0.0 0.0 0.0
80.83974732 49.74483492 0.0 1.0 0.0 0.0 0.0 0.0 0.0 0.0
