12.53170674 2.81576673 1.0 0.0 0.0 0.0 0.0 0.0 0.0 0.0
17.53170674 2.81576673 1.0 0.0 0.0 0.0 0.0 0.0 0.0 0.0
22.53170674 2.81576673 1.0 0.0 0.0 0.0 0.0 0.0 0.0 0.0
27.53170674 2.81576673 0.0 1.0 0.0 0.0 0.0 0.0 0.0 0.0
32.53170674 7.81576673 0.0 1.0 0.0 0.0 0.0 0.0 0.0 0.0
37.53170674 12.81576673 0.0 1.0 0.0 0.0 0.0 0.0 0.0 0.0
42.53170674 17.81576673 0.0 0.0 1.0 0.0 0.0 0.0 0.0 0.0
42.53170674 22.81576673 0.0 0.0 1.0 0.0 0.0 0.0 0.0 0.0
42.53170674 27.81576673 0.0 0.0 1.0 0.0 0.0 0.0 0.0 0.0
42.53170674 32.81576673 0.0 0.0 1.0 0.0 0.0 0.0 0.0 0.0
42.53170674 37.81576673 0.0 1.0 0.0 0.0 0.0 0.0 0.0 0.0
47.53170674 42.81576673 0.0 1.0 0.0 0.0 0.0 0.0 0.0 0.0
52.53170674 47.81576673 0.0 1.0 0.0 0.0 0.0 0.0 0.0 0.0
57.53170674 52.81576673 0.0 1.0 0.0 0.0 0.0 0.0 0.0 0.0
62.53170674 57.81576673 0.0 1.0 0.0 0.0 0.0 0.0 0.0 0.0
67.53170674 62.81576673 0.0 1.0 0.0 0.0 0.0 0.0 0.0 0.0
72.53170674 67.81576673 0.0 1.0 0.0 0.0 0.0 0.0 0.0 0.0
77.53170674 72.81576673 0.0 1.0 0.0 0.0 0.0 0.0 0.0 0.0
82.53170674 77.81576673 0.0 1.0 0.0 0.0 0.0 0.0 0.0 0.0
