66.89799389 74.17143973 0.0 0.0 0.0 0.0 0.0 1.0 0.0 0.0
61.89799389 69.17143973 0.0 0.0 0.0 0.0 0.0 1.0 0.0 0.0
56.89799389 64.17143973 0.0 0.0 0.0 0.0 0.0 1.0 0.0 0.0
51.89799389 59.17143973 0.0 0.0 0.0 0.0 0.0 0.0 1.0 0.0
51.89799389 54.17143973 0.0 0.0 0.0 0.0 0.0 1.0 0.0 0.0
46.89799389 49.17143973 0.0 0.0 0.0 0.0 0.0 0.0 1.0 0.0
46.89799389 44.17143973 0.0 0.0 0.0 0.0 0.0 0.0 1.0 0.0
46.89799389 39.17143973 0.0 0.0 0.0 0.0 0.0 1.0 0.0 0.0
41.89799389 34.17143973 0.0 0.0 0.0 0.0 0.0 0.0 1.0 0.0
41.89799389 29.17143973 0.0 0.0 0.0 0.0 0.0 1.0 0.0 0.0
36.89799389 24.17143973 0.0 0.0 0.0 0.0 0.0 0.0 1.0 0.0
36.89799389 19.17143973 0.0 0.0 0.0 0.0 0.0 1.0 0.0 0.0
31.89799389 14.17143973 0.0 0.0 0.0 0.0 0.0 0.0 1.0 0.0
31.89799389 9.17143973 0.0 0.0 0.0 0.0 0.0 1.0 0.0 0.0
