88.49336844 12.15643059 0.0 0.0 0.0 1.0 0.0 0.0 0.0 0.0
83.49336844 17.15643059 0.0 0.0 0.0 1.0 0.0 0.0 0.0 0.0
78.49336844 22.15643059 0.0 0.0 1.0 0.0 0.0 0.0 0.0 0.0
78.49336844 27.15643059 0.0 0.0 1.0 0.0 0.0 0.0 0.0 0.0
78.49336844 32.15643059 0.0 0.0 0.0 1.0 0.0 0.0 0.0 0.0
73.49336844 37.15643059 0.0 0.0 0.0 1.0 0.0 0.0 0.0 0.0
68.49336844 42.15643059 0.0 0.0 0.0 1.0 0.0 0.0 0.0 0.0
63.49336844 47.15643059 0.0 0.0 0.0 1.0 0.0 0.0 0.0 0.0
58.49336844 52.15643059 0.0 0.0 0.0 1.0 0.0 0.0 0.0 0.0
53.49336844 57.15643059 0.0 0.0 0.0 1.0 0.0 0.0 0.0 0.0
48.49336844 62.15643059 0.0 0.0 0.0 1.0 0.0 0.0 0.0 0.0
43.49336844 67.15643059 0.0 0.0 0.0 1.0 0.0 0.0 0.0 0.0
38.49336844 72.15643059 0.0 0.0 0.0 0.0 1.0 0.0 0.0 0.0
33.49336844 72.15643059 0.0 0.0 0.0 1.0 0.0 0.0 0.0 0.0
28.49336844 77.15643059 0.0 0.0 0.0 1.0 0.0 0.0 0.0 0.0
23.49336844 82.15643059 0.0 0.0 1.0 0.0 0.0 0.0 0.0 0.0
23.49336844 87.15643059 0.0 0.0 0.0 1.0 0.0 0.0 0.0 0.0
