92.60080754 47.55245026 0.0 0.0 0.0 0.0 1.0 0.0 0.0 0.0
87.60080754 47.55245026 0.0 0.0 0.0 0.0 1.0 0.0 0.0 0.0
82.60080754 47.55245026 0.0 0.0 0.0 0.0 1.0 0.0 0.0 0.0
77.60080754 47.55245026 0.0 0.0 0.0 0.0 1.0 0.0 0.0 0.0
72.60080754 47.55245026 0.0 0.0 0.0 0.0 1.0 0.0 0.0 0.0
67.60080754 47.55245026 0.0 0.0 0.0 0.0 1.0 0.0 0.0 0.0
62.60080754 47.55245026 0.0 0.0 0.0 0.0 1.0 0.0 0.0 0.0
57.60080754 47.55245026 0.0 0.0 0.0 0.0 1.0 0.0 0.0 0.0
52.60080754 47.55245026 0.0 0.0 0.0 1.0 0.0 0.0 0.0 0.0
47.60080754 52.55245026 0.0 0.0 0.0 0.0 1.0 0.0 0.0 0.0
42.60080754 52.55245026 0.0 0.0 0.0 0.0 1.0 0.0 0.0 0.0
37.60080754 52.55245026 0.0 0.0 0.0 0.0 1.0 0.0 0.0 0.0
32.60080754 52.55245026 0.0 0.0 0.0 0.0 1.0 0.0 0.0 0.0
27.60080754 52.55245026 0.0 0.0 0.0 0.0 1.0 0.0 0.0 0.0
22.60080754 52.55245026 0.0 0.0 0.0 0.0 1.0 0.0 0.0 0.0
17.60080754 52.55245026 0.0 0.0 0.0 1.0 0.0 0.0 0.0 0.0
12.60080754 57.55245026 0.0 0.0 0.0 0.0 1.0 0.0 0.0 0.0
7.60080754 57.55245026 0.0 0.0 0.0 0.0 1.0 0.0 0.0 0.0
2.60080754 57.55245026 0.0 0.0 0.0 1.0 0.0 0.0 0.0 0.0
