84.10749761 48.11706499 0.0 0.0 0.0 0.0 1.0 0.0 0.0 0.0
79.10749761 48.11706499 0.0 0.0 0.0 0.0 1.0 0.0 0.0 0.0
74.10749761 48.11706499 0.0 0.0 0.0 0.0 1.0 0.0 0.0 0.0
69.10749761 48.11706499 0.0 0.0 0.0 0.0 1.0 0.0 0.0 0.0
64.10749761 48.11706499 0.0 0.0 0.0 0.0 1.0 0.0 0.0 0.0
59.10749761 48.11706499 0.0 0.0 0.0 0.0 0.0 1.0 0.0 0.0
54.10749761 43.11706499 0.0 0.0 0.0 0.0 1.0 0.0 0.0 0.0
49.10749761 43.11706499 0.0 0.0 0.0 0.0 1.0 0.0 0.0 0.0
44.10749761 43.11706499 0.0 0.0 0.0 0.0 1.0 0.0 0.0 0.0
39.10749761 43.11706499 0.0 0.0 0.0 0.0 1.0 0.0 0.0 0.0
34.10749761 43.11706499 0.0 0.0 0.0 0.0 0.0 1.0 0.0 0.0
29.10749761 38.11706499 0.0 0.0 0.0 0.0 0.0 1.0 0.0 0.0
24.10749761 33.11706499 0.0 0.0 0.0 0.0 0.0 1.0 0.0 0.0
19.10749761 28.11706499 0.0 0.0 0.0 0.0 0.0 1.0 0.0 0.0
14.10749761 23.11706499 0.0 0.0 0.0 1.0 0.0 0.0 0.0 0.0
