96.55622486 84.11227296 0.0 0.0 0.0 0.0 0.0 1.0 0.0 0.0
91.55622486 79.11227296 0.0 0.0 0.0 0.0 0.0 1.0 0.0 0.0
86.55622486 74.11227296 0.0 0.0 0.0 0.0 0.0 1.0 0.0 0.0
81.55622486 69.11227296 0.0 0.0 0.0 0.0 0.0 1.0 0.0 0.0
76.55622486 64.11227296 0.0 0.0 0.0 0.0 0.0 1.0 0.0 0.0
71.55622486 59.11227296 0.0 0.0 0.0 0.0 0.0 1.0 0.0 0.0
66.55622486 54.11227296 0.0 0.0 0.0 0.0 0.0 1.0 0.0 0.0
61.55622486 49.11227296 0.0 0.0 0.0 0.0 0.0 1.0 0.0 0.0
56.55622486 44.11227296 0.0 0.0 0.0 0.0 0.0 1.0 0.0 0.0
51.55622486 39.11227296 0.0 0.0 0.0 0.0 1.0 0.0 0.0 0.0
46.55622486 39.11227296 0.0 0.0 0.0 0.0 0.0 1.0 0.0 0.0
41.55622486 34.11227296 0.0 0.0 0.0 0.0 1.0 0.0 0.0 0.0
36.55622486 34.11227296 0.0 0.0 0.0 0.0 0.0 1.0 0.0 0.0
31.55622486 29.11227296 0.0 0.0 0.0 0.0 0.0 1.0 0.0 0.0
