10.11589016 70.26389575 0.0 0.0 0.0 0.0 0.0 0.0 0.0 1.0
15.11589016 65.26389575 1.0 0.0 0.0 0.0 0.0 0.0 0.0 0.0
20.11589016 65.26389575 0.0 0.0 0.0 0.0 0.0 0.0 0.0 1.0
25.11589016 60.26389575 1.0 0.0 0.0 0.0 0.0 0.0 0.0 0.0
30.11589016 60.26389575 0.0 0.0 0.0 0.0 0.0 0.0 0.0 1.0
35.11589016 55.26389575 1.0 0.0 0.0 0.0 0.0 0.0 0.0 0.0
40.11589016 55.26389575 0.0 0.0 0.0 0.0 0.0 0.0 0.0 1.0
45.11589016 50.26389575 1.0 0.0 0.0 0.0 0.0 0.0 0.0 0.0
50.11589016 50.26389575 0.0 0.0 0.0 0.0 0.0 0.0 0.0 1.0
55.11589016 45.26389575 1.0 0.0 0.0 0.0 0.0 0.0 0.0 0.0
60.11589016 45.26389575 1.0 0.0 0.0 0.0 0.0 0.0 0.0 0.0
65.11589016 45.26389575 0.0 0.0 0.0 0.0 0.0 0.0 0.0 1.0
70.11589016 40.26389575 1.0 0.0 0.0 0.0 0.0 0.0 0.0 0.0
75.11589016 40.26389575 0.0 0.0 0.0 0.0 0.0 0.0 0.0 1.0
80.11589016 35.26389575 0.0 0.0 0.0 0.0 0.0 0.0 0.0 1.0
85.11589016 30.26389575 0.0 1.0 0.0 0.0 0.0 0.0 0.0 0.0
