85.66727698 33.34597928 0.0 0.0 0.0 0.0 0.0 1.0 0.0 0.0
80.66727698 28.34597928 0.0 0.0 0.0 0.0 0.0 1.0 0.0 0.0
75.66727698 23.34597928 0.0 0.0 0.0 0.0 1.0 0.0 0.0 0.0
70.66727698 23.34597928 0.0 0.0 0.0 0.0 1.0 0.0 0.0 0.0
65.66727698 23.34597928 0.0 0.0 0.0 0.0 1.0 0.0 0.0 0.0
60.66727698 23.34597928 0.0 0.0 0.0 1.0 0.0 0.0 0.0 0.0
55.66727698 28.34597928 0.0 0.0 0.0 1.0 0.0 0.0 0.0 0.0
50.66727698 33.34597928 0.0 0.0 0.0 0.0 1.0 0.0 0.0 0.0
45.66727698 33.34597928 0.0 0.0 0.0 0.0 1.0 0.0 0.0 0.0
40.66727698 33.34597928 0.0 0.0 0.0 0.0 1.0 0.0 0.0 0.0
35.66727698 33.34597928 0.0 0.0 0.0 0.0 1.0 0.0 0.0 0.0
30.66727698 33.34597928 0.0 0.0 0.0 1.0 0.0 0.0 0.0 0.0
25.66727698 38.34597928 0.0 0.0 0.0 1.0 0.0 0.0 0.0 0.0
20.66727698 43.34597928 0.0 0.0 0.0 1.0 0.0 0.0 0.0 0.0
15.66727698 48.34597928 0.0 0.0 0.0 1.0 0.0 0.0 0.0 0.0
10.66727698 53.34597928 0.0 0.0 1.0 0.0 0.0 0.0 0.0 0.0
10.66727698 58.34597928 0.0 0.0 0.0 1.0 0.0 0.0 0.0 0.0
5.66727698 63.34597928 0.0 0.0 1.0 0.0 0.0 0.0 0.0 0.0
5.66727698 68.34597928 0.0 0.0 0.0 1.0 0.0 0.0 0.0 0.0
