6.73273551 4.52825739 1.0 0.0 0.0 0.0 0.0 0.0 0.0 0.0
11.73273551 4.52825739 1.0 0.0 0.0 0.0 0.0 0.0 0.0 0.0
16.73273551 4.52825739 1.0 0.0 0.0 0.0 0.0 0.0 0.0 0.0
21.73273551 4.52825739 1.0 0.0 0.0 0.0 0.0 0.0 0.0 0.0
26.73273551 4.52825739 1.0 0.0 0.0 0.0 0.0 0.0 0.0 0.0
31.73273551 4.52825739 0.0 1.0 0.0 0.0 0.0 0.0 0.0 0.0
36.73273551 9.52825739 0.0 1.0 0.0 0.0 0.0 0.0 0.0 0.0
41.73273551 14.52825739 1.0 0.0 0.0 0.0 0.0 0.0 0.0 0.0
46.73273551 14.52825739 1.0 0.0 0.0 0.0 0.0 0.0 0.0 0.0
51.73273551 14.52825739 1.0 0.0 0.0 0.0 0.0 0.0 0.0 0.0
56.73273551 14.52825739 1.0 0.0 0.0 0.0 0.0 0.0 0.0 0.0
61.73273551 14.52825739 0.0 0.0 0.0 0.0 0.0 0.0 0.0 1.0
66.73273551 9.52825739 0.0 0.0 0.0 0.0 0.0 0.0 0.0 1.0
71.73273551 4.52825739 1.0 0.0 0.0 0.0 0.0 0.0 0.0 0.0
76.73273551 4.52825739 1.0 0.0 0.0 0.0 0.0 0.0 0.0 0.0
81.73273551 4.52825739 1.0 0.0 0.0 0.0 0.0 0.0 0.0 0.0
86.73273551 4.52825739 0.0 1.0 0.0 0.0 0.0 0.0 0.0 0.0
91.73273551 9.52825739 0.0 1.0 0.0 0.0 0.0 0.0 0.0 0.0
96.73273551 14.52825739 0.0 0.0 1.0 0.0 0.0 0.0 0.0 0.0
96.73273551 19.52825739 0.0 0.0 1.0 0.0 0.0 0.0 0.0 0.0
96.73273551 24.52825739 0.0 0.0 1.0 0.0 0.0 0.0 0.0 0.0
96.73273551 29.52825739 0.0 0.0 0.0 1.0 0.0 0.0 0.0 0.0
