1.78188877 63.74220073 1.0 0.0 0.0 0.0 0.0 0.0 0.0 0.0
6.78188877 63.74220073 1.0 0.0 0.0 0.0 0.0 0.0 0.0 0.0
11.78188877 63.74220073 1.0 0.0 0.0 0.0 0.0 0.0 0.0 0.0
16.78188877 63.74220073 1.0 0.0 0.0 0.0 0.0 0.0 0.0 0.0
21.78188877 63.74220073 1.0 0.0 0.0 0.0 0.0 0.0 0.0 0.0
26.78188877 63.74220073 0.0 0.0 0.0 0.0 0.0 0.0 0.0 1.0
31.78188877 58.74220073 0.0 0.0 0.0 0.0 0.0 0.0 0.0 1.0
36.78188877 53.74220073 0.0 0.0 0.0 0.0 0.0 0.0 0.0 1.0
41.78188877 48.74220073 0.0 0.0 0.0 0.0 0.0 0.0 0.0 1.0
46.78188877 43.74220073 0.0 0.0 0.0 0.0 0.0 0.0 0.0 1.0
51.78188877 38.74220073 0.0 0.0 0.0 0.0 0.0 0.0 0.0 1.0
56.78188877 33.74220073 0.0 0.0 0.0 0.0 0.0 0.0 0.0 1.0
61.78188877 28.74220073 0.0 0.0 0.0 0.0 0.0 0.0 0.0 1.0
66.78188877 23.74220073 0.0 0.0 0.0 0.0 0.0 0.0 0.0 1.0
71.78188877 18.74220073 0.0 0.0 0.0 0.0 0.0 0.0 0.0 1.0
76.78188877 13.74220073 0.0 0.0 0.0 0.0 0.0 0.0 0.0 1.0
