9.95416148 77.74343275 1.0 0.0 0.0 0.0 0.0 0.0 0.0 0.0
14.95416148 77.74343275 1.0 0.0 0.0 0.0 0.0 0.0 0.0 0.0
19.95416148 77.74343275 0.0 0.0 0.0 0.0 0.0 0.0 0.0 1.0
24.95416148 72.74343275 0.0 0.0 0.0 0.0 0.0 0.0 0.0 1.0
29.95416148 67.74343275 1.0 0.0 0.0 0.0 0.0 0.0 0.0 0.0
34.95416148 67.74343275 1.0 0.0 0.0 0.0 0.0 0.0 0.0 0.0
39.95416148 67.74343275 1.0 0.0 0.0 0.0 0.0 0.0 0.0 0.0
44.95416148 67.74343275 1.0 0.0 0.0 0.0 0.0 0.0 0.0 0.0
49.95416148 67.74343275 1.0 0.0 0.0 0.0 0.0 0.0 0.0 0.0
54.95416148 67.74343275 1.0 0.0 0.0 0.0 0.0 0.0 0.0 0.0
59.95416148 67.74343275 1.0 0.0 0.0 0.0 0.0 0.0 0.0 0.0
64.95416148 67.74343275 1.0 0.0 0.0 0.0 0.0 0.0 0.0 0.0
69.95416148 67.74343275 1.0 0.0 0.0 0.0 0.0 0.0 0.0 0.0
74.95416148 67.74343275 1.0 0.0 0.0 0.0 0.0 0.0 0.0 0.0
79.95416148 67.74343275 1.0 0.0 0.0 0.0 0.0 0.0 0.0 0.0
84.95416148 67.74343275 1.0 0.0 0.0 0.0 0.0 0.0 0.0 0.0
89.95416148 67.74343275 0.0 1.0 0.0 0.0 0.0 0.0 0.0 0.0
