8.18207004 40.97208718 1.0 0.0 0.0 0.0 0.0 0.0 0.0 0.0
13.18207004 40.97208718 1.0 0.0 0.0 0.0 0.0 0.0 0.0 0.0
18.18207004 40.97208718 1.0 0.0 0.0 0.0 0.0 0.0 0.0 0.0
23.18207004 40.97208718 1.0 0.0 0.0 0.0 0.0 0.0 0.0 0.0
28.18207004 40.97208718 1.0 0.0 0.0 0.0 0.0 0.0 0.0 0.0
33.18207004 40.97208718 1.0 0.0 0.0 0.0 0.0 0.0 0.0 0.0
38.18207004 40.97208718 1.0 0.0 0.0 0.0 0.0 0.0 0.0 0.0
43.18207004 40.97208718 1.0 0.0 0.0 0.0 0.0 0.0 0.0 0.0
48.18207004 40.97208718 1.0 0.0 0.0 0.0 0.0 0.0 0.0 0.0
53.18207004 40.97208718 0.0 1.0 0.0 0.0 0.0 0.0 0.0 0.0
58.18207004 45.97208718 1.0 0.0 0.0 0.0 0.0 0.0 0.0 0.0
63.18207004 45.97208718 0.0 0.0 0.0 0.0 0.0 0.0 0.0 1.0
68.18207004 40.97208718 0.0 0.0 0.0 0.0 0.0 0.0 0.0 1.0
73.18207004 35.97208718 0.0 0.0 0.0 0.0 0.0 0.0 0.0 1.0
78.18207004 30.97208718 0.0 0.0 0.0 0.0 0.0 0.0 0.0 1.0
83.18207004 25.97208718 0.0 0.0 0.0 0.0 0.0 0.0 0.0 1.0
88.18207004 20.97208718 0.0 0.0 0.0 0.0 0.0 0.0 0.0 1.0
93.18207004 15.97208718 0.0 0.0 0.0 0.0 0.0 0.0 0.0 1.0
