88.68998051 25.42564977 0.0 0.0 0.0 0.0 1.0 0.0 0.0 0.0
83.68998051 25.42564977 0.0 0.0 0.0 0.0 1.0 0.0 0.0 0.0
78.68998051 25.42564977 0.0 0.0 0.0 0.0 1.0 0.0 0.0 0.0
73.68998051 25.42564977 0.0 0.0 0.0 0.0 1.0 0.0 0.0 0.0
68.68998051 25.42564977 0.0 0.0 0.0 0.0 1.0 0.0 0.0 0.0
63.68998051 25.42564977 0.0 0.0 0.0 0.0 1.0 0.0 0.0 0.0
58.68998051 25.42564977 0.0 0.0 0.0 0.0 0.0 1.0 0.0 0.0
53.68998051 20.42564977 0.0 0.0 0.0 0.0 0.0 1.0 0.0 0.0
48.68998051 15.42564977 0.0 0.0 0.0 0.0 1.0 0.0 0.0 0.0
43.68998051 15.42564977 0.0 0.0 0.0 0.0 1.0 0.0 0.0 0.0
38.68998051 15.42564977 0.0 0.0 0.0 0.0 1.0 0.0 0.0 0.0
33.68998051 15.42564977 0.0 0.0 0.0 0.0 1.0 0.0 0.0 0.0
28.68998051 15.42564977 0.0 0.0 0.0 0.0 1.0 0.0 0.0 0.0
23.68998051 15.42564977 0.0 0.0 0.0 1.0 0.0 0.0 0.0 0.0
18.68998051 20.42564977 0.0 0.0 0.0 0.0 1.0 0.0 0.0 0.0
13.68998051 20.42564977 0.0 0.0 0.0 1.0 0.0 0.0 0.0 0.0
8.68998051 25.42564977 0.0 0.0 0.0 1.0 0.0 0.0 0.0 0.0
