25.81918478 5.57989222 0.0 1.0 0.0 0.0 0.0 0.0 0.0 0.0
30.81918478 10.57989222 0.0 1.0 0.0 0.0 0.0 0.0 0.0 0.0
35.81918478 15.57989222 0.0 1.0 0.0 0.0 0.0 0.0 0.0 0.0
40.81918478 20.57989222 0.0 0.0 1.0 0.0 0.0 0.0 0.0 0.0
40.81918478 25.57989222 0.0 0.0 1.0 0.0 0.0 0.0 0.0 0.0
40.81918478 30.57989222 0.0 0.0 1.0 0.0 0.0 0.0 0.0 0.0
40.81918478 35.57989222 0.0 0.0 1.0 0.0 0.0 0.0 0.0 0.0
40.81918478 40.57989222 0.0 0.0 1.0 0.0 0.0 0.0 0.0 0.0
40.81918478 45.57989222 0.0 0.0 1.0 0.0 0.0 0.0 0.0 0.0
40.81918478 50.57989222 0.0 1.0 0.0 0.0 0.0 0.0 0.0 0.0
45.81918478 55.57989222 0.0 1.0 0.0 0.0 0.0 0.0 0.0 0.0
50.81918478 60.57989222 0.0 1.0 0.0 0.0 0.0 0.0 0.0 0.0
55.81918478 65.57989222 0.0 1.0 0.0 0.0 0.0 0.0 0.0 0.0
60.81918478 70.57989222 0.0 1.0 0.0 0.0 0.0 0.0 0.0 0.0
65.81918478 75.57989222 0.0 0.0 0.0 0.0 0.0 0.0 0.0 1.0
