43.99732153 90.3871817 0.0 0.0 0.0 0.0 0.0 1.0 0.0 0.0
38.99732153 85.3871817 0.0 0.0 0.0 0.0 0.0 1.0 0.0 0.0
33.99732153 80.3871817 0.0 0.0 0.0 0.0 0.0 1.0 0.0 0.0
28.99732153 75.3871817 0.0 0.0 0.0 0.0 0.0 1.0 0.0 0.0
23.99732153 70.3871817 0.0 0.0 0.0 0.0 1.0 0.0 0.0 0.0
18.99732153 70.3871817 0.0 0.0 0.0 0.0 0.0 1.0 0.0 0.0
13.99732153 65.3871817 0.0 0.0 0.0 0.0 1.0 0.0 0.0 0.0
8.99732153 65.3871817 0.0 0.0 0.0 0.0 0.0 1.0 0.0 0.0
3.99732153 60.3871817 0.0 0.0 0.0 0.0 0.0 0.0 1.0 0.0
3.99732153 55.3871817 0.0 0.0 0.0 0.0 0.0 0.0 1.0 0.0
3.99732153 50.3871817 0.0 0.0 0.0 0.0 0.0 0.0 1.0 0.0
3.99732153 45.3871817 0.0 0.0 0.0 0.0 0.0 0.0 1.0 0.0
3.99732153 40.3871817 0.0 0.0 0.0 0.0 0.0 0.0 1.0 0.0
3.99732153 35.3871817 0.0 0.0 0.0 0.0 0.0 0.0 1.0 0.0
3.99732153 30.3871817 0.0 0.0 0.0 0.0 0.0 0.0 1.0 0.0
3.99732153 25.3871817 0.0 0.0 0.0 0.0 0.0 0.0 1.0 0.0
3.99732153 20.3871817 0.0 0.0 0.0 0.0 0.0 0.0 1.0 0.0
3.99732153 15.3871817 0.0 0.0 0.0 0.0 0.0 0.0 0.0 1.0
8.99732153 10.3871817 0.0 0.0 0.0 0.0 0.0 0.0 1.0 0.0
8.99732153 5.3871817 0.0 0.0 0.0 0.0 0.0 0.0 0.0 1.0
