43.66674374 20.0163269 0.0 1.0 0.0 0.0 0.0 0.0 0.0 0.0
48.66674374 25.0163269 1.0 0.0 0.0 0.0 0.0 0.0 0.0 0.0
53.66674374 25.0163269 1.0 0.0 0.0 0.0 0.0 0.0 0.0 0.0
58.66674374 25.0163269 1.0 0.0 0.0 0.0 0.0 0.0 0.0 0.0
63.66674374 25.0163269 1.0 0.0 0.0 0.0 0.0 0.0 0.0 0.0
68.66674374 25.0163269 1.0 0.0 0.0 0.0 0.0 0.0 0.0 0.0
73.66674374 25.0163269 1.0 0.0 0.0 0.0 0.0 0.0 0.0 0.0
78.66674374 25.0163269 1.0 0.0 0.0 0.0 0.0 0.0 0.0 0.0
83.66674374 25.0163269 1.0 0.0 0.0 0.0 0.0 0.0 0.0 0.0
88.66674374 25.0163269 1.0 0.0 0.0 0.0 0.0 0.0 0.0 0.0
93.66674374 25.0163269 0.0 0.0 0.0 0.0 0.0 0.0 0.0 1.0
98.66674374 20.0163269 0.0 0.0 0.0 0.0 0.0 1.0 0.0 0.0
