99.65532166 48.38364462 0.0 0.0 0.0 0.0 0.0 0.0 1.0 0.0
99.65532166 43.38364462 0.0 0.0 0.0 0.0 0.0 0.0 1.0 0.0
99.65532166 38.38364462 0.0 0.0 0.0 0.0 0.0 0.0 1.0 0.0
99.65532166 33.38364462 0.0 0.0 0.0 0.0 0.0 1.0 0.0 0.0
94.65532166 28.38364462 0.0 0.0 0.0 0.0 0.0 1.0 0.0 0.0
89.65532166 23.38364462 0.0 0.0 0.0 0.0 0.0 1.0 0.0 0.0
84.65532166 18.38364462 0.0 0.0 0.0 0.0 1.0 0.0 0.0 0.0
79.65532166 18.38364462 0.0 0.0 0.0 0.0 0.0 1.0 0.0 0.0
74.65532166 13.38364462 0.0 0.0 0.0 0.0 1.0 0.0 0.0 0.0
69.65532166 13.38364462 0.0 0.0 0.0 0.0 1.0 0.0 0.0 0.0
64.65532166 13.38364462 0.0 0.0 0.0 0.0 1.0 0.0 0.0 0.0
59.65532166 13.38364462 0.0 0.0 0.0 0.0 1.0 0.0 0.0 0.0
54.65532166 13.38364462 0.0 0.0 0.0 0.0 1.0 0.0 0.0 0.0
49.65532166 13.38364462 0.0 0.0 0.0 0.0 1.0 0.0 0.0 0.0
44.65532166 13.38364462 0.0 0.0 0.0 0.0 1.0 0.0 0.0 0.0
39.65532166 13.38364462 0.0 0.0 0.0 0.0 1.0 0.0 0.0 0.0
34.65532166 13.38364462 0.0 0.0 0.0 0.0 1.0 0.0 0.0 0.0
29.65532166 13.38364462 0.0 0.0 0.0 0.0 1.0 0.0 0.0 0.0
24.65532166 13.38364462 0.0 0.0 0.0 0.0 1.0 0.0 0.0 0.0
19.65532166 13.38364462 0.0 0.0 0.0 1.0 0.0 0.0 0.0 0.0
14.65532166 18.38364462 0.0 0.0 0.0 0.0 1.0 0.0 0.0 0.0
9.65532166 18.38364462 0.0 0.0 0.0 1.0 0.0 0.0 0.0 0.0
