80.81052344 70.88060964 0.0 0.0 0.0 0.0 1.0 0.0 0.0 0.0
75.81052344 70.88060964 0.0 0.0 0.0 0.0 1.0 0.0 0.0 0.0
70.81052344 70.88060964 0.0 0.0 0.0 1.0 0.0 0.0 0.0 0.0
65.81052344 75.88060964 0.0 0.0 0.0 1.0 0.0 0.0 0.0 0.0
60.81052344 80.88060964 0.0 0.0 0.0 1.0 0.0 0.0 0.0 0.0
55.81052344 85.88060964 0.0 0.0 0.0 0.0 1.0 0.0 0.0 0.0
50.81052344 85.88060964 0.0 0.0 0.0 0.0 1.0 0.0 0.0 0.0
45.81052344 85.88060964 0.0 0.0 0.0 0.0 1.0 0.0 0.0 0.0
40.81052344 85.88060964 0.0 0.0 0.0 0.0 1.0 0.0 0.0 0.0
35.81052344 85.88060964 0.0 0.0 0.0 0.0 1.0 0.0 0.0 0.0
30.81052344 85.88060964 0.0 0.0 0.0 0.0 0.0 1.0 0.0 0.0
25.81052344 80.88060964 0.0 0.0 0.0 0.0 1.0 0.0 0.0 0.0
20.81052344 80.88060964 0.0 0.0 0.0 0.0 0.0 1.0 0.0 0.0
15.81052344 75.88060964 0.0 0.0 0.0 0.0 0.0 1.0 0.0 0.0
