72.64987047 97.92163684 0.0 0.0 0.0 0.0 0.0 1.0 0.0 0.0
67.64987047 92.92163684 0.0 0.0 0.0 0.0 1.0 0.0 0.0 0.0
62.64987047 92.92163684 0.0 0.0 0.0 0.0 0.0 1.0 0.0 0.0
57.64987047 87.92163684 0.0 0.0 0.0 0.0 0.0 1.0 0.0 0.0
52.64987047 82.92163684 0.0 0.0 0.0 0.0 0.0 0.0 1.0 0.0
52.64987047 77.92163684 0.0 0.0 0.0 0.0 0.0 0.0 1.0 0.0
52.64987047 72.92163684 0.0 0.0 0.0 0.0 0.0 0.0 1.0 0.0
52.64987047 67.92163684 0.0 0.0 0.0 0.0 0.0 0.0 1.0 0.0
52.64987047 62.92163684 0.0 0.0 0.0 0.0 0.0 0.0 1.0 0.0
52.64987047 57.92163684 0.0 0.0 0.0 0.0 0.0 0.0 1.0 0.0
52.64987047 52.92163684 0.0 0.0 0.0 0.0 0.0 0.0 1.0 0.0
52.64987047 47.92163684 0.0 0.0 0.0 0.0 0.0 0.0 1.0 0.0
52.64987047 42.92163684 0.0 0.0 0.0 0.0 0.0 1.0 0.0 0.0
47.64987047 37.92163684 0.0 0.0 0.0 0.0 0.0 0.0 1.0 0.0
47.64987047 32.92163684 0.0 0.0 0.0 0.0 0.0 1.0 0.0 0.0
42.64987047 27.92163684 0.0 0.0 0.0 0.0 0.0 0.0 1.0 0.0
42.64987047 22.92163684 0.0 0.0 0.0 0.0 0.0 1.0 0.0 0.0
37.64987047 17.92163684 0.0 0.0 0.0 0.0 0.0 1.0 0.0 0.0
32.64987047 12.92163684 0.0 0.0 0.0 0.0 0.0 0.0 0.0 1.0
