83.30640424 9.75597287 0.0 0.0 1.0 0.0 0.0 0.0 0.0 0.0
83.30640424 14.75597287 0.0 0.0 1.0 0.0 0.0 0.0 0.0 0.0
83.30640424 19.75597287 0.0 0.0 1.0 0.0 0.0 0.0 0.0 0.0
83.30640424 24.75597287 0.0 0.0 1.0 0.0 0.0 0.0 0.0 0.0
83.30640424 29.75597287 0.0 0.0 1.0 0.0 0.0 0.0 0.0 0.0
83.30640424 34.75597287 0.0 0.0 0.0 1.0 0.0 0.0 0.0 0.0
78.30640424 39.75597287 0.0 0.0 1.0 0.0 0.0 0.0 0.0 0.0
78.30640424 44.75597287 0.0 0.0 0.0 1.0 0.0 0.0 0.0 0.0
73.30640424 49.75597287 0.0 0.0 1.0 0.0 0.0 0.0 0.0 0.0
73.30640424 54.75597287 0.0 0.0 0.0 1.0 0.0 0.0 0.0 0.0
68.30640424 59.75597287 0.0 0.0 1.0 0.0 0.0 0.0 0.0 0.0
68.30640424 64.75597287 0.0 0.0 0.0 1.0 0.0 0.0 0.0 0.0
63.30640424 69.75597287 0.0 0.0 1.0 0.0 0.0 0.0 0.0 0.0
63.30640424 74.75597287 0.0 0.0 1.0 0.0 0.0 0.0 0.0 0.0
63.30640424 79.75597287 0.0 0.0 0.0 1.0 0.0 0.0 0.0 0.0
58.30640424 84.75597287 0.0 0.0 1.0 0.0 0.0 0.0 0.0 0.0
58.30640424 89.75597287 0.0 0.0 0.0 1.0 0.0 0.0 0.0 0.0
53.30640424 94.75597287 0.0 0.0 0.0 1.0 0.0 0.0 0.0 0.0
