18.5401003 95.67303625 0.0 0.0 0.0 0.0 0.0 0.0 1.0 0.0
18.5401003 90.67303625 0.0 0.0 0.0 0.0 0.0 0.0 1.0 0.0
18.5401003 85.67303625 0.0 0.0 0.0 0.0 0.0 0.0 1.0 0.0
18.5401003 80.67303625 0.0 0.0 0.0 0.0 0.0 0.0 1.0 0.0
18.5401003 75.67303625 0.0 0.0 0.0 0.0 0.0 0.0 1.0 0.0
18.5401003 70.67303625 0.0 0.0 0.0 0.0 0.0 0.0 0.0 1.0
23.5401003 65.67303625 0.0 0.0 0.0 0.0 0.0 0.0 0.0 1.0
28.5401003 60.67303625 0.0 0.0 0.0 0.0 0.0 0.0 0.0 1.0
33.5401003 55.67303625 0.0 0.0 0.0 0.0 0.0 0.0 0.0 1.0
38.5401003 50.67303625 0.0 0.0 0.0 0.0 0.0 0.0 1.0 0.0
38.5401003 45.67303625 0.0 0.0 0.0 0.0 0.0 0.0 1.0 0.0
38.5401003 40.67303625 0.0 0.0 0.0 0.0 0.0 0.0 1.0 0.0
38.5401003 35.67303625 0.0 0.0 0.0 0.0 0.0 1.0 0.0 0.0
33.5401003 30.67303625 0.0 0.0 0.0 0.0 0.0 0.0 1.0 0.0
33.5401003 25.67303625 0.0 0.0 0.0 0.0 0.0 1.0 0.0 0.0
28.5401003 20.67303625 0.0 0.0 0.0 0.0 0.0 1.0 0.0 0.0
