60.94902133 90.25355135 0.0 0.0 0.0 0.0 0.0 0.0 0.0 1.0
65.94902133 85.25355135 0.0 0.0 0.0 0.0 0.0 0.0 0.0 1.0
70.94902133 80.25355135 0.0 0.0 0.0 0.0 0.0 0.0 1.0 0.0
70.94902133 75.25355135 0.0 0.0 0.0 0.0 0.0 0.0 1.0 0.0
70.94902133 70.25355135 0.0 0.0 0.0 0.0 0.0 0.0 1.0 0.0
70.94902133 65.25355135 0.0 0.0 0.0 0.0 0.0 0.0 1.0 0.0
70.94902133 60.25355135 0.0 0.0 0.0 0.0 0.0 0.0 1.0 0.0
70.94902133 55.25355135 0.0 0.0 0.0 0.0 0.0 0.0 1.0 0.0
70.94902133 50.25355135 0.0 0.0 0.0 0.0 0.0 0.0 1.0 0.0
70.94902133 45.25355135 0.0 0.0 0.0 0.0 0.0 1.0 0.0 0.0
65.94902133 40.25355135 0.0 0.0 0.0 0.0 0.0 0.0 0.0 1.0
70.94902133 35.25355135 0.0 0.0 0.0 0.0 0.0 0.0 1.0 0.0
70.94902133 30.25355135 0.0 0.0 0.0 0.0 0.0 0.0 0.0 1.0
75.94902133 25.25355135 0.0 0.0 0.0 0.0 0.0 0.0 0.0 1.0
80.94902133 20.25355135 0.0 0.0 0.0 0.0 0.0 0.0 1.0 0.0
80.94902133 15.25355135 0.0 0.0 0.0 0.0 0.0 0.0 0.0 1.0
85.94902133 10.25355135 0.0 0.0 0.0 0.0 0.0 0.0 1.0 0.0
85.94902133 5.25355135 0.0 0.0 0.0 0.0 0.0 0.0 0.0 1.0
