12.25707085 49.77461684 1.0 0.0 0.0 0.0 0.0 0.0 0.0 0.0
17.25707085 49.77461684 1.0 0.0 0.0 0.0 0.0 0.0 0.0 0.0
22.25707085 49.77461684 1.0 0.0 0.0 0.0 0.0 0.0 0.0 0.0
27.25707085 49.77461684 1.0 0.0 0.0 0.0 0.0 0.0 0.0 0.0
32.25707085 49.77461684 1.0 0.0 0.0 0.0 0.0 0.0 0.0 0.0
37.25707085 49.77461684 1.0 0.0 0.0 0.0 0.0 0.0 0.0 0.0
42.25707085 49.77461684 1.0 0.0 0.0 0.0 0.0 0.0 0.0 0.0
47.25707085 49.77461684 1.0 0.0 0.0 0.0 0.0 0.0 0.0 0.0
52.25707085 49.77461684 1.0 0.0 0.0 0.0 0.0 0.0 0.0 0.0
57.25707085 49.77461684 0.0 1.0 0.0 0.0 0.0 0.0 0.0 0.0
62.25707085 54.77461684 0.0 1.0 0.0 0.0 0.0 0.0 0.0 0.0
67.25707085 59.77461684 0.0 1.0 0.0 0.0 0.0 0.0 0.0 0.0
72.25707085 64.77461684 0.0 1.0 0.0 0.0 0.0 0.0 0.0 0.0
77.25707085 69.77461684 0.0 0.0 0.0 1.0 0.0 0.0 0.0 0.0
