60.03197597 4.67227423 0.0 1.0 0.0 0.0 0.0 0.0 0.0 0.0
65.03197597 9.67227423 0.0 0.0 1.0 0.0 0.0 0.0 0.0 0.0
65.03197597 14.67227423 0.0 0.0 1.0 0.0 0.0 0.0 0.0 0.0
65.03197597 19.67227423 0.0 0.0 1.0 0.0 0.0 0.0 0.0 0.0
65.03197597 24.67227423 0.0 0.0 0.0 1.0 0.0 0.0 0.0 0.0
60.03197597 29.67227423 0.0 0.0 0.0 1.0 0.0 0.0 0.0 0.0
55.03197597 34.67227423 0.0 0.0 0.0 1.0 0.0 0.0 0.0 0.0
50.03197597 39.67227423 0.0 0.0 0.0 1.0 0.0 0.0 0.0 0.0
45.03197597 44.67227423 0.0 0.0 1.0 0.0 0.0 0.0 0.0 0.0
45.03197597 49.67227423 0.0 0.0 1.0 0.0 0.0 0.0 0.0 0.0
45.03197597 54.67227423 0.0 0.0 1.0 0.0 0.0 0.0 0.0 0.0
45.03197597 59.67227423 0.0 1.0 0.0 0.0 0.0 0.0 0.0 0.0
50.03197597 64.67227423 0.0 0.0 1.0 0.0 0.0 0.0 0.0 0.0
50.03197597 69.67227423 0.0 0.0 1.0 0.0 0.0 0.0 0.0 0.0
50.03197597 74.67227423 0.0 0.0 1.0 0.0 0.0 0.0 0.0 0.0
50.03197597 79.67227423 0.0 0.0 1.0 0.0 0.0 0.0 0.0 0.0
50.03197597 84.67227423 0.0 0.0 1.0 0.0 0.0 0.0 0.0 0.0
50.03197597 89.67227423 0.0 0.0 1.0 0.0 0.0 0.0 0.0 0.0
50.03197597 94.67227423 0.0 0.0 0.0 1.0 0.0 0.0 0.0 0.0
