16.15761622 9.14026034 1.0 0.0 0.0 0.0 0.0 0.0 0.0 0.0
21.15761622 9.14026034 1.0 0.0 0.0 0.0 0.0 0.0 0.0 0.0
26.15761622 9.14026034 1.0 0.0 0.0 0.0 0.0 0.0 0.0 0.0
31.15761622 9.14026034 1.0 0.0 0.0 0.0 0.0 0.0 0.0 0.0
36.15761622 9.14026034 1.0 0.0 0.0 0.0 0.0 0.0 0.0 0.0
41.15761622 9.14026034 1.0 0.0 0.0 0.0 0.0 0.0 0.0 0.0
46.15761622 9.14026034 1.0 0.0 0.0 0.0 0.0 0.0 0.0 0.0
51.15761622 9.14026034 1.0 0.0 0.0 0.0 0.0 0.0 0.0 0.0
56.15761622 9.14026034 0.0 0.0 0.0 0.0 0.0 0.0 0.0 1.0
61.15761622 4.14026034 1.0 0.0 0.0 0.0 0.0 0.0 0.0 0.0
66.15761622 4.14026034 1.0 0.0 0.0 0.0 0.0 0.0 0.0 0.0
71.15761622 4.14026034 1.0 0.0 0.0 0.0 0.0 0.0 0.0 0.0
76.15761622 4.14026034 0.0 1.0 0.0 0.0 0.0 0.0 0.0 0.0
81.15761622 9.14026034 0.0 1.0 0.0 0.0 0.0 0.0 0.0 0.0
86.15761622 14.14026034 0.0 1.0 0.0 0.0 0.0 0.0 0.0 0.0
91.15761622 19.14026034 0.0 1.0 0.0 0.0 0.0 0.0 0.0 0.0
