37.68821095 97.39715354 0.0 0.0 0.0 0.0 0.0 0.0 1.0 0.0
37.68821095 92.39715354 0.0 0.0 0.0 0.0 0.0 0.0 1.0 0.0
37.68821095 87.39715354 0.0 0.0 0.0 0.0 0.0 0.0 1.0 0.0
37.68821095 82.39715354 0.0 0.0 0.0 0.0 0.0 0.0 1.0 0.0
37.68821095 77.39715354 0.0 0.0 0.0 0.0 0.0 0.0 1.0 0.0
37.68821095 72.39715354 0.0 0.0 0.0 0.0 0.0 0.0 1.0 0.0
37.68821095 67.39715354 0.0 0.0 0.0 0.0 0.0 0.0 1.0 0.0
37.68821095 62.39715354 0.0 0.0 0.0 0.0 0.0 0.0 1.0 0.0
37.68821095 57.39715354 0.0 0.0 0.0 0.0 0.0 0.0 1.0 0.0
37.68821095 52.39715354 0.0 0.0 0.0 0.0 0.0 0.0 1.0 0.0
37.68821095 47.39715354 0.0 0.0 0.0 0.0 0.0 0.0 1.0 0.0
37.68821095 42.39715354 0.0 0.0 0.0 0.0 0.0 0.0 1.0 0.0
37.68821095 37.39715354 0.0 0.0 0.0 0.0 0.0 0.0 1.0 0.0
37.68821095 32.39715354 0.0 0.0 0.0 0.0 0.0 0.0 1.0 0.0
37.68821095 27.39715354 0.0 0.0 0.0 0.0 0.0 0.0 1.0 0.0
37.68821095 22.39715354 0.0 0.0 0.0 0.0 0.0 1.0 0.0 0.0
32.68821095 17.39715354 0.0 0.0 0.0 0.0 0.0 0.0 1.0 0.0
32.68821095 12.39715354 0.0 0.0 0.0 0.0 0.0 1.0 0.0 0.0
27.68821095 7.39715354 0.0 0.0 0.0 0.0 0.0 1.0 0.0 0.0
