17.68534934 14.57716437 0.0 1.0 0.0 0.0 0.0 0.0 0.0 0.0
22.68534934 19.57716437 0.0 1.0 0.0 0.0 0.0 0.0 0.0 0.0
27.68534934 24.57716437 0.0 1.0 0.0 0.0 0.0 0.0 0.0 0.0
32.68534934 29.57716437 0.0 0.0 1.0 0.0 0.0 0.0 0.0 0.0
32.68534934 34.57716437 0.0 1.0 0.0 0.0 0.0 0.0 0.0 0.0
37.68534934 39.57716437 0.0 1.0 0.0 0.0 0.0 0.0 0.0 0.0
42.68534934 44.57716437 0.0 1.0 0.0 0.0 0.0 0.0 0.0 0.0
47.68534934 49.57716437 0.0 1.0 0.0 0.0 0.0 0.0 0.0 0.0
52.68534934 54.57716437 0.0 1.0 0.0 0.0 0.0 0.0 0.0 0.0
57.68534934 59.57716437 0.0 1.0 0.0 0.0 0.0 0.0 0.0 0.0
62.68534934 64.57716437 0.0 1.0 0.0 0.0 0.0 0.0 0.0 0.0
67.68534934 69.57716437 0.0 1.0 0.0 0.0 0.0 0.0 0.0 0.0
72.68534934 74.57716437 0.0 0.0 0.0 0.0 0.0 0.0 0.0 1.0
