0.40958384 43.98069193 1.0 0.0 0.0 0.0 0.0 0.0 0.0 0.0
5.40958384 43.98069193 0.0 0.0 0.0 0.0 0.0 0.0 0.0 1.0
10.40958384 38.98069193 1.0 0.0 0.0 0.0 0.0 0.0 0.0 0.0
15.40958384 38.98069193 1.0 0.0 0.0 0.0 0.0 0.0 0.0 0.0
20.40958384 38.98069193 1.0 0.0 0.0 0.0 0.0 0.0 0.0 0.0
25.40958384 38.98069193 1.0 0.0 0.0 0.0 0.0 0.0 0.0 0.0
30.40958384 38.98069193 1.0 0.0 0.0 0.0 0.0 0.0 0.0 0.0
35.40958384 38.98069193 1.0 0.0 0.0 0.0 0.0 0.0 0.0 0.0
40.40958384 38.98069193 1.0 0.0 0.0 0.0 0.0 0.0 0.0 0.0
45.40958384 38.98069193 1.0 0.0 0.0 0.0 0.0 0.0 0.0 0.0
50.40958384 38.98069193 1.0 0.0 0.0 0.0 0.0 0.0 0.0 0.0
55.40958384 38.98069193 1.0 0.0 0.0 0.0 0.0 0.0 0.0 0.0
60.40958384 38.98069193 1.0 0.0 0.0 0.0 0.0 0.0 0.0 0.0
65.40958384 38.98069193 1.0 0.0 0.0 0.0 0.0 0.0 0.0 0.0
70.40958384 38.98069193 1.0 0.0 0.0 0.0 0.0 0.0 0.0 0.0
75.40958384 38.98069193 1.0 0.0 0.0 0.0 0.0 0.0 0.0 0.0
80.40958384 38.98069193 1.0 0.0 0.0 0.0 0.0 0.0 0.0 0.0
85.40958384 38.98069193 1.0 0.0 0.0 0.0 0.0 0.0 0.0 0.0
90.40958384 38.98069193 0.0 1.0 0.0 0.0 0.0 0.0 0.0 0.0
