94.00044237 28.34160436 0.0 0.0 0.0 0.0 1.0 0.0 0.0 0.0
89.00044237 28.34160436 0.0 0.0 0.0 0.0 1.0 0.0 0.0 0.0
84.00044237 28.34160436 0.0 0.0 0.0 0.0 1.0 0.0 0.0 0.0
79.00044237 28.34160436 0.0 0.0 0.0 0.0 1.0 0.0 0.0 0.0
74.00044237 28.34160436 0.0 0.0 0.0 0.0 1.0 0.0 0.0 0.0
69.00044237 28.34160436 0.0 0.0 0.0 0.0 1.0 0.0 0.0 0.0
64.00044237 28.34160436 0.0 0.0 0.0 0.0 1.0 0.0 0.0 0.0
59.00044237 28.34160436 0.0 0.0 0.0 0.0 1.0 0.0 0.0 0.0
54.00044237 28.34160436 0.0 0.0 0.0 1.0 0.0 0.0 0.0 0.0
49.00044237 33.34160436 0.0 0.0 0.0 0.0 1.0 0.0 0.0 0.0
44.00044237 33.34160436 0.0 0.0 0.0 0.0 1.0 0.0 0.0 0.0
39.00044237 33.34160436 0.0 0.0 0.0 0.0 1.0 0.0 0.0 0.0
34.00044237 33.34160436 0.0 0.0 0.0 1.0 0.0 0.0 0.0 0.0
29.00044237 38.34160436 0.0 0.0 0.0 1.0 0.0 0.0 0.0 0.0
24.00044237 43.34160436 0.0 0.0 0.0 1.0 0.0 0.0 0.0 0.0
19.00044237 48.34160436 0.0 0.0 0.0 0.0 1.0 0.0 0.0 0.0
14.00044237 48.34160436 0.0 0.0 0.0 0.0 1.0 0.0 0.0 0.0
9.00044237 48.34160436 0.0 0.0 0.0 0.0 0.0 1.0 0.0 0.0
4.00044237 43.34160436 0.0 0.0 0.0 0.0 0.0 1.0 0.0 0.0
