11.66232601 17.37213066 0.0 1.0 0.0 0.0 0.0 0.0 0.0 0.0
16.66232601 22.37213066 1.0 0.0 0.0 0.0 0.0 0.0 0.0 0.0
21.66232601 22.37213066 0.0 1.0 0.0 0.0 0.0 0.0 0.0 0.0
26.66232601 27.37213066 1.0 0.0 0.0 0.0 0.0 0.0 0.0 0.0
31.66232601 27.37213066 1.0 0.0 0.0 0.0 0.0 0.0 0.0 0.0
36.66232601 27.37213066 1.0 0.0 0.0 0.0 0.0 0.0 0.0 0.0
41.66232601 27.37213066 1.0 0.0 0.0 0.0 0.0 0.0 0.0 0.0
46.66232601 27.37213066 1.0 0.0 0.0 0.0 0.0 0.0 0.0 0.0
51.66232601 27.37213066 1.0 0.0 0.0 0.0 0.0 0.0 0.0 0.0
56.66232601 27.37213066 1.0 0.0 0.0 0.0 0.0 0.0 0.0 0.0
61.66232601 27.37213066 0.0 1.0 0.0 0.0 0.0 0.0 0.0 0.0
66.66232601 32.37213066 1.0 0.0 0.0 0.0 0.0 0.0 0.0 0.0
71.66232601 32.37213066 0.0 1.0 0.0 0.0 0.0 0.0 0.0 0.0
76.66232601 37.37213066 1.0 0.0 0.0 0.0 0.0 0.0 0.0 0.0
81.66232601 37.37213066 1.0 0.0 0.0 0.0 0.0 0.0 0.0 0.0
86.66232601 37.37213066 0.0 0.0 0.0 0.0 0.0 0.0 0.0 1.0
91.66232601 32.37213066 0.0 0.0 0.0 0.0 0.0 0.0 0.0 1.0
96.66232601 27.37213066 0.0 0.0 0.0 0.0 0.0 0.0 0.0 1.0
