67.40830474 7.14768293 0.0 0.0 0.0 0.0 0.0 1.0 0.0 0.0
62.40830474 2.14768293 0.0 0.0 0.0 1.0 0.0 0.0 0.0 0.0
57.40830474 7.14768293 0.0 0.0 0.0 0.0 1.0 0.0 0.0 0.0
52.40830474 7.14768293 0.0 0.0 0.0 1.0 0.0 0.0 0.0 0.0
47.40830474 12.14768293 0.0 0.0 1.0 0.0 0.0 0.0 0.0 0.0
47.40830474 17.14768293 0.0 0.0 1.0 0.0 0.0 0.0 0.0 0.0
47.40830474 22.14768293 0.0 0.0 1.0 0.0 0.0 0.0 0.0 0.0
47.40830474 27.14768293 0.0 0.0 1.0 0.0 0.0 0.0 0.0 0.0
47.40830474 32.14768293 0.0 0.0 1.0 0.0 0.0 0.0 0.0 0.0
47.40830474 37.14768293 0.0 0.0 1.0 0.0 0.0 0.0 0.0 0.0
47.40830474 42.14768293 0.0 0.0 0.0 1.0 0.0 0.0 0.0 0.0
42.40830474 47.14768293 0.0 0.0 0.0 1.0 0.0 0.0 0.0 0.0
37.40830474 52.14768293 0.0 0.0 0.0 1.0 0.0 0.0 0.0 0.0
32.40830474 57.14768293 0.0 0.0 1.0 0.0 0.0 0.0 0.0 0.0
32.40830474 62.14768293 0.0 0.0 1.0 0.0 0.0 0.0 0.0 0.0
32.40830474 67.14768293 0.0 0.0 1.0 0.0 0.0 0.0 0.0 0.0
32.40830474 72.14768293 0.0 0.0 1.0 0.0 0.0 0.0 0.0 0.0
32.40830474 77.14768293 0.0 0.0 1.0 0.0 0.0 0.0 0.0 0.0
32.40830474 82.14768293 0.0 1.0 0.0 0.0 0.0 0.0 0.0 0.0
