6.56516059 19.78320979 1.0 0.0 0.0 0.0 0.0 0.0 0.0 0.0
11.56516059 19.78320979 1.0 0.0 0.0 0.0 0.0 0.0 0.0 0.0
16.56516059 19.78320979 1.0 0.0 0.0 0.0 0.0 0.0 0.0 0.0
21.56516059 19.78320979 0.0 0.0 0.0 0.0 0.0 0.0 0.0 1.0
26.56516059 14.78320979 0.0 0.0 0.0 0.0 0.0 0.0 0.0 1.0
31.56516059 9.78320979 0.0 0.0 0.0 0.0 0.0 0.0 0.0 1.0
36.56516059 4.78320979 1.0 0.0 0.0 0.0 0.0 0.0 0.0 0.0
41.56516059 4.78320979 0.0 1.0 0.0 0.0 0.0 0.0 0.0 0.0
46.56516059 9.78320979 1.0 0.0 0.0 0.0 0.0 0.0 0.0 0.0
51.56516059 9.78320979 0.0 1.0 0.0 0.0 0.0 0.0 0.0 0.0
56.56516059 14.78320979 0.0 0.0 1.0 0.0 0.0 0.0 0.0 0.0
56.56516059 19.78320979 0.0 1.0 0.0 0.0 0.0 0.0 0.0 0.0
61.56516059 24.78320979 0.0 0.0 1.0 0.0 0.0 0.0 0.0 0.0
61.56516059 29.78320979 0.0 0.0 1.0 0.0 0.0 0.0 0.0 0.0
61.56516059 34.78320979 0.0 0.0 1.0 0.0 0.0 0.0 0.0 0.0
61.56516059 39.78320979 0.0 0.0 1.0 0.0 0.0 0.0 0.0 0.0
61.56516059 44.78320979 0.0 1.0 0.0 0.0 0.0 0.0 0.0 0.0
66.56516059 49.78320979 0.0 0.0 1.0 0.0 0.0 0.0 0.0 0.0
66.56516059 54.78320979 0.0 1.0 0.0 0.0 0.0 0.0 0.0 0.0
71.56516059 59.78320979 0.0 1.0 0.0 0.0 0.0 0.0 0.0 0.0
76.56516059 64.78320979 0.0 1.0 0.0 0.0 0.0 0.0 0.0 0.0
81.56516059 69.78320979 0.0 1.0 0.0 0.0 0.0 0.0 0.0 0.0
86.56516059 74.78320979 0.0 0.0 0.0 1.0 0.0 0.0 0.0 0.0
