10.19200096 1.15253097 0.0 0.0 0.0 1.0 0.0 0.0 0.0 0.0
5.19200096 6.15253097 0.0 0.0 0.0 1.0 0.0 0.0 0.0 0.0
0.19200096 11.15253097 0.0 1.0 0.0 0.0 0.0 0.0 0.0 0.0
5.19200096 16.15253097 0.0 0.0 1.0 0.0 0.0 0.0 0.0 0.0
5.19200096 21.15253097 0.0 1.0 0.0 0.0 0.0 0.0 0.0 0.0
10.19200096 26.15253097 1.0 0.0 0.0 0.0 0.0 0.0 0.0 0.0
15.19200096 26.15253097 1.0 0.0 0.0 0.0 0.0 0.0 0.0 0.0
20.19200096 26.15253097 1.0 0.0 0.0 0.0 0.0 0.0 0.0 0.0
25.19200096 26.15253097 1.0 0.0 0.0 0.0 0.0 0.0 0.0 0.0
30.19200096 26.15253097 1.0 0.0 0.0 0.0 0.0 0.0 0.0 0.0
35.19200096 26.15253097 1.0 0.0 0.0 0.0 0.0 0.0 0.0 0.0
40.19200096 26.15253097 0.0 1.0 0.0 0.0 0.0 0.0 0.0 0.0
45.19200096 31.15253097 0.0 1.0 0.0 0.0 0.0 0.0 0.0 0.0
50.19200096 36.15253097 0.0 1.0 0.0 0.0 0.0 0.0 0.0 0.0
55.19200096 41.15253097 0.0 1.0 0.0 0.0 0.0 0.0 0.0 0.0
60.19200096 46.15253097 1.0 0.0 0.0 0.0 0.0 0.0 0.0 0.0
65.19200096 46.15253097 1.0 0.0 0.0 0.0 0.0 0.0 0.0 0.0
70.19200096 46.15253097 1.0 0.0 0.0 0.0 0.0 0.0 0.0 0.0
75.19200096 46.15253097 0.0 1.0 0.0 0.0 0.0 0.0 0.0 0.0
80.19200096 51.15253097 0.0 1.0 0.0 0.0 0.0 0.0 0.0 0.0
85.19200096 56.15253097 0.0 0.0 1.0 0.0 0.0 0.0 0.0 0.0
85.19200096 61.15253097 0.0 1.0 0.0 0.0 0.0 0.0 0.0 0.0
90.19200096 66.15253097 0.0 1.0 0.0 0.0 0.0 0.0 0.0 0.0
