87.91408315 18.4813399 0.0 0.0 0.0 0.0 0.0 0.0 1.0 0.0
87.91408315 13.4813399 0.0 0.0 0.0 0.0 0.0 1.0 0.0 0.0
82.91408315 8.4813399 0.0 0.0 0.0 0.0 1.0 0.0 0.0 0.0
77.91408315 8.4813399 0.0 0.0 0.0 0.0 0.0 1.0 0.0 0.0
72.91408315 3.4813399 0.0 0.0 0.0 0.0 1.0 0.0 0.0 0.0
67.91408315 3.4813399 0.0 0.0 0.0 1.0 0.0 0.0 0.0 0.0
62.91408315 8.4813399 0.0 0.0 0.0 1.0 0.0 0.0 0.0 0.0
57.91408315 13.4813399 0.0 0.0 0.0 1.0 0.0 0.0 0.0 0.0
52.91408315 18.4813399 0.0 0.0 1.0 0.0 0.0 0.0 0.0 0.0
52.91408315 23.4813399 0.0 0.0 1.0 0.0 0.0 0.0 0.0 0.0
52.91408315 28.4813399 0.0 0.0 1.0 0.0 0.0 0.0 0.0 0.0
52.91408315 33.4813399 0.0 0.0 1.0 0.0 0.0 0.0 0.0 0.0
52.91408315 38.4813399 0.0 0.0 1.0 0.0 0.0 0.0 0.0 0.0
52.91408315 43.4813399 0.0 1.0 0.0 0.0 0.0 0.0 0.0 0.0
57.91408315 48.4813399 0.0 0.0 1.0 0.0 0.0 0.0 0.0 0.0
57.91408315 53.4813399 0.0 1.0 0.0 0.0 0.0 0.0 0.0 0.0
62.91408315 58.4813399 0.0 0.0 1.0 0.0 0.0 0.0 0.0 0.0
62.91408315 63.4813399 0.0 0.0 1.0 0.0 0.0 0.0 0.0 0.0
62.91408315 68.4813399 0.0 1.0 0.0 0.0 0.0 0.0 0.0 0.0
67.91408315 73.4813399 0.0 0.0 1.0 0.0 0.0 0.0 0.0 0.0
67.91408315 78.4813399 0.0 1.0 0.0 0.0 0.0 0.0 0.0 0.0
72.91408315 83.4813399 0.0 0.0 1.0 0.0 0.0 0.0 0.0 0.0
72.91408315 88.4813399 0.0 0.0 1.0 0.0 0.0 0.0 0.0 0.0
72.91408315 93.4813399 0.0 1.0 0.0 0.0 0.0 0.0 0.0 0.0
77.91408315 98.4813399 0.0 0.0 0.0 0.0 0.0 0.0 0.0 1.0
