78.73396081 99.99219906 0.0 0.0 0.0 0.0 1.0 0.0 0.0 0.0
73.73396081 99.99219906 0.0 0.0 0.0 0.0 1.0 0.0 0.0 0.0
68.73396081 99.99219906 0.0 0.0 0.0 0.0 1.0 0.0 0.0 0.0
63.73396081 99.99219906 0.0 0.0 0.0 0.0 1.0 0.0 0.0 0.0
58.73396081 99.99219906 0.0 0.0 0.0 0.0 1.0 0.0 0.0 0.0
53.73396081 99.99219906 0.0 0.0 0.0 0.0 1.0 0.0 0.0 0.0
48.73396081 99.99219906 0.0 0.0 0.0 0.0 0.0 1.0 0.0 0.0
43.73396081 94.99219906 0.0 0.0 0.0 0.0 0.0 1.0 0.0 0.0
38.73396081 89.99219906 0.0 0.0 0.0 0.0 0.0 1.0 0.0 0.0
33.73396081 84.99219906 0.0 0.0 0.0 0.0 0.0 1.0 0.0 0.0
28.73396081 79.99219906 0.0 0.0 0.0 0.0 0.0 1.0 0.0 0.0
23.73396081 74.99219906 0.0 0.0 0.0 0.0 0.0 1.0 0.0 0.0
18.73396081 69.99219906 0.0 0.0 0.0 0.0 0.0 0.0 1.0 0.0
18.73396081 64.99219906 0.0 0.0 0.0 0.0 0.0 0.0 1.0 0.0
18.73396081 59.99219906 0.0 0.0 0.0 0.0 0.0 0.0 1.0 0.0
18.73396081 54.99219906 0.0 0.0 0.0 0.0 0.0 0.0 1.0 0.0
18.73396081 49.99219906 0.0 0.0 0.0 0.0 0.0 0.0 1.0 0.0
18.73396081 44.99219906 0.0 0.0 0.0 0.0 0.0 0.0 1.0 0.0
18.73396081 39.99219906 0.0 0.0 0.0 0.0 0.0 1.0 0.0 0.0
13.73396081 34.99219906 0.0 0.0 0.0 0.0 0.0 0.0 1.0 0.0
13.73396081 29.99219906 0.0 0.0 0.0 0.0 0.0 0.0 1.0 0.0
13.73396081 24.99219906 0.0 0.0 0.0 0.0 0.0 1.0 0.0 0.0
8.73396081 19.99219906 0.0 0.0 0.0 0.0 0.0 0.0 1.0 0.0
8.73396081 14.99219906 0.0 0.0 0.0 0.0 0.0 1.0 0.0 0.0
3.73396081 9.99219906 0.0 0.0 0.0 0.0 0.0 0.0 1.0 0.0
3.73396081 4.99219906 0.0 0.0 0.0 0.0 0.0 1.0 0.0 0.0
