50.88639006 84.10053932 0.0 0.0 0.0 0.0 0.0 1.0 0.0 0.0
45.88639006 79.10053932 0.0 0.0 0.0 0.0 0.0 0.0 1.0 0.0
45.88639006 74.10053932 0.0 0.0 0.0 0.0 0.0 0.0 1.0 0.0
45.88639006 69.10053932 0.0 0.0 0.0 0.0 0.0 0.0 1.0 0.0
45.88639006 64.10053932 0.0 0.0 0.0 0.0 0.0 0.0 1.0 0.0
45.88639006 59.10053932 0.0 0.0 0.0 0.0 0.0 0.0 1.0 0.0
45.88639006 54.10053932 0.0 0.0 0.0 0.0 0.0 0.0 1.0 0.0
45.88639006 49.10053932 0.0 0.0 0.0 0.0 0.0 0.0 1.0 0.0
45.88639006 44.10053932 0.0 0.0 0.0 0.0 0.0 1.0 0.0 0.0
40.88639006 39.10053932 0.0 0.0 0.0 0.0 0.0 1.0 0.0 0.0
35.88639006 34.10053932 0.0 0.0 0.0 0.0 0.0 1.0 0.0 0.0
30.88639006 29.10053932 0.0 0.0 0.0 0.0 0.0 1.0 0.0 0.0
25.88639006 24.10053932 0.0 0.0 0.0 0.0 0.0 1.0 0.0 0.0
20.88639006 19.10053932 0.0 0.0 0.0 0.0 0.0 1.0 0.0 0.0
15.88639006 14.10053932 0.0 0.0 0.0 0.0 0.0 1.0 0.0 0.0
