87.65928987 47.88109583 0.0 0.0 0.0 0.0 1.0 0.0 0.0 0.0
82.65928987 47.88109583 0.0 0.0 0.0 0.0 1.0 0.0 0.0 0.0
77.65928987 47.88109583 0.0 0.0 0.0 0.0 1.0 0.0 0.0 0.0
72.65928987 47.88109583 0.0 0.0 0.0 0.0 0.0 1.0 0.0 0.0
67.65928987 42.88109583 0.0 0.0 0.0 0.0 0.0 1.0 0.0 0.0
62.65928987 37.88109583 0.0 0.0 0.0 0.0 0.0 1.0 0.0 0.0
57.65928987 32.88109583 0.0 0.0 0.0 0.0 0.0 1.0 0.0 0.0
52.65928987 27.88109583 0.0 0.0 0.0 0.0 0.0 1.0 0.0 0.0
47.65928987 22.88109583 0.0 0.0 0.0 0.0 0.0 1.0 0.0 0.0
42.65928987 17.88109583 0.0 0.0 0.0 0.0 1.0 0.0 0.0 0.0
37.65928987 17.88109583 0.0 0.0 0.0 0.0 0.0 1.0 0.0 0.0
