94.67764166 89.6129711 0.0 0.0 0.0 0.0 0.0 1.0 0.0 0.0
89.67764166 84.6129711 0.0 0.0 0.0 0.0 0.0 1.0 0.0 0.0
84.67764166 79.6129711 0.0 0.0 0.0 0.0 0.0 1.0 0.0 0.0
79.67764166 74.6129711 0.0 0.0 0.0 0.0 1.0 0.0 0.0 0.0
74.67764166 74.6129711 0.0 0.0 0.0 0.0 1.0 0.0 0.0 0.0
69.67764166 74.6129711 0.0 0.0 0.0 0.0 1.0 0.0 0.0 0.0
64.67764166 74.6129711 0.0 0.0 0.0 0.0 0.0 1.0 0.0 0.0
59.67764166 69.6129711 0.0 0.0 0.0 0.0 0.0 1.0 0.0 0.0
54.67764166 64.6129711 0.0 0.0 0.0 0.0 0.0 1.0 0.0 0.0
49.67764166 59.6129711 0.0 0.0 0.0 0.0 0.0 1.0 0.0 0.0
44.67764166 54.6129711 0.0 0.0 0.0 0.0 0.0 1.0 0.0 0.0
39.67764166 49.6129711 0.0 0.0 0.0 0.0 0.0 1.0 0.0 0.0
34.67764166 44.6129711 0.0 0.0 0.0 0.0 0.0 1.0 0.0 0.0
29.67764166 39.6129711 0.0 0.0 0.0 0.0 0.0 0.0 1.0 0.0
29.67764166 34.6129711 0.0 0.0 0.0 0.0 0.0 1.0 0.0 0.0
24.67764166 29.6129711 0.0 0.0 0.0 0.0 0.0 0.0 1.0 0.0
24.67764166 24.6129711 0.0 0.0 0.0 0.0 0.0 1.0 0.0 0.0
19.67764166 19.6129711 0.0 0.0 0.0 0.0 0.0 0.0 1.0 0.0
19.67764166 14.6129711 0.0 0.0 0.0 0.0 0.0 1.0 0.0 0.0
