21.68297983 19.38935407 0.0 1.0 0.0 0.0 0.0 0.0 0.0 0.0
26.68297983 24.38935407 0.0 1.0 0.0 0.0 0.0 0.0 0.0 0.0
31.68297983 29.38935407 0.0 1.0 0.0 0.0 0.0 0.0 0.0 0.0
36.68297983 34.38935407 0.0 1.0 0.0 0.0 0.0 0.0 0.0 0.0
41.68297983 39.38935407 0.0 1.0 0.0 0.0 0.0 0.0 0.0 0.0
46.68297983 44.38935407 0.0 1.0 0.0 0.0 0.0 0.0 0.0 0.0
51.68297983 49.38935407 0.0 1.0 0.0 0.0 0.0 0.0 0.0 0.0
56.68297983 54.38935407 1.0 0.0 0.0 0.0 0.0 0.0 0.0 0.0
61.68297983 54.38935407 0.0 1.0 0.0 0.0 0.0 0.0 0.0 0.0
66.68297983 59.38935407 1.0 0.0 0.0 0.0 0.0 0.0 0.0 0.0
71.68297983 59.38935407 1.0 0.0 0.0 0.0 0.0 0.0 0.0 0.0
76.68297983 59.38935407 0.0 1.0 0.0 0.0 0.0 0.0 0.0 0.0
81.68297983 64.38935407 0.0 1.0 0.0 0.0 0.0 0.0 0.0 0.0
86.68297983 69.38935407 0.0 1.0 0.0 0.0 0.0 0.0 0.0 0.0
91.68297983 74.38935407 0.0 1.0 0.0 0.0 0.0 0.0 0.0 0.0
96.68297983 79.38935407 0.0 1.0 0.0 0.0 0.0 0.0 0.0 0.0
