82.8532068 21.96030185 0.0 0.0 0.0 1.0 0.0 0.0 0.0 0.0
77.8532068 26.96030185 0.0 0.0 0.0 1.0 0.0 0.0 0.0 0.0
72.8532068 31.96030185 0.0 0.0 0.0 1.0 0.0 0.0 0.0 0.0
67.8532068 36.96030185 0.0 0.0 0.0 1.0 0.0 0.0 0.0 0.0
62.8532068 41.96030185 0.0 0.0 0.0 0.0 1.0 0.0 0.0 0.0
57.8532068 41.96030185 0.0 0.0 0.0 0.0 1.0 0.0 0.0 0.0
52.8532068 41.96030185 0.0 0.0 0.0 0.0 1.0 0.0 0.0 0.0
47.8532068 41.96030185 0.0 0.0 0.0 0.0 1.0 0.0 0.0 0.0
42.8532068 41.96030185 0.0 0.0 0.0 0.0 1.0 0.0 0.0 0.0
37.8532068 41.96030185 0.0 0.0 0.0 0.0 1.0 0.0 0.0 0.0
32.8532068 41.96030185 0.0 0.0 0.0 0.0 1.0 0.0 0.0 0.0
27.8532068 41.96030185 0.0 0.0 0.0 0.0 1.0 0.0 0.0 0.0
22.8532068 41.96030185 0.0 0.0 0.0 1.0 0.0 0.0 0.0 0.0
17.8532068 46.96030185 0.0 0.0 1.0 0.0 0.0 0.0 0.0 0.0
17.8532068 51.96030185 0.0 0.0 0.0 1.0 0.0 0.0 0.0 0.0
12.8532068 56.96030185 0.0 0.0 1.0 0.0 0.0 0.0 0.0 0.0
12.8532068 61.96030185 0.0 1.0 0.0 0.0 0.0 0.0 0.0 0.0
17.8532068 66.96030185 0.0 0.0 1.0 0.0 0.0 0.0 0.0 0.0
17.8532068 71.96030185 0.0 1.0 0.0 0.0 0.0 0.0 0.0 0.0
22.8532068 76.96030185 0.0 1.0 0.0 0.0 0.0 0.0 0.0 0.0
27.8532068 81.96030185 0.0 1.0 0.0 0.0 0.0 0.0 0.0 0.0
32.8532068 86.96030185 1.0 0.0 0.0 0.0 0.0 0.0 0.0 0.0
37.8532068 86.96030185 0.0 1.0 0.0 0.0 0.0 0.0 0.0 0.0
42.8532068 91.96030185 0.0 1.0 0.0 0.0 0.0 0.0 0.0 0.0
47.8532068 96.96030185 1.0 0.0 0.0 0.0 0.0 0.0 0.0 0.0
52.8532068 96.96030185 1.0 0.0 0.0 0.0 0.0 0.0 0.0 0.0
57.8532068 96.96030185 0.0 1.0 0.0 0.0 0.0 0.0 0.0 0.0
