8.99805148 77.26414123 0.0 0.0 0.0 0.0 0.0 0.0 0.0 1.0
13.99805148 72.26414123 0.0 0.0 0.0 0.0 0.0 0.0 0.0 1.0
18.99805148 67.26414123 0.0 0.0 0.0 0.0 0.0 0.0 0.0 1.0
23.99805148 62.26414123 0.0 0.0 0.0 0.0 0.0 0.0 0.0 1.0
28.99805148 57.26414123 0.0 0.0 0.0 0.0 0.0 0.0 1.0 0.0
28.99805148 52.26414123 0.0 0.0 0.0 0.0 0.0 0.0 1.0 0.0
28.99805148 47.26414123 0.0 0.0 0.0 0.0 0.0 0.0 0.0 1.0
33.99805148 42.26414123 0.0 0.0 0.0 0.0 0.0 0.0 1.0 0.0
33.99805148 37.26414123 0.0 0.0 0.0 0.0 0.0 0.0 0.0 1.0
38.99805148 32.26414123 0.0 0.0 0.0 0.0 0.0 0.0 0.0 1.0
43.99805148 27.26414123 1.0 0.0 0.0 0.0 0.0 0.0 0.0 0.0
48.99805148 27.26414123 1.0 0.0 0.0 0.0 0.0 0.0 0.0 0.0
53.99805148 27.26414123 1.0 0.0 0.0 0.0 0.0 0.0 0.0 0.0
58.99805148 27.26414123 1.0 0.0 0.0 0.0 0.0 0.0 0.0 0.0
63.99805148 27.26414123 1.0 0.0 0.0 0.0 0.0 0.0 0.0 0.0
68.99805148 27.26414123 1.0 0.0 0.0 0.0 0.0 0.0 0.0 0.0
73.99805148 27.26414123 1.0 0.0 0.0 0.0 0.0 0.0 0.0 0.0
78.99805148 27.26414123 0.0 0.0 0.0 0.0 0.0 0.0 0.0 1.0
83.99805148 22.26414123 0.0 0.0 0.0 0.0 0.0 0.0 0.0 1.0
88.99805148 17.26414123 0.0 0.0 0.0 0.0 0.0 0.0 1.0 0.0
88.99805148 12.26414123 0.0 0.0 0.0 0.0 0.0 1.0 0.0 0.0
