65.89578267 8.06226195 0.0 0.0 0.0 1.0 0.0 0.0 0.0 0.0
60.89578267 13.06226195 0.0 0.0 0.0 1.0 0.0 0.0 0.0 0.0
55.89578267 18.06226195 0.0 0.0 0.0 1.0 0.0 0.0 0.0 0.0
50.89578267 23.06226195 0.0 0.0 1.0 0.0 0.0 0.0 0.0 0.0
50.89578267 28.06226195 0.0 0.0 0.0 1.0 0.0 0.0 0.0 0.0
45.89578267 33.06226195 0.0 0.0 0.0 1.0 0.0 0.0 0.0 0.0
40.89578267 38.06226195 0.0 0.0 0.0 0.0 1.0 0.0 0.0 0.0
35.89578267 38.06226195 0.0 0.0 0.0 0.0 1.0 0.0 0.0 0.0
30.89578267 38.06226195 0.0 0.0 0.0 0.0 1.0 0.0 0.0 0.0
25.89578267 38.06226195 0.0 0.0 0.0 0.0 1.0 0.0 0.0 0.0
20.89578267 38.06226195 0.0 0.0 0.0 0.0 1.0 0.0 0.0 0.0
15.89578267 38.06226195 0.0 0.0 0.0 0.0 1.0 0.0 0.0 0.0
10.89578267 38.06226195 0.0 0.0 0.0 0.0 1.0 0.0 0.0 0.0
5.89578267 38.06226195 0.0 0.0 0.0 1.0 0.0 0.0 0.0 0.0
