85.52591325 91.41217623 0.0 0.0 0.0 0.0 1.0 0.0 0.0 0.0
80.52591325 91.41217623 0.0 0.0 0.0 0.0 1.0 0.0 0.0 0.0
75.52591325 91.41217623 0.0 0.0 0.0 0.0 1.0 0.0 0.0 0.0
70.52591325 91.41217623 0.0 0.0 0.0 0.0 0.0 1.0 0.0 0.0
65.52591325 86.41217623 0.0 0.0 0.0 0.0 0.0 1.0 0.0 0.0
60.52591325 81.41217623 0.0 0.0 0.0 0.0 0.0 1.0 0.0 0.0
55.52591325 76.41217623 0.0 0.0 0.0 0.0 0.0 1.0 0.0 0.0
50.52591325 71.41217623 0.0 0.0 0.0 0.0 0.0 1.0 0.0 0.0
45.52591325 66.41217623 0.0 0.0 0.0 0.0 0.0 1.0 0.0 0.0
40.52591325 61.41217623 0.0 0.0 0.0 0.0 1.0 0.0 0.0 0.0
35.52591325 61.41217623 0.0 0.0 0.0 0.0 0.0 1.0 0.0 0.0
30.52591325 56.41217623 0.0 0.0 0.0 0.0 1.0 0.0 0.0 0.0
25.52591325 56.41217623 0.0 0.0 0.0 0.0 0.0 1.0 0.0 0.0
20.52591325 51.41217623 0.0 0.0 0.0 0.0 1.0 0.0 0.0 0.0
15.52591325 51.41217623 0.0 0.0 0.0 0.0 1.0 0.0 0.0 0.0
10.52591325 51.41217623 0.0 0.0 0.0 0.0 0.0 1.0 0.0 0.0
5.52591325 46.41217623 0.0 0.0 0.0 0.0 0.0 1.0 0.0 0.0
