67.97938839 99.05093666 0.0 0.0 0.0 0.0 0.0 0.0 1.0 0.0
67.97938839 94.05093666 0.0 0.0 0.0 0.0 0.0 0.0 1.0 0.0
67.97938839 89.05093666 0.0 0.0 0.0 0.0 0.0 0.0 1.0 0.0
67.97938839 84.05093666 0.0 0.0 0.0 0.0 0.0 0.0 1.0 0.0
67.97938839 79.05093666 0.0 0.0 0.0 0.0 0.0 0.0 1.0 0.0
67.97938839 74.05093666 0.0 0.0 0.0 0.0 0.0 0.0 1.0 0.0
67.97938839 69.05093666 0.0 0.0 0.0 0.0 0.0 0.0 1.0 0.0
67.97938839 64.05093666 0.0 0.0 0.0 0.0 0.0 0.0 1.0 0.0
67.97938839 59.05093666 0.0 0.0 0.0 0.0 0.0 0.0 1.0 0.0
67.97938839 54.05093666 0.0 0.0 0.0 0.0 0.0 0.0 1.0 0.0
67.97938839 49.05093666 0.0 0.0 0.0 0.0 0.0 0.0 1.0 0.0
67.97938839 44.05093666 0.0 0.0 0.0 0.0 0.0 1.0 0.0 0.0
62.97938839 39.05093666 0.0 0.0 0.0 0.0 0.0 0.0 1.0 0.0
62.97938839 34.05093666 0.0 0.0 0.0 0.0 0.0 1.0 0.0 0.0
57.97938839 29.05093666 0.0 0.0 0.0 0.0 0.0 0.0 0.0 1.0
62.97938839 24.05093666 0.0 0.0 0.0 0.0 0.0 0.0 1.0 0.0
62.97938839 19.05093666 0.0 0.0 0.0 0.0 0.0 0.0 0.0 1.0
67.97938839 14.05093666 1.0 0.0 0.0 0.0 0.0 0.0 0.0 0.0
72.97938839 14.05093666 1.0 0.0 0.0 0.0 0.0 0.0 0.0 0.0
77.97938839 14.05093666 1.0 0.0 0.0 0.0 0.0 0.0 0.0 0.0
82.97938839 14.05093666 0.0 0.0 0.0 0.0 0.0 0.0 0.0 1.0
