1.04390872 37.39505305 1.0 0.0 0.0 0.0 0.0 0.0 0.0 0.0
6.04390872 37.39505305 0.0 1.0 0.0 0.0 0.0 0.0 0.0 0.0
11.04390872 42.39505305 1.0 0.0 0.0 0.0 0.0 0.0 0.0 0.0
16.04390872 42.39505305 1.0 0.0 0.0 0.0 0.0 0.0 0.0 0.0
21.04390872 42.39505305 1.0 0.0 0.0 0.0 0.0 0.0 0.0 0.0
26.04390872 42.39505305 1.0 0.0 0.0 0.0 0.0 0.0 0.0 0.0
31.04390872 42.39505305 1.0 0.0 0.0 0.0 0.0 0.0 0.0 0.0
36.04390872 42.39505305 1.0 0.0 0.0 0.0 0.0 0.0 0.0 0.0
41.04390872 42.39505305 1.0 0.0 0.0 0.0 0.0 0.0 0.0 0.0
46.04390872 42.39505305 1.0 0.0 0.0 0.0 0.0 0.0 0.0 0.0
51.04390872 42.39505305 1.0 0.0 0.0 0.0 0.0 0.0 0.0 0.0
56.04390872 42.39505305 1.0 0.0 0.0 0.0 0.0 0.0 0.0 0.0
61.04390872 42.39505305 1.0 0.0 0.0 0.0 0.0 0.0 0.0 0.0
66.04390872 42.39505305 1.0 0.0 0.0 0.0 0.0 0.0 0.0 0.0
71.04390872 42.39505305 1.0 0.0 0.0 0.0 0.0 0.0 0.0 0.0
76.04390872 42.39505305 1.0 0.0 0.0 0.0 0.0 0.0 0.0 0.0
81.04390872 42.39505305 1.0 0.0 0.0 0.0 0.0 0.0 0.0 0.0
86.04390872 42.39505305 0.0 1.0 0.0 0.0 0.0 0.0 0.0 0.0
91.04390872 47.39505305 0.0 0.0 0.0 0.0 0.0 0.0 0.0 1.0
