83.72133779 6.66191019 0.0 0.0 0.0 1.0 0.0 0.0 0.0 0.0
78.72133779 11.66191019 0.0 0.0 1.0 0.0 0.0 0.0 0.0 0.0
78.72133779 16.66191019 0.0 0.0 1.0 0.0 0.0 0.0 0.0 0.0
78.72133779 21.66191019 0.0 0.0 0.0 1.0 0.0 0.0 0.0 0.0
73.72133779 26.66191019 0.0 0.0 0.0 1.0 0.0 0.0 0.0 0.0
68.72133779 31.66191019 0.0 0.0 0.0 1.0 0.0 0.0 0.0 0.0
63.72133779 36.66191019 0.0 0.0 0.0 1.0 0.0 0.0 0.0 0.0
58.72133779 41.66191019 0.0 0.0 0.0 1.0 0.0 0.0 0.0 0.0
53.72133779 46.66191019 0.0 0.0 0.0 1.0 0.0 0.0 0.0 0.0
48.72133779 51.66191019 0.0 0.0 0.0 1.0 0.0 0.0 0.0 0.0
43.72133779 56.66191019 0.0 0.0 0.0 0.0 1.0 0.0 0.0 0.0
38.72133779 56.66191019 0.0 0.0 0.0 0.0 1.0 0.0 0.0 0.0
33.72133779 56.66191019 0.0 0.0 0.0 0.0 1.0 0.0 0.0 0.0
28.72133779 56.66191019 0.0 0.0 0.0 0.0 1.0 0.0 0.0 0.0
23.72133779 56.66191019 0.0 0.0 0.0 1.0 0.0 0.0 0.0 0.0
18.72133779 61.66191019 0.0 0.0 0.0 1.0 0.0 0.0 0.0 0.0
13.72133779 66.66191019 0.0 0.0 1.0 0.0 0.0 0.0 0.0 0.0
13.72133779 71.66191019 0.0 0.0 1.0 0.0 0.0 0.0 0.0 0.0
13.72133779 76.66191019 0.0 0.0 1.0 0.0 0.0 0.0 0.0 0.0
13.72133779 81.66191019 0.0 0.0 1.0 0.0 0.0 0.0 0.0 0.0
13.72133779 86.66191019 0.0 0.0 1.0 0.0 0.0 0.0 0.0 0.0
13.72133779 91.66191019 0.0 0.0 0.0 1.0 0.0 0.0 0.0 0.0
8.72133779 96.66191019 0.0 0.0 0.0 1.0 0.0 0.0 0.0 0.0
