56.92284636 84.80979082 1.0 0.0 0.0 0.0 0.0 0.0 0.0 0.0
61.92284636 84.80979082 0.0 0.0 0.0 0.0 0.0 0.0 1.0 0.0
61.92284636 79.80979082 0.0 0.0 0.0 0.0 0.0 0.0 0.0 1.0
66.92284636 74.80979082 0.0 0.0 0.0 0.0 0.0 0.0 1.0 0.0
66.92284636 69.80979082 0.0 0.0 0.0 0.0 0.0 0.0 1.0 0.0
66.92284636 64.80979082 0.0 0.0 0.0 0.0 0.0 0.0 1.0 0.0
66.92284636 59.80979082 0.0 0.0 0.0 0.0 0.0 0.0 1.0 0.0
66.92284636 54.80979082 0.0 0.0 0.0 0.0 0.0 0.0 1.0 0.0
66.92284636 49.80979082 0.0 0.0 0.0 0.0 0.0 0.0 1.0 0.0
66.92284636 44.80979082 0.0 0.0 0.0 0.0 0.0 0.0 1.0 0.0
66.92284636 39.80979082 0.0 0.0 0.0 0.0 0.0 0.0 1.0 0.0
66.92284636 34.80979082 0.0 0.0 0.0 0.0 0.0 0.0 0.0 1.0
71.92284636 29.80979082 0.0 0.0 0.0 0.0 0.0 0.0 0.0 1.0
76.92284636 24.80979082 0.0 0.0 0.0 0.0 0.0 0.0 1.0 0.0
76.92284636 19.80979082 0.0 0.0 0.0 0.0 0.0 0.0 1.0 0.0
76.92284636 14.80979082 0.0 0.0 0.0 0.0 0.0 0.0 1.0 0.0
76.92284636 9.80979082 0.0 0.0 0.0 0.0 0.0 0.0 0.0 1.0
81.92284636 4.80979082 0.0 0.0 0.0 0.0 0.0 1.0 0.0 0.0
