56.59266229 79.16379649 0.0 0.0 0.0 0.0 0.0 0.0 1.0 0.0
56.59266229 74.16379649 0.0 0.0 0.0 0.0 0.0 0.0 1.0 0.0
56.59266229 69.16379649 0.0 0.0 0.0 0.0 0.0 0.0 1.0 0.0
56.59266229 64.16379649 0.0 0.0 0.0 0.0 0.0 1.0 0.0 0.0
51.59266229 59.16379649 0.0 0.0 0.0 0.0 0.0 1.0 0.0 0.0
46.59266229 54.16379649 0.0 0.0 0.0 0.0 0.0 1.0 0.0 0.0
41.59266229 49.16379649 0.0 0.0 0.0 0.0 0.0 1.0 0.0 0.0
36.59266229 44.16379649 0.0 0.0 0.0 0.0 0.0 0.0 1.0 0.0
36.59266229 39.16379649 0.0 0.0 0.0 0.0 0.0 0.0 1.0 0.0
36.59266229 34.16379649 0.0 0.0 0.0 0.0 0.0 0.0 1.0 0.0
36.59266229 29.16379649 0.0 0.0 0.0 0.0 0.0 0.0 0.0 1.0
41.59266229 24.16379649 0.0 0.0 0.0 0.0 0.0 0.0 0.0 1.0
46.59266229 19.16379649 0.0 0.0 0.0 0.0 0.0 0.0 0.0 1.0
51.59266229 14.16379649 1.0 0.0 0.0 0.0 0.0 0.0 0.0 0.0
56.59266229 14.16379649 0.0 0.0 0.0 0.0 0.0 0.0 0.0 1.0
61.59266229 9.16379649 1.0 0.0 0.0 0.0 0.0 0.0 0.0 0.0
66.59266229 9.16379649 0.0 0.0 0.0 0.0 0.0 0.0 0.0 1.0
71.59266229 4.16379649 1.0 0.0 0.0 0.0 0.0 0.0 0.0 0.0
76.59266229 4.16379649 1.0 0.0 0.0 0.0 0.0 0.0 0.0 0.0
81.59266229 4.16379649 0.0 0.0 0.0 0.0 0.0 0.0 0.0 1.0
