73.2904042 95.81513796 0.0 0.0 0.0 0.0 0.0 1.0 0.0 0.0
68.2904042 90.81513796 0.0 0.0 0.0 0.0 0.0 1.0 0.0 0.0
63.2904042 85.81513796 0.0 0.0 0.0 0.0 0.0 0.0 1.0 0.0
63.2904042 80.81513796 0.0 0.0 0.0 0.0 0.0 1.0 0.0 0.0
58.2904042 75.81513796 0.0 0.0 0.0 0.0 0.0 0.0 1.0 0.0
58.2904042 70.81513796 0.0 0.0 0.0 0.0 0.0 0.0 1.0 0.0
58.2904042 65.81513796 0.0 0.0 0.0 0.0 0.0 1.0 0.0 0.0
53.2904042 60.81513796 0.0 0.0 0.0 0.0 0.0 0.0 1.0 0.0
53.2904042 55.81513796 0.0 0.0 0.0 0.0 0.0 0.0 1.0 0.0
53.2904042 50.81513796 0.0 0.0 0.0 0.0 0.0 0.0 1.0 0.0
53.2904042 45.81513796 0.0 0.0 0.0 0.0 0.0 0.0 1.0 0.0
53.2904042 40.81513796 0.0 0.0 0.0 0.0 0.0 0.0 1.0 0.0
53.2904042 35.81513796 0.0 0.0 0.0 0.0 0.0 0.0 1.0 0.0
53.2904042 30.81513796 0.0 0.0 0.0 0.0 0.0 1.0 0.0 0.0
48.2904042 25.81513796 0.0 0.0 0.0 0.0 0.0 0.0 1.0 0.0
48.2904042 20.81513796 0.0 0.0 0.0 0.0 0.0 1.0 0.0 0.0
43.2904042 15.81513796 0.0 0.0 0.0 0.0 1.0 0.0 0.0 0.0
38.2904042 15.81513796 0.0 0.0 0.0 0.0 0.0 1.0 0.0 0.0
33.2904042 10.81513796 0.0 0.0 0.0 0.0 0.0 1.0 0.0 0.0
