93.29950749 0.06552413 0.0 0.0 1.0 0.0 0.0 0.0 0.0 0.0
93.29950749 5.06552413 0.0 0.0 1.0 0.0 0.0 0.0 0.0 0.0
93.29950749 10.06552413 0.0 0.0 1.0 0.0 0.0 0.0 0.0 0.0
93.29950749 15.06552413 0.0 0.0 1.0 0.0 0.0 0.0 0.0 0.0
93.29950749 20.06552413 0.0 0.0 1.0 0.0 0.0 0.0 0.0 0.0
93.29950749 25.06552413 0.0 0.0 1.0 0.0 0.0 0.0 0.0 0.0
93.29950749 30.06552413 0.0 0.0 0.0 1.0 0.0 0.0 0.0 0.0
88.29950749 35.06552413 0.0 0.0 1.0 0.0 0.0 0.0 0.0 0.0
88.29950749 40.06552413 0.0 0.0 0.0 1.0 0.0 0.0 0.0 0.0
83.29950749 45.06552413 0.0 0.0 0.0 1.0 0.0 0.0 0.0 0.0
78.29950749 50.06552413 0.0 0.0 0.0 1.0 0.0 0.0 0.0 0.0
73.29950749 55.06552413 0.0 0.0 0.0 1.0 0.0 0.0 0.0 0.0
68.29950749 60.06552413 0.0 0.0 0.0 0.0 1.0 0.0 0.0 0.0
63.29950749 60.06552413 0.0 0.0 0.0 0.0 1.0 0.0 0.0 0.0
58.29950749 60.06552413 0.0 0.0 0.0 0.0 1.0 0.0 0.0 0.0
53.29950749 60.06552413 0.0 0.0 0.0 1.0 0.0 0.0 0.0 0.0
48.29950749 65.06552413 0.0 0.0 0.0 1.0 0.0 0.0 0.0 0.0
43.29950749 70.06552413 0.0 0.0 0.0 1.0 0.0 0.0 0.0 0.0
38.29950749 75.06552413 0.0 0.0 0.0 1.0 0.0 0.0 0.0 0.0
33.29950749 80.06552413 0.0 0.0 0.0 1.0 0.0 0.0 0.0 0.0
28.29950749 85.06552413 0.0 0.0 1.0 0.0 0.0 0.0 0.0 0.0
28.29950749 90.06552413 0.0 0.0 0.0 1.0 0.0 0.0 0.0 0.0
23.29950749 95.06552413 0.0 0.0 0.0 1.0 0.0 0.0 0.0 0.0
