95.86925469 89.74792305 0.0 0.0 0.0 0.0 1.0 0.0 0.0 0.0
90.86925469 89.74792305 0.0 0.0 0.0 0.0 1.0 0.0 0.0 0.0
85.86925469 89.74792305 0.0 0.0 0.0 0.0 1.0 0.0 0.0 0.0
80.86925469 89.74792305 0.0 0.0 0.0 0.0 1.0 0.0 0.0 0.0
75.86925469 89.74792305 0.0 0.0 0.0 0.0 1.0 0.0 0.0 0.0
70.86925469 89.74792305 0.0 0.0 0.0 0.0 1.0 0.0 0.0 0.0
65.86925469 89.74792305 0.0 0.0 0.0 0.0 1.0 0.0 0.0 0.0
60.86925469 89.74792305 0.0 0.0 0.0 0.0 1.0 0.0 0.0 0.0
55.86925469 89.74792305 0.0 0.0 0.0 0.0 1.0 0.0 0.0 0.0
50.86925469 89.74792305 0.0 0.0 0.0 0.0 1.0 0.0 0.0 0.0
45.86925469 89.74792305 0.0 0.0 0.0 0.0 1.0 0.0 0.0 0.0
40.86925469 89.74792305 0.0 0.0 0.0 0.0 1.0 0.0 0.0 0.0
35.86925469 89.74792305 0.0 0.0 0.0 1.0 0.0 0.0 0.0 0.0
30.86925469 94.74792305 0.0 0.0 0.0 0.0 1.0 0.0 0.0 0.0
25.86925469 94.74792305 0.0 0.0 0.0 0.0 1.0 0.0 0.0 0.0
20.86925469 94.74792305 0.0 0.0 0.0 0.0 1.0 0.0 0.0 0.0
15.86925469 94.74792305 0.0 0.0 0.0 0.0 0.0 1.0 0.0 0.0
10.86925469 89.74792305 0.0 0.0 0.0 0.0 0.0 0.0 1.0 0.0
10.86925469 84.74792305 0.0 0.0 0.0 0.0 0.0 1.0 0.0 0.0
5.86925469 79.74792305 0.0 0.0 0.0 0.0 0.0 0.0 1.0 0.0
5.86925469 74.74792305 0.0 0.0 0.0 0.0 0.0 0.0 1.0 0.0
5.86925469 69.74792305 0.0 0.0 0.0 0.0 0.0 0.0 1.0 0.0
5.86925469 64.74792305 0.0 0.0 0.0 0.0 0.0 0.0 1.0 0.0
5.86925469 59.74792305 0.0 0.0 0.0 0.0 0.0 0.0 1.0 0.0
5.86925469 54.74792305 0.0 0.0 0.0 0.0 0.0 1.0 0.0 0.0
0.86925469 49.74792305 0.0 0.0 0.0 0.0 0.0 0.0 0.0 1.0
