91.78745392 40.8346933 0.0 0.0 0.0 0.0 0.0 1.0 0.0 0.0
86.78745392 35.8346933 0.0 0.0 0.0 0.0 0.0 1.0 0.0 0.0
81.78745392 30.8346933 0.0 0.0 0.0 0.0 0.0 1.0 0.0 0.0
76.78745392 25.8346933 0.0 0.0 0.0 0.0 0.0 1.0 0.0 0.0
71.78745392 20.8346933 0.0 0.0 0.0 0.0 0.0 1.0 0.0 0.0
66.78745392 15.8346933 0.0 0.0 0.0 0.0 0.0 0.0 1.0 0.0
66.78745392 10.8346933 0.0 0.0 0.0 0.0 0.0 1.0 0.0 0.0
61.78745392 5.8346933 0.0 0.0 0.0 0.0 1.0 0.0 0.0 0.0
56.78745392 5.8346933 0.0 0.0 0.0 0.0 1.0 0.0 0.0 0.0
51.78745392 5.8346933 0.0 0.0 0.0 0.0 1.0 0.0 0.0 0.0
46.78745392 5.8346933 0.0 0.0 0.0 0.0 1.0 0.0 0.0 0.0
41.78745392 5.8346933 0.0 0.0 0.0 0.0 1.0 0.0 0.0 0.0
36.78745392 5.8346933 0.0 0.0 0.0 0.0 1.0 0.0 0.0 0.0
31.78745392 5.8346933 0.0 0.0 0.0 0.0 1.0 0.0 0.0 0.0
26.78745392 5.8346933 0.0 0.0 0.0 0.0 0.0 1.0 0.0 0.0
