64.97111142 88.69905774 0.0 0.0 0.0 0.0 0.0 0.0 0.0 1.0
69.97111142 83.69905774 0.0 0.0 0.0 0.0 0.0 0.0 0.0 1.0
74.97111142 78.69905774 0.0 0.0 0.0 0.0 0.0 0.0 0.0 1.0
79.97111142 73.69905774 1.0 0.0 0.0 0.0 0.0 0.0 0.0 0.0
84.97111142 73.69905774 1.0 0.0 0.0 0.0 0.0 0.0 0.0 0.0
89.97111142 73.69905774 0.0 0.0 0.0 0.0 0.0 0.0 0.0 1.0
94.97111142 68.69905774 0.0 0.0 0.0 0.0 0.0 0.0 1.0 0.0
94.97111142 63.69905774 0.0 0.0 0.0 0.0 0.0 0.0 0.0 1.0
99.97111142 58.69905774 0.0 0.0 0.0 0.0 0.0 1.0 0.0 0.0
94.97111142 53.69905774 0.0 0.0 0.0 0.0 0.0 0.0 1.0 0.0
94.97111142 48.69905774 0.0 0.0 0.0 0.0 0.0 1.0 0.0 0.0
89.97111142 43.69905774 0.0 0.0 0.0 0.0 0.0 1.0 0.0 0.0
84.97111142 38.69905774 0.0 0.0 0.0 0.0 0.0 0.0 1.0 0.0
84.97111142 33.69905774 0.0 0.0 0.0 0.0 0.0 1.0 0.0 0.0
79.97111142 28.69905774 0.0 0.0 0.0 0.0 0.0 1.0 0.0 0.0
74.97111142 23.69905774 0.0 0.0 0.0 0.0 1.0 0.0 0.0 0.0
69.97111142 23.69905774 0.0 0.0 0.0 0.0 1.0 0.0 0.0 0.0
64.97111142 23.69905774 0.0 0.0 0.0 0.0 0.0 1.0 0.0 0.0
59.97111142 18.69905774 0.0 0.0 0.0 0.0 1.0 0.0 0.0 0.0
54.97111142 18.69905774 0.0 0.0 0.0 0.0 0.0 1.0 0.0 0.0
49.97111142 13.69905774 0.0 0.0 0.0 0.0 0.0 1.0 0.0 0.0
44.97111142 8.69905774 0.0 0.0 0.0 1.0 0.0 0.0 0.0 0.0
