49.6285842 96.96692349 0.0 0.0 0.0 0.0 0.0 0.0 1.0 0.0
49.6285842 91.96692349 0.0 0.0 0.0 0.0 0.0 0.0 1.0 0.0
49.6285842 86.96692349 0.0 0.0 0.0 0.0 0.0 1.0 0.0 0.0
44.6285842 81.96692349 0.0 0.0 0.0 0.0 0.0 0.0 1.0 0.0
44.6285842 76.96692349 0.0 0.0 0.0 0.0 0.0 0.0 1.0 0.0
44.6285842 71.96692349 0.0 0.0 0.0 0.0 0.0 0.0 0.0 1.0
49.6285842 66.96692349 0.0 0.0 0.0 0.0 0.0 0.0 0.0 1.0
54.6285842 61.96692349 0.0 0.0 0.0 0.0 0.0 0.0 0.0 1.0
59.6285842 56.96692349 0.0 0.0 0.0 0.0 0.0 0.0 0.0 1.0
64.6285842 51.96692349 0.0 0.0 0.0 0.0 0.0 0.0 0.0 1.0
69.6285842 46.96692349 0.0 0.0 0.0 0.0 0.0 0.0 0.0 1.0
74.6285842 41.96692349 0.0 0.0 0.0 0.0 0.0 0.0 0.0 1.0
79.6285842 36.96692349 0.0 0.0 0.0 0.0 0.0 0.0 1.0 0.0
79.6285842 31.96692349 0.0 0.0 0.0 0.0 0.0 0.0 1.0 0.0
79.6285842 26.96692349 0.0 0.0 0.0 0.0 0.0 0.0 0.0 1.0
84.6285842 21.96692349 0.0 0.0 0.0 0.0 0.0 0.0 1.0 0.0
84.6285842 16.96692349 0.0 0.0 0.0 0.0 0.0 0.0 0.0 1.0
