16.73347178 12.80670572 1.0 0.0 0.0 0.0 0.0 0.0 0.0 0.0
21.73347178 12.80670572 1.0 0.0 0.0 0.0 0.0 0.0 0.0 0.0
26.73347178 12.80670572 1.0 0.0 0.0 0.0 0.0 0.0 0.0 0.0
31.73347178 12.80670572 1.0 0.0 0.0 0.0 0.0 0.0 0.0 0.0
36.73347178 12.80670572 0.0 1.0 0.0 0.0 0.0 0.0 0.0 0.0
41.73347178 17.80670572 1.0 0.0 0.0 0.0 0.0 0.0 0.0 0.0
46.73347178 17.80670572 0.0 1.0 0.0 0.0 0.0 0.0 0.0 0.0
51.73347178 22.80670572 1.0 0.0 0.0 0.0 0.0 0.0 0.0 0.0
56.73347178 22.80670572 0.0 1.0 0.0 0.0 0.0 0.0 0.0 0.0
61.73347178 27.80670572 0.0 1.0 0.0 0.0 0.0 0.0 0.0 0.0
66.73347178 32.80670572 0.0 1.0 0.0 0.0 0.0 0.0 0.0 0.0
71.73347178 37.80670572 0.0 1.0 0.0 0.0 0.0 0.0 0.0 0.0
76.73347178 42.80670572 1.0 0.0 0.0 0.0 0.0 0.0 0.0 0.0
81.73347178 42.80670572 1.0 0.0 0.0 0.0 0.0 0.0 0.0 0.0
86.73347178 42.80670572 1.0 0.0 0.0 0.0 0.0 0.0 0.0 0.0
91.73347178 42.80670572 0.0 0.0 0.0 0.0 0.0 0.0 0.0 1.0
