15.18992335 5.55692027 0.0 1.0 0.0 0.0 0.0 0.0 0.0 0.0
20.18992335 10.55692027 0.0 1.0 0.0 0.0 0.0 0.0 0.0 0.0
25.18992335 15.55692027 0.0 1.0 0.0 0.0 0.0 0.0 0.0 0.0
30.18992335 20.55692027 0.0 0.0 1.0 0.0 0.0 0.0 0.0 0.0
30.18992335 25.55692027 0.0 0.0 1.0 0.0 0.0 0.0 0.0 0.0
30.18992335 30.55692027 0.0 1.0 0.0 0.0 0.0 0.0 0.0 0.0
35.18992335 35.55692027 1.0 0.0 0.0 0.0 0.0 0.0 0.0 0.0
40.18992335 35.55692027 0.0 1.0 0.0 0.0 0.0 0.0 0.0 0.0
45.18992335 40.55692027 0.0 1.0 0.0 0.0 0.0 0.0 0.0 0.0
50.18992335 45.55692027 1.0 0.0 0.0 0.0 0.0 0.0 0.0 0.0
55.18992335 45.55692027 1.0 0.0 0.0 0.0 0.0 0.0 0.0 0.0
60.18992335 45.55692027 1.0 0.0 0.0 0.0 0.0 0.0 0.0 0.0
65.18992335 45.55692027 0.0 1.0 0.0 0.0 0.0 0.0 0.0 0.0
70.18992335 50.55692027 0.0 1.0 0.0 0.0 0.0 0.0 0.0 0.0
75.18992335 55.55692027 0.0 0.0 1.0 0.0 0.0 0.0 0.0 0.0
75.18992335 60.55692027 0.0 0.0 1.0 0.0 0.0 0.0 0.0 0.0
75.18992335 65.55692027 0.0 0.0 1.0 0.0 0.0 0.0 0.0 0.0
75.18992335 70.55692027 0.0 0.0 1.0 0.0 0.0 0.0 0.0 0.0
75.18992335 75.55692027 0.0 0.0 1.0 0.0 0.0 0.0 0.0 0.0
75.18992335 80.55692027 0.0 0.0 1.0 0.0 0.0 0.0 0.0 0.0
75.18992335 85.55692027 0.0 0.0 0.0 1.0 0.0 0.0 0.0 0.0
