30.98104919 0.98910206 0.0 0.0 1.0 0.0 0.0 0.0 0.0 0.0
30.98104919 5.98910206 0.0 0.0 1.0 0.0 0.0 0.0 0.0 0.0
30.98104919 10.98910206 0.0 0.0 1.0 0.0 0.0 0.0 0.0 0.0
30.98104919 15.98910206 0.0 0.0 1.0 0.0 0.0 0.0 0.0 0.0
30.98104919 20.98910206 0.0 0.0 1.0 0.0 0.0 0.0 0.0 0.0
30.98104919 25.98910206 0.0 0.0 1.0 0.0 0.0 0.0 0.0 0.0
30.98104919 30.98910206 0.0 0.0 1.0 0.0 0.0 0.0 0.0 0.0
30.98104919 35.98910206 0.0 0.0 1.0 0.0 0.0 0.0 0.0 0.0
30.98104919 40.98910206 0.0 0.0 0.0 1.0 0.0 0.0 0.0 0.0
25.98104919 45.98910206 0.0 0.0 0.0 1.0 0.0 0.0 0.0 0.0
20.98104919 50.98910206 0.0 0.0 1.0 0.0 0.0 0.0 0.0 0.0
20.98104919 55.98910206 0.0 0.0 1.0 0.0 0.0 0.0 0.0 0.0
20.98104919 60.98910206 0.0 0.0 1.0 0.0 0.0 0.0 0.0 0.0
20.98104919 65.98910206 0.0 0.0 1.0 0.0 0.0 0.0 0.0 0.0
20.98104919 70.98910206 0.0 1.0 0.0 0.0 0.0 0.0 0.0 0.0
25.98104919 75.98910206 0.0 0.0 1.0 0.0 0.0 0.0 0.0 0.0
25.98104919 80.98910206 0.0 1.0 0.0 0.0 0.0 0.0 0.0 0.0
30.98104919 85.98910206 1.0 0.0 0.0 0.0 0.0 0.0 0.0 0.0
35.98104919 85.98910206 0.0 1.0 0.0 0.0 0.0 0.0 0.0 0.0
40.98104919 90.98910206 1.0 0.0 0.0 0.0 0.0 0.0 0.0 0.0
45.98104919 90.98910206 1.0 0.0 0.0 0.0 0.0 0.0 0.0 0.0
50.98104919 90.98910206 1.0 0.0 0.0 0.0 0.0 0.0 0.0 0.0
55.98104919 90.98910206 1.0 0.0 0.0 0.0 0.0 0.0 0.0 0.0
60.98104919 90.98910206 1.0 0.0 0.0 0.0 0.0 0.0 0.0 0.0
65.98104919 90.98910206 0.0 1.0 0.0 0.0 0.0 0.0 0.0 0.0
