13.44746194 60.28746984 1.0 0.0 0.0 0.0 0.0 0.0 0.0 0.0
18.44746194 60.28746984 1.0 0.0 0.0 0.0 0.0 0.0 0.0 0.0
23.44746194 60.28746984 1.0 0.0 0.0 0.0 0.0 0.0 0.0 0.0
28.44746194 60.28746984 1.0 0.0 0.0 0.0 0.0 0.0 0.0 0.0
33.44746194 60.28746984 1.0 0.0 0.0 0.0 0.0 0.0 0.0 0.0
38.44746194 60.28746984 1.0 0.0 0.0 0.0 0.0 0.0 0.0 0.0
43.44746194 60.28746984 1.0 0.0 0.0 0.0 0.0 0.0 0.0 0.0
48.44746194 60.28746984 1.0 0.0 0.0 0.0 0.0 0.0 0.0 0.0
53.44746194 60.28746984 1.0 0.0 0.0 0.0 0.0 0.0 0.0 0.0
58.44746194 60.28746984 1.0 0.0 0.0 0.0 0.0 0.0 0.0 0.0
63.44746194 60.28746984 0.0 0.0 0.0 0.0 0.0 0.0 0.0 1.0
68.44746194 55.28746984 0.0 0.0 0.0 0.0 0.0 0.0 0.0 1.0
73.44746194 50.28746984 1.0 0.0 0.0 0.0 0.0 0.0 0.0 0.0
78.44746194 50.28746984 1.0 0.0 0.0 0.0 0.0 0.0 0.0 0.0
83.44746194 50.28746984 0.0 1.0 0.0 0.0 0.0 0.0 0.0 0.0
88.44746194 55.28746984 0.0 1.0 0.0 0.0 0.0 0.0 0.0 0.0
93.44746194 60.28746984 0.0 1.0 0.0 0.0 0.0 0.0 0.0 0.0
