1.73476641 99.99908255 0.0 0.0 0.0 0.0 0.0 0.0 0.0 1.0
6.73476641 94.99908255 0.0 0.0 0.0 0.0 0.0 0.0 0.0 1.0
11.73476641 89.99908255 0.0 0.0 0.0 0.0 0.0 0.0 1.0 0.0
11.73476641 84.99908255 0.0 0.0 0.0 0.0 0.0 0.0 1.0 0.0
11.73476641 79.99908255 0.0 0.0 0.0 0.0 0.0 0.0 1.0 0.0
11.73476641 74.99908255 0.0 0.0 0.0 0.0 0.0 0.0 1.0 0.0
11.73476641 69.99908255 0.0 0.0 0.0 0.0 0.0 0.0 1.0 0.0
11.73476641 64.99908255 0.0 0.0 0.0 0.0 0.0 0.0 1.0 0.0
11.73476641 59.99908255 0.0 0.0 0.0 0.0 0.0 0.0 1.0 0.0
11.73476641 54.99908255 0.0 0.0 0.0 0.0 0.0 0.0 1.0 0.0
11.73476641 49.99908255 0.0 0.0 0.0 0.0 0.0 0.0 0.0 1.0
16.73476641 44.99908255 0.0 0.0 0.0 0.0 0.0 0.0 0.0 1.0
21.73476641 39.99908255 0.0 0.0 0.0 0.0 0.0 0.0 0.0 1.0
26.73476641 34.99908255 1.0 0.0 0.0 0.0 0.0 0.0 0.0 0.0
31.73476641 34.99908255 1.0 0.0 0.0 0.0 0.0 0.0 0.0 0.0
36.73476641 34.99908255 1.0 0.0 0.0 0.0 0.0 0.0 0.0 0.0
41.73476641 34.99908255 1.0 0.0 0.0 0.0 0.0 0.0 0.0 0.0
46.73476641 34.99908255 1.0 0.0 0.0 0.0 0.0 0.0 0.0 0.0
51.73476641 34.99908255 1.0 0.0 0.0 0.0 0.0 0.0 0.0 0.0
56.73476641 34.99908255 1.0 0.0 0.0 0.0 0.0 0.0 0.0 0.0
61.73476641 34.99908255 1.0 0.0 0.0 0.0 0.0 0.0 0.0 0.0
66.73476641 34.99908255 0.0 0.0 0.0 0.0 0.0 0.0 0.0 1.0
71.73476641 29.99908255 0.0 0.0 0.0 0.0 0.0 0.0 0.0 1.0
76.73476641 24.99908255 0.0 0.0 0.0 0.0 0.0 0.0 1.0 0.0
76.73476641 19.99908255 0.0 0.0 0.0 0.0 0.0 0.0 0.0 1.0
81.73476641 14.99908255 0.0 0.0 0.0 0.0 0.0 0.0 0.0 1.0
