45.19575324 5.18047614 0.0 1.0 0.0 0.0 0.0 0.0 0.0 0.0
50.19575324 10.18047614 0.0 1.0 0.0 0.0 0.0 0.0 0.0 0.0
55.19575324 15.18047614 0.0 1.0 0.0 0.0 0.0 0.0 0.0 0.0
60.19575324 20.18047614 0.0 1.0 0.0 0.0 0.0 0.0 0.0 0.0
65.19575324 25.18047614 0.0 0.0 1.0 0.0 0.0 0.0 0.0 0.0
65.19575324 30.18047614 0.0 1.0 0.0 0.0 0.0 0.0 0.0 0.0
70.19575324 35.18047614 0.0 0.0 1.0 0.0 0.0 0.0 0.0 0.0
70.19575324 40.18047614 0.0 0.0 1.0 0.0 0.0 0.0 0.0 0.0
70.19575324 45.18047614 0.0 0.0 1.0 0.0 0.0 0.0 0.0 0.0
70.19575324 50.18047614 0.0 0.0 1.0 0.0 0.0 0.0 0.0 0.0
70.19575324 55.18047614 0.0 0.0 1.0 0.0 0.0 0.0 0.0 0.0
70.19575324 60.18047614 0.0 0.0 1.0 0.0 0.0 0.0 0.0 0.0
70.19575324 65.18047614 0.0 0.0 1.0 0.0 0.0 0.0 0.0 0.0
70.19575324 70.18047614 0.0 0.0 1.0 0.0 0.0 0.0 0.0 0.0
70.19575324 75.18047614 0.0 0.0 1.0 0.0 0.0 0.0 0.0 0.0
70.19575324 80.18047614 0.0 0.0 1.0 0.0 0.0 0.0 0.0 0.0
70.19575324 85.18047614 0.0 1.0 0.0 0.0 0.0 0.0 0.0 0.0
75.19575324 90.18047614 0.0 1.0 0.0 0.0 0.0 0.0 0.0 0.0
80.19575324 95.18047614 1.0 0.0 0.0 0.0 0.0 0.0 0.0 0.0
85.19575324 95.18047614 1.0 0.0 0.0 0.0 0.0 0.0 0.0 0.0
90.19575324 95.18047614 0.0 0.0 0.0 0.0 0.0 0.0 0.0 1.0
