8.54763762 93.86517084 0.0 0.0 0.0 0.0 0.0 0.0 0.0 1.0
13.54763762 88.86517084 0.0 0.0 0.0 0.0 0.0 0.0 0.0 1.0
18.54763762 83.86517084 0.0 0.0 0.0 0.0 0.0 0.0 0.0 1.0
23.54763762 78.86517084 1.0 0.0 0.0 0.0 0.0 0.0 0.0 0.0
28.54763762 78.86517084 1.0 0.0 0.0 0.0 0.0 0.0 0.0 0.0
33.54763762 78.86517084 0.0 0.0 0.0 0.0 0.0 0.0 0.0 1.0
38.54763762 73.86517084 0.0 0.0 0.0 0.0 0.0 0.0 0.0 1.0
43.54763762 68.86517084 0.0 0.0 0.0 0.0 0.0 0.0 0.0 1.0
48.54763762 63.86517084 0.0 0.0 0.0 0.0 0.0 0.0 0.0 1.0
53.54763762 58.86517084 0.0 0.0 0.0 0.0 0.0 0.0 0.0 1.0
58.54763762 53.86517084 0.0 0.0 0.0 0.0 0.0 0.0 0.0 1.0
63.54763762 48.86517084 0.0 0.0 0.0 0.0 0.0 0.0 0.0 1.0
68.54763762 43.86517084 0.0 0.0 0.0 0.0 0.0 0.0 0.0 1.0
73.54763762 38.86517084 0.0 0.0 0.0 0.0 0.0 0.0 0.0 1.0
78.54763762 33.86517084 0.0 0.0 0.0 0.0 0.0 0.0 1.0 0.0
78.54763762 28.86517084 0.0 0.0 0.0 0.0 0.0 0.0 1.0 0.0
78.54763762 23.86517084 0.0 0.0 0.0 0.0 0.0 0.0 0.0 1.0
83.54763762 18.86517084 0.0 0.0 0.0 0.0 0.0 0.0 0.0 1.0
88.54763762 13.86517084 0.0 0.0 0.0 0.0 0.0 1.0 0.0 0.0
