14.95956328 77.96690179 0.0 0.0 0.0 0.0 0.0 0.0 0.0 1.0
19.95956328 72.96690179 0.0 0.0 0.0 0.0 0.0 0.0 0.0 1.0
24.95956328 67.96690179 0.0 0.0 0.0 0.0 0.0 0.0 0.0 1.0
29.95956328 62.96690179 0.0 0.0 0.0 0.0 0.0 0.0 0.0 1.0
34.95956328 57.96690179 0.0 0.0 0.0 0.0 0.0 0.0 0.0 1.0
39.95956328 52.96690179 0.0 0.0 0.0 0.0 0.0 0.0 0.0 1.0
44.95956328 47.96690179 0.0 0.0 0.0 0.0 0.0 0.0 0.0 1.0
49.95956328 42.96690179 0.0 0.0 0.0 0.0 0.0 0.0 0.0 1.0
54.95956328 37.96690179 0.0 0.0 0.0 0.0 0.0 0.0 0.0 1.0
59.95956328 32.96690179 0.0 0.0 0.0 0.0 0.0 0.0 0.0 1.0
64.95956328 27.96690179 1.0 0.0 0.0 0.0 0.0 0.0 0.0 0.0
69.95956328 27.96690179 1.0 0.0 0.0 0.0 0.0 0.0 0.0 0.0
74.95956328 27.96690179 0.0 0.0 0.0 0.0 0.0 0.0 0.0 1.0
79.95956328 22.96690179 0.0 0.0 0.0 0.0 0.0 0.0 0.0 1.0
84.95956328 17.96690179 1.0 0.0 0.0 0.0 0.0 0.0 0.0 0.0
89.95956328 17.96690179 0.0 0.0 0.0 0.0 0.0 0.0 0.0 1.0
94.95956328 12.96690179 0.0 0.0 0.0 0.0 0.0 0.0 0.0 1.0
