64.95610204 36.65613506 0.0 0.0 0.0 1.0 0.0 0.0 0.0 0.0
59.95610204 41.65613506 0.0 0.0 0.0 1.0 0.0 0.0 0.0 0.0
54.95610204 46.65613506 0.0 0.0 0.0 1.0 0.0 0.0 0.0 0.0
49.95610204 51.65613506 0.0 0.0 0.0 0.0 1.0 0.0 0.0 0.0
44.95610204 51.65613506 0.0 0.0 0.0 1.0 0.0 0.0 0.0 0.0
39.95610204 56.65613506 0.0 0.0 0.0 0.0 1.0 0.0 0.0 0.0
34.95610204 56.65613506 0.0 0.0 0.0 0.0 1.0 0.0 0.0 0.0
29.95610204 56.65613506 0.0 0.0 0.0 0.0 1.0 0.0 0.0 0.0
24.95610204 56.65613506 0.0 0.0 0.0 1.0 0.0 0.0 0.0 0.0
19.95610204 61.65613506 0.0 0.0 0.0 1.0 0.0 0.0 0.0 0.0
