57.43374729 87.35005943 0.0 0.0 0.0 0.0 1.0 0.0 0.0 0.0
52.43374729 87.35005943 0.0 0.0 0.0 0.0 0.0 1.0 0.0 0.0
47.43374729 82.35005943 0.0 0.0 0.0 0.0 0.0 1.0 0.0 0.0
42.43374729 77.35005943 0.0 0.0 0.0 0.0 0.0 1.0 0.0 0.0
37.43374729 72.35005943 0.0 0.0 0.0 0.0 0.0 1.0 0.0 0.0
32.43374729 67.35005943 0.0 0.0 0.0 0.0 0.0 1.0 0.0 0.0
27.43374729 62.35005943 0.0 0.0 0.0 0.0 0.0 0.0 1.0 0.0
27.43374729 57.35005943 0.0 0.0 0.0 0.0 0.0 1.0 0.0 0.0
22.43374729 52.35005943 0.0 0.0 0.0 0.0 0.0 0.0 1.0 0.0
22.43374729 47.35005943 0.0 0.0 0.0 0.0 0.0 1.0 0.0 0.0
17.43374729 42.35005943 0.0 0.0 0.0 0.0 0.0 0.0 1.0 0.0
17.43374729 37.35005943 0.0 0.0 0.0 0.0 0.0 1.0 0.0 0.0
12.43374729 32.35005943 0.0 0.0 0.0 0.0 0.0 1.0 0.0 0.0
