96.69265868 15.03136419 0.0 0.0 0.0 1.0 0.0 0.0 0.0 0.0
91.69265868 20.03136419 0.0 0.0 0.0 0.0 1.0 0.0 0.0 0.0
86.69265868 20.03136419 0.0 0.0 0.0 1.0 0.0 0.0 0.0 0.0
81.69265868 25.03136419 0.0 0.0 0.0 0.0 1.0 0.0 0.0 0.0
76.69265868 25.03136419 0.0 0.0 0.0 0.0 1.0 0.0 0.0 0.0
71.69265868 25.03136419 0.0 0.0 0.0 0.0 1.0 0.0 0.0 0.0
66.69265868 25.03136419 0.0 0.0 0.0 0.0 1.0 0.0 0.0 0.0
61.69265868 25.03136419 0.0 0.0 0.0 1.0 0.0 0.0 0.0 0.0
56.69265868 30.03136419 0.0 0.0 0.0 1.0 0.0 0.0 0.0 0.0
51.69265868 35.03136419 0.0 0.0 0.0 0.0 1.0 0.0 0.0 0.0
46.69265868 35.03136419 0.0 0.0 0.0 0.0 1.0 0.0 0.0 0.0
41.69265868 35.03136419 0.0 0.0 0.0 0.0 1.0 0.0 0.0 0.0
36.69265868 35.03136419 0.0 0.0 0.0 0.0 0.0 1.0 0.0 0.0
31.69265868 30.03136419 0.0 0.0 0.0 0.0 0.0 1.0 0.0 0.0
26.69265868 25.03136419 0.0 0.0 0.0 0.0 0.0 1.0 0.0 0.0
21.69265868 20.03136419 0.0 0.0 0.0 0.0 0.0 1.0 0.0 0.0
16.69265868 15.03136419 0.0 0.0 0.0 0.0 0.0 1.0 0.0 0.0
