56.35302693 82.80322774 0.0 0.0 0.0 0.0 0.0 0.0 0.0 1.0
61.35302693 77.80322774 0.0 0.0 0.0 0.0 0.0 0.0 0.0 1.0
66.35302693 72.80322774 0.0 0.0 0.0 0.0 0.0 0.0 0.0 1.0
71.35302693 67.80322774 0.0 0.0 0.0 0.0 0.0 0.0 0.0 1.0
76.35302693 62.80322774 0.0 0.0 0.0 0.0 0.0 0.0 1.0 0.0
76.35302693 57.80322774 0.0 0.0 0.0 0.0 0.0 0.0 0.0 1.0
81.35302693 52.80322774 0.0 0.0 0.0 0.0 0.0 0.0 1.0 0.0
81.35302693 47.80322774 0.0 0.0 0.0 0.0 0.0 0.0 1.0 0.0
81.35302693 42.80322774 0.0 0.0 0.0 0.0 0.0 0.0 0.0 1.0
86.35302693 37.80322774 0.0 0.0 0.0 0.0 0.0 0.0 1.0 0.0
86.35302693 32.80322774 0.0 0.0 0.0 0.0 0.0 0.0 0.0 1.0
91.35302693 27.80322774 0.0 0.0 0.0 0.0 0.0 0.0 1.0 0.0
91.35302693 22.80322774 0.0 0.0 0.0 0.0 0.0 0.0 0.0 1.0
96.35302693 17.80322774 0.0 0.0 0.0 0.0 0.0 0.0 1.0 0.0
96.35302693 12.80322774 0.0 0.0 0.0 0.0 0.0 0.0 0.0 1.0
