15.38867797 84.21181584 0.0 0.0 0.0 0.0 0.0 0.0 0.0 1.0
20.38867797 79.21181584 0.0 0.0 0.0 0.0 0.0 0.0 0.0 1.0
25.38867797 74.21181584 0.0 0.0 0.0 0.0 0.0 0.0 0.0 1.0
30.38867797 69.21181584 0.0 0.0 0.0 0.0 0.0 0.0 0.0 1.0
35.38867797 64.21181584 0.0 0.0 0.0 0.0 0.0 0.0 0.0 1.0
40.38867797 59.21181584 1.0 0.0 0.0 0.0 0.0 0.0 0.0 0.0
45.38867797 59.21181584 0.0 0.0 0.0 0.0 0.0 0.0 0.0 1.0
50.38867797 54.21181584 0.0 0.0 0.0 0.0 0.0 0.0 0.0 1.0
55.38867797 49.21181584 0.0 0.0 0.0 0.0 0.0 0.0 0.0 1.0
60.38867797 44.21181584 0.0 0.0 0.0 0.0 0.0 0.0 0.0 1.0
65.38867797 39.21181584 1.0 0.0 0.0 0.0 0.0 0.0 0.0 0.0
70.38867797 39.21181584 0.0 0.0 0.0 0.0 0.0 0.0 0.0 1.0
75.38867797 34.21181584 1.0 0.0 0.0 0.0 0.0 0.0 0.0 0.0
80.38867797 34.21181584 0.0 0.0 0.0 0.0 0.0 0.0 0.0 1.0
85.38867797 29.21181584 0.0 0.0 0.0 0.0 0.0 0.0 1.0 0.0
85.38867797 24.21181584 0.0 0.0 0.0 0.0 0.0 0.0 0.0 1.0
90.38867797 19.21181584 0.0 0.0 0.0 0.0 0.0 0.0 1.0 0.0
90.38867797 14.21181584 0.0 0.0 0.0 0.0 0.0 0.0 0.0 1.0
