2.05247626 84.45404334 0.0 0.0 0.0 0.0 0.0 0.0 0.0 1.0
7.05247626 79.45404334 1.0 0.0 0.0 0.0 0.0 0.0 0.0 0.0
12.05247626 79.45404334 0.0 0.0 0.0 0.0 0.0 0.0 0.0 1.0
17.05247626 74.45404334 1.0 0.0 0.0 0.0 0.0 0.0 0.0 0.0
22.05247626 74.45404334 1.0 0.0 0.0 0.0 0.0 0.0 0.0 0.0
27.05247626 74.45404334 1.0 0.0 0.0 0.0 0.0 0.0 0.0 0.0
32.05247626 74.45404334 1.0 0.0 0.0 0.0 0.0 0.0 0.0 0.0
37.05247626 74.45404334 1.0 0.0 0.0 0.0 0.0 0.0 0.0 0.0
42.05247626 74.45404334 1.0 0.0 0.0 0.0 0.0 0.0 0.0 0.0
47.05247626 74.45404334 1.0 0.0 0.0 0.0 0.0 0.0 0.0 0.0
52.05247626 74.45404334 1.0 0.0 0.0 0.0 0.0 0.0 0.0 0.0
57.05247626 74.45404334 1.0 0.0 0.0 0.0 0.0 0.0 0.0 0.0
62.05247626 74.45404334 1.0 0.0 0.0 0.0 0.0 0.0 0.0 0.0
67.05247626 74.45404334 0.0 0.0 0.0 0.0 0.0 0.0 0.0 1.0
72.05247626 69.45404334 1.0 0.0 0.0 0.0 0.0 0.0 0.0 0.0
77.05247626 69.45404334 0.0 0.0 0.0 0.0 0.0 0.0 0.0 1.0
82.05247626 64.45404334 0.0 0.0 0.0 0.0 0.0 0.0 1.0 0.0
82.05247626 59.45404334 0.0 0.0 0.0 0.0 0.0 0.0 1.0 0.0
82.05247626 54.45404334 0.0 0.0 0.0 0.0 0.0 0.0 0.0 1.0
87.05247626 49.45404334 0.0 0.0 0.0 0.0 0.0 0.0 0.0 1.0
