24.33850226 11.81829097 0.0 0.0 1.0 0.0 0.0 0.0 0.0 0.0
24.33850226 16.81829097 0.0 0.0 1.0 0.0 0.0 0.0 0.0 0.0
24.33850226 21.81829097 0.0 0.0 1.0 0.0 0.0 0.0 0.0 0.0
24.33850226 26.81829097 0.0 0.0 1.0 0.0 0.0 0.0 0.0 0.0
24.33850226 31.81829097 0.0 0.0 1.0 0.0 0.0 0.0 0.0 0.0
24.33850226 36.81829097 0.0 0.0 1.0 0.0 0.0 0.0 0.0 0.0
24.33850226 41.81829097 0.0 0.0 0.0 1.0 0.0 0.0 0.0 0.0
19.33850226 46.81829097 0.0 0.0 1.0 0.0 0.0 0.0 0.0 0.0
19.33850226 51.81829097 0.0 0.0 0.0 1.0 0.0 0.0 0.0 0.0
14.33850226 56.81829097 0.0 0.0 1.0 0.0 0.0 0.0 0.0 0.0
14.33850226 61.81829097 0.0 1.0 0.0 0.0 0.0 0.0 0.0 0.0
19.33850226 66.81829097 0.0 1.0 0.0 0.0 0.0 0.0 0.0 0.0
24.33850226 71.81829097 0.0 1.0 0.0 0.0 0.0 0.0 0.0 0.0
29.33850226 76.81829097 1.0 0.0 0.0 0.0 0.0 0.0 0.0 0.0
34.33850226 76.81829097 0.0 1.0 0.0 0.0 0.0 0.0 0.0 0.0
39.33850226 81.81829097 0.0 1.0 0.0 0.0 0.0 0.0 0.0 0.0
44.33850226 86.81829097 1.0 0.0 0.0 0.0 0.0 0.0 0.0 0.0
49.33850226 86.81829097 1.0 0.0 0.0 0.0 0.0 0.0 0.0 0.0
54.33850226 86.81829097 1.0 0.0 0.0 0.0 0.0 0.0 0.0 0.0
59.33850226 86.81829097 0.0 1.0 0.0 0.0 0.0 0.0 0.0 0.0
