83.67321532 0.09387513 0.0 0.0 0.0 1.0 0.0 0.0 0.0 0.0
78.67321532 5.09387513 0.0 0.0 0.0 0.0 1.0 0.0 0.0 0.0
73.67321532 5.09387513 0.0 0.0 0.0 0.0 1.0 0.0 0.0 0.0
68.67321532 5.09387513 0.0 0.0 0.0 1.0 0.0 0.0 0.0 0.0
63.67321532 10.09387513 0.0 0.0 0.0 1.0 0.0 0.0 0.0 0.0
58.67321532 15.09387513 0.0 0.0 0.0 1.0 0.0 0.0 0.0 0.0
53.67321532 20.09387513 0.0 0.0 0.0 1.0 0.0 0.0 0.0 0.0
48.67321532 25.09387513 0.0 0.0 0.0 1.0 0.0 0.0 0.0 0.0
43.67321532 30.09387513 0.0 0.0 0.0 1.0 0.0 0.0 0.0 0.0
38.67321532 35.09387513 0.0 0.0 0.0 1.0 0.0 0.0 0.0 0.0
33.67321532 40.09387513 0.0 0.0 1.0 0.0 0.0 0.0 0.0 0.0
33.67321532 45.09387513 0.0 0.0 0.0 1.0 0.0 0.0 0.0 0.0
28.67321532 50.09387513 0.0 0.0 1.0 0.0 0.0 0.0 0.0 0.0
28.67321532 55.09387513 0.0 0.0 0.0 1.0 0.0 0.0 0.0 0.0
23.67321532 60.09387513 0.0 0.0 1.0 0.0 0.0 0.0 0.0 0.0
23.67321532 65.09387513 0.0 0.0 0.0 1.0 0.0 0.0 0.0 0.0
18.67321532 70.09387513 0.0 0.0 0.0 1.0 0.0 0.0 0.0 0.0
