83.79315719 33.25367618 0.0 0.0 0.0 0.0 1.0 0.0 0.0 0.0
78.79315719 33.25367618 0.0 0.0 0.0 0.0 1.0 0.0 0.0 0.0
73.79315719 33.25367618 0.0 0.0 0.0 0.0 1.0 0.0 0.0 0.0
68.79315719 33.25367618 0.0 0.0 0.0 0.0 1.0 0.0 0.0 0.0
63.79315719 33.25367618 0.0 0.0 0.0 0.0 1.0 0.0 0.0 0.0
58.79315719 33.25367618 0.0 0.0 0.0 0.0 1.0 0.0 0.0 0.0
53.79315719 33.25367618 0.0 0.0 0.0 0.0 1.0 0.0 0.0 0.0
48.79315719 33.25367618 0.0 0.0 0.0 0.0 1.0 0.0 0.0 0.0
43.79315719 33.25367618 0.0 0.0 0.0 0.0 0.0 1.0 0.0 0.0
38.79315719 28.25367618 0.0 0.0 0.0 0.0 0.0 1.0 0.0 0.0
33.79315719 23.25367618 0.0 0.0 0.0 0.0 1.0 0.0 0.0 0.0
28.79315719 23.25367618 0.0 0.0 0.0 0.0 1.0 0.0 0.0 0.0
23.79315719 23.25367618 0.0 0.0 0.0 0.0 1.0 0.0 0.0 0.0
18.79315719 23.25367618 0.0 0.0 0.0 1.0 0.0 0.0 0.0 0.0
13.79315719 28.25367618 0.0 0.0 1.0 0.0 0.0 0.0 0.0 0.0
13.79315719 33.25367618 0.0 0.0 1.0 0.0 0.0 0.0 0.0 0.0
13.79315719 38.25367618 0.0 0.0 1.0 0.0 0.0 0.0 0.0 0.0
13.79315719 43.25367618 0.0 0.0 1.0 0.0 0.0 0.0 0.0 0.0
13.79315719 48.25367618 0.0 0.0 1.0 0.0 0.0 0.0 0.0 0.0
13.79315719 53.25367618 0.0 0.0 1.0 0.0 0.0 0.0 0.0 0.0
13.79315719 58.25367618 0.0 0.0 1.0 0.0 0.0 0.0 0.0 0.0
13.79315719 63.25367618 0.0 1.0 0.0 0.0 0.0 0.0 0.0 0.0
18.79315719 68.25367618 0.0 1.0 0.0 0.0 0.0 0.0 0.0 0.0
23.79315719 73.25367618 0.0 1.0 0.0 0.0 0.0 0.0 0.0 0.0
28.79315719 78.25367618 1.0 0.0 0.0 0.0 0.0 0.0 0.0 0.0
33.79315719 78.25367618 0.0 0.0 0.0 0.0 0.0 0.0 0.0 1.0
38.79315719 73.25367618 0.0 0.0 0.0 0.0 0.0 0.0 0.0 1.0
