74.93874821 16.94114903 0.0 0.0 1.0 0.0 0.0 0.0 0.0 0.0
74.93874821 21.94114903 0.0 0.0 0.0 1.0 0.0 0.0 0.0 0.0
69.93874821 26.94114903 0.0 0.0 1.0 0.0 0.0 0.0 0.0 0.0
69.93874821 31.94114903 0.0 0.0 1.0 0.0 0.0 0.0 0.0 0.0
69.93874821 36.94114903 0.0 0.0 1.0 0.0 0.0 0.0 0.0 0.0
69.93874821 41.94114903 0.0 1.0 0.0 0.0 0.0 0.0 0.0 0.0
74.93874821 46.94114903 0.0 1.0 0.0 0.0 0.0 0.0 0.0 0.0
79.93874821 51.94114903 0.0 1.0 0.0 0.0 0.0 0.0 0.0 0.0
84.93874821 56.94114903 0.0 0.0 1.0 0.0 0.0 0.0 0.0 0.0
84.93874821 61.94114903 0.0 1.0 0.0 0.0 0.0 0.0 0.0 0.0
89.93874821 66.94114903 0.0 1.0 0.0 0.0 0.0 0.0 0.0 0.0
