5.38616521 11.7596543 0.0 0.0 0.0 0.0 0.0 0.0 0.0 1.0
10.38616521 6.7596543 0.0 0.0 0.0 0.0 0.0 0.0 0.0 1.0
15.38616521 1.7596543 1.0 0.0 0.0 0.0 0.0 0.0 0.0 0.0
20.38616521 1.7596543 1.0 0.0 0.0 0.0 0.0 0.0 0.0 0.0
25.38616521 1.7596543 1.0 0.0 0.0 0.0 0.0 0.0 0.0 0.0
30.38616521 1.7596543 0.0 1.0 0.0 0.0 0.0 0.0 0.0 0.0
35.38616521 6.7596543 0.0 1.0 0.0 0.0 0.0 0.0 0.0 0.0
40.38616521 11.7596543 0.0 1.0 0.0 0.0 0.0 0.0 0.0 0.0
45.38616521 16.7596543 1.0 0.0 0.0 0.0 0.0 0.0 0.0 0.0
50.38616521 16.7596543 0.0 1.0 0.0 0.0 0.0 0.0 0.0 0.0
55.38616521 21.7596543 1.0 0.0 0.0 0.0 0.0 0.0 0.0 0.0
60.38616521 21.7596543 0.0 1.0 0.0 0.0 0.0 0.0 0.0 0.0
