88.03520058 17.76693725 0.0 0.0 0.0 1.0 0.0 0.0 0.0 0.0
83.03520058 22.76693725 0.0 0.0 0.0 1.0 0.0 0.0 0.0 0.0
78.03520058 27.76693725 0.0 0.0 0.0 1.0 0.0 0.0 0.0 0.0
73.03520058 32.76693725 0.0 0.0 0.0 0.0 1.0 0.0 0.0 0.0
68.03520058 32.76693725 0.0 0.0 0.0 0.0 1.0 0.0 0.0 0.0
63.03520058 32.76693725 0.0 0.0 0.0 0.0 1.0 0.0 0.0 0.0
58.03520058 32.76693725 0.0 0.0 0.0 0.0 1.0 0.0 0.0 0.0
53.03520058 32.76693725 0.0 0.0 0.0 1.0 0.0 0.0 0.0 0.0
48.03520058 37.76693725 0.0 0.0 0.0 1.0 0.0 0.0 0.0 0.0
43.03520058 42.76693725 0.0 0.0 0.0 1.0 0.0 0.0 0.0 0.0
38.03520058 47.76693725 0.0 0.0 0.0 1.0 0.0 0.0 0.0 0.0
33.03520058 52.76693725 0.0 0.0 0.0 1.0 0.0 0.0 0.0 0.0
28.03520058 57.76693725 0.0 0.0 0.0 1.0 0.0 0.0 0.0 0.0
23.03520058 62.76693725 0.0 0.0 0.0 1.0 0.0 0.0 0.0 0.0
18.03520058 67.76693725 0.0 0.0 0.0 1.0 0.0 0.0 0.0 0.0
13.03520058 72.76693725 0.0 0.0 0.0 1.0 0.0 0.0 0.0 0.0
8.03520058 77.76693725 0.0 0.0 0.0 1.0 0.0 0.0 0.0 0.0
3.03520058 82.76693725 0.0 0.0 0.0 1.0 0.0 0.0 0.0 0.0
