65.6371544 28.14432281 0.0 0.0 0.0 1.0 0.0 0.0 0.0 0.0
60.6371544 33.14432281 0.0 0.0 0.0 1.0 0.0 0.0 0.0 0.0
55.6371544 38.14432281 0.0 0.0 0.0 1.0 0.0 0.0 0.0 0.0
50.6371544 43.14432281 0.0 0.0 0.0 1.0 0.0 0.0 0.0 0.0
45.6371544 48.14432281 0.0 0.0 0.0 0.0 1.0 0.0 0.0 0.0
40.6371544 48.14432281 0.0 0.0 0.0 0.0 1.0 0.0 0.0 0.0
35.6371544 48.14432281 0.0 0.0 0.0 0.0 1.0 0.0 0.0 0.0
30.6371544 48.14432281 0.0 0.0 0.0 1.0 0.0 0.0 0.0 0.0
25.6371544 53.14432281 0.0 0.0 0.0 0.0 1.0 0.0 0.0 0.0
20.6371544 53.14432281 0.0 0.0 0.0 1.0 0.0 0.0 0.0 0.0
15.6371544 58.14432281 0.0 0.0 1.0 0.0 0.0 0.0 0.0 0.0
15.6371544 63.14432281 0.0 0.0 1.0 0.0 0.0 0.0 0.0 0.0
15.6371544 68.14432281 0.0 0.0 1.0 0.0 0.0 0.0 0.0 0.0
15.6371544 73.14432281 0.0 0.0 1.0 0.0 0.0 0.0 0.0 0.0
15.6371544 78.14432281 0.0 0.0 1.0 0.0 0.0 0.0 0.0 0.0
15.6371544 83.14432281 0.0 0.0 1.0 0.0 0.0 0.0 0.0 0.0
15.6371544 88.14432281 0.0 1.0 0.0 0.0 0.0 0.0 0.0 0.0
