33.36502455 8.4819329 0.0 1.0 0.0 0.0 0.0 0.0 0.0 0.0
38.36502455 13.4819329 0.0 1.0 0.0 0.0 0.0 0.0 0.0 0.0
43.36502455 18.4819329 0.0 1.0 0.0 0.0 0.0 0.0 0.0 0.0
48.36502455 23.4819329 0.0 1.0 0.0 0.0 0.0 0.0 0.0 0.0
53.36502455 28.4819329 0.0 1.0 0.0 0.0 0.0 0.0 0.0 0.0
58.36502455 33.4819329 0.0 1.0 0.0 0.0 0.0 0.0 0.0 0.0
63.36502455 38.4819329 0.0 1.0 0.0 0.0 0.0 0.0 0.0 0.0
68.36502455 43.4819329 0.0 0.0 1.0 0.0 0.0 0.0 0.0 0.0
68.36502455 48.4819329 0.0 0.0 1.0 0.0 0.0 0.0 0.0 0.0
68.36502455 53.4819329 0.0 0.0 1.0 0.0 0.0 0.0 0.0 0.0
68.36502455 58.4819329 0.0 0.0 1.0 0.0 0.0 0.0 0.0 0.0
68.36502455 63.4819329 0.0 0.0 1.0 0.0 0.0 0.0 0.0 0.0
68.36502455 68.4819329 0.0 0.0 0.0 1.0 0.0 0.0 0.0 0.0
