7.16919736 98.83218263 0.0 0.0 0.0 0.0 0.0 0.0 0.0 1.0
12.16919736 93.83218263 0.0 0.0 0.0 0.0 0.0 0.0 0.0 1.0
17.16919736 88.83218263 0.0 0.0 0.0 0.0 0.0 0.0 0.0 1.0
22.16919736 83.83218263 0.0 0.0 0.0 0.0 0.0 0.0 0.0 1.0
27.16919736 78.83218263 0.0 0.0 0.0 0.0 0.0 0.0 1.0 0.0
27.16919736 73.83218263 0.0 0.0 0.0 0.0 0.0 0.0 1.0 0.0
27.16919736 68.83218263 0.0 0.0 0.0 0.0 0.0 0.0 1.0 0.0
27.16919736 63.83218263 0.0 0.0 0.0 0.0 0.0 0.0 1.0 0.0
27.16919736 58.83218263 0.0 0.0 0.0 0.0 0.0 0.0 0.0 1.0
32.16919736 53.83218263 0.0 0.0 0.0 0.0 0.0 0.0 0.0 1.0
37.16919736 48.83218263 0.0 0.0 0.0 0.0 0.0 0.0 0.0 1.0
42.16919736 43.83218263 0.0 0.0 0.0 0.0 0.0 0.0 0.0 1.0
47.16919736 38.83218263 0.0 0.0 0.0 0.0 0.0 0.0 0.0 1.0
52.16919736 33.83218263 0.0 0.0 0.0 0.0 0.0 0.0 0.0 1.0
57.16919736 28.83218263 0.0 0.0 0.0 0.0 0.0 0.0 1.0 0.0
57.16919736 23.83218263 0.0 0.0 0.0 0.0 0.0 0.0 0.0 1.0
62.16919736 18.83218263 0.0 0.0 0.0 0.0 0.0 0.0 0.0 1.0
67.16919736 13.83218263 0.0 0.0 0.0 0.0 0.0 1.0 0.0 0.0
