13.62639387 97.05238328 0.0 0.0 0.0 0.0 0.0 0.0 1.0 0.0
13.62639387 92.05238328 0.0 0.0 0.0 0.0 0.0 0.0 1.0 0.0
13.62639387 87.05238328 0.0 0.0 0.0 0.0 0.0 0.0 1.0 0.0
13.62639387 82.05238328 0.0 0.0 0.0 0.0 0.0 0.0 0.0 1.0
18.62639387 77.05238328 0.0 0.0 0.0 0.0 0.0 0.0 0.0 1.0
23.62639387 72.05238328 0.0 0.0 0.0 0.0 0.0 0.0 0.0 1.0
28.62639387 67.05238328 0.0 0.0 0.0 0.0 0.0 0.0 0.0 1.0
33.62639387 62.05238328 0.0 0.0 0.0 0.0 0.0 0.0 0.0 1.0
38.62639387 57.05238328 0.0 0.0 0.0 0.0 0.0 0.0 0.0 1.0
43.62639387 52.05238328 0.0 0.0 0.0 0.0 0.0 0.0 1.0 0.0
43.62639387 47.05238328 0.0 0.0 0.0 0.0 0.0 0.0 1.0 0.0
43.62639387 42.05238328 0.0 0.0 0.0 0.0 0.0 0.0 1.0 0.0
43.62639387 37.05238328 0.0 0.0 0.0 0.0 0.0 1.0 0.0 0.0
38.62639387 32.05238328 0.0 0.0 0.0 0.0 0.0 1.0 0.0 0.0
33.62639387 27.05238328 0.0 0.0 0.0 0.0 0.0 1.0 0.0 0.0
28.62639387 22.05238328 0.0 0.0 0.0 0.0 0.0 0.0 1.0 0.0
28.62639387 17.05238328 0.0 0.0 0.0 0.0 0.0 1.0 0.0 0.0
