84.86590273 68.41984497 0.0 0.0 0.0 0.0 0.0 1.0 0.0 0.0
79.86590273 63.41984497 0.0 0.0 0.0 0.0 0.0 1.0 0.0 0.0
74.86590273 58.41984497 0.0 0.0 0.0 0.0 0.0 1.0 0.0 0.0
69.86590273 53.41984497 0.0 0.0 0.0 0.0 0.0 1.0 0.0 0.0
64.86590273 48.41984497 0.0 0.0 0.0 0.0 0.0 1.0 0.0 0.0
59.86590273 43.41984497 0.0 0.0 0.0 0.0 0.0 0.0 1.0 0.0
59.86590273 38.41984497 0.0 0.0 0.0 0.0 0.0 0.0 1.0 0.0
59.86590273 33.41984497 0.0 0.0 0.0 0.0 0.0 1.0 0.0 0.0
54.86590273 28.41984497 0.0 0.0 0.0 0.0 0.0 1.0 0.0 0.0
49.86590273 23.41984497 0.0 0.0 0.0 0.0 0.0 1.0 0.0 0.0
44.86590273 18.41984497 0.0 0.0 0.0 0.0 1.0 0.0 0.0 0.0
39.86590273 18.41984497 0.0 0.0 0.0 0.0 1.0 0.0 0.0 0.0
34.86590273 18.41984497 0.0 0.0 0.0 0.0 0.0 1.0 0.0 0.0
29.86590273 13.41984497 0.0 0.0 0.0 0.0 1.0 0.0 0.0 0.0
24.86590273 13.41984497 0.0 0.0 0.0 0.0 0.0 1.0 0.0 0.0
