93.19569049 4.94870185 0.0 0.0 0.0 1.0 0.0 0.0 0.0 0.0
88.19569049 9.94870185 0.0 0.0 0.0 1.0 0.0 0.0 0.0 0.0
83.19569049 14.94870185 0.0 0.0 0.0 0.0 1.0 0.0 0.0 0.0
78.19569049 14.94870185 0.0 0.0 0.0 0.0 1.0 0.0 0.0 0.0
73.19569049 14.94870185 0.0 0.0 0.0 1.0 0.0 0.0 0.0 0.0
68.19569049 19.94870185 0.0 0.0 0.0 0.0 1.0 0.0 0.0 0.0
63.19569049 19.94870185 0.0 0.0 0.0 1.0 0.0 0.0 0.0 0.0
58.19569049 24.94870185 0.0 0.0 1.0 0.0 0.0 0.0 0.0 0.0
58.19569049 29.94870185 0.0 0.0 0.0 1.0 0.0 0.0 0.0 0.0
53.19569049 34.94870185 0.0 0.0 0.0 1.0 0.0 0.0 0.0 0.0
48.19569049 39.94870185 0.0 0.0 0.0 1.0 0.0 0.0 0.0 0.0
43.19569049 44.94870185 0.0 0.0 1.0 0.0 0.0 0.0 0.0 0.0
43.19569049 49.94870185 0.0 0.0 1.0 0.0 0.0 0.0 0.0 0.0
43.19569049 54.94870185 0.0 0.0 1.0 0.0 0.0 0.0 0.0 0.0
43.19569049 59.94870185 0.0 0.0 1.0 0.0 0.0 0.0 0.0 0.0
43.19569049 64.94870185 0.0 0.0 1.0 0.0 0.0 0.0 0.0 0.0
43.19569049 69.94870185 0.0 1.0 0.0 0.0 0.0 0.0 0.0 0.0
