57.90414007 9.90025322 0.0 0.0 0.0 1.0 0.0 0.0 0.0 0.0
52.90414007 14.90025322 0.0 0.0 0.0 1.0 0.0 0.0 0.0 0.0
47.90414007 19.90025322 0.0 0.0 0.0 1.0 0.0 0.0 0.0 0.0
42.90414007 24.90025322 0.0 0.0 1.0 0.0 0.0 0.0 0.0 0.0
42.90414007 29.90025322 0.0 0.0 1.0 0.0 0.0 0.0 0.0 0.0
42.90414007 34.90025322 0.0 0.0 0.0 1.0 0.0 0.0 0.0 0.0
37.90414007 39.90025322 0.0 0.0 0.0 1.0 0.0 0.0 0.0 0.0
32.90414007 44.90025322 0.0 0.0 1.0 0.0 0.0 0.0 0.0 0.0
32.90414007 49.90025322 0.0 0.0 0.0 1.0 0.0 0.0 0.0 0.0
27.90414007 54.90025322 0.0 0.0 1.0 0.0 0.0 0.0 0.0 0.0
27.90414007 59.90025322 0.0 0.0 0.0 1.0 0.0 0.0 0.0 0.0
22.90414007 64.90025322 0.0 0.0 1.0 0.0 0.0 0.0 0.0 0.0
22.90414007 69.90025322 0.0 0.0 1.0 0.0 0.0 0.0 0.0 0.0
22.90414007 74.90025322 0.0 0.0 0.0 1.0 0.0 0.0 0.0 0.0
17.90414007 79.90025322 0.0 0.0 1.0 0.0 0.0 0.0 0.0 0.0
17.90414007 84.90025322 0.0 0.0 0.0 1.0 0.0 0.0 0.0 0.0
12.90414007 89.90025322 0.0 0.0 1.0 0.0 0.0 0.0 0.0 0.0
12.90414007 94.90025322 0.0 0.0 0.0 1.0 0.0 0.0 0.0 0.0
