88.10781775 79.08009658 0.0 0.0 0.0 0.0 1.0 0.0 0.0 0.0
83.10781775 79.08009658 0.0 0.0 0.0 0.0 1.0 0.0 0.0 0.0
78.10781775 79.08009658 0.0 0.0 0.0 0.0 1.0 0.0 0.0 0.0
73.10781775 79.08009658 0.0 0.0 0.0 0.0 1.0 0.0 0.0 0.0
68.10781775 79.08009658 0.0 0.0 0.0 0.0 1.0 0.0 0.0 0.0
63.10781775 79.08009658 0.0 0.0 0.0 0.0 1.0 0.0 0.0 0.0
58.10781775 79.08009658 0.0 0.0 0.0 0.0 0.0 1.0 0.0 0.0
53.10781775 74.08009658 0.0 0.0 0.0 0.0 0.0 1.0 0.0 0.0
48.10781775 69.08009658 0.0 0.0 0.0 0.0 1.0 0.0 0.0 0.0
43.10781775 69.08009658 0.0 0.0 0.0 0.0 1.0 0.0 0.0 0.0
38.10781775 69.08009658 0.0 0.0 0.0 0.0 1.0 0.0 0.0 0.0
33.10781775 69.08009658 0.0 0.0 0.0 0.0 1.0 0.0 0.0 0.0
28.10781775 69.08009658 0.0 0.0 0.0 0.0 1.0 0.0 0.0 0.0
23.10781775 69.08009658 0.0 0.0 0.0 0.0 1.0 0.0 0.0 0.0
18.10781775 69.08009658 0.0 0.0 0.0 1.0 0.0 0.0 0.0 0.0
