7.6005355 37.87856369 0.0 1.0 0.0 0.0 0.0 0.0 0.0 0.0
12.6005355 42.87856369 0.0 1.0 0.0 0.0 0.0 0.0 0.0 0.0
17.6005355 47.87856369 1.0 0.0 0.0 0.0 0.0 0.0 0.0 0.0
22.6005355 47.87856369 1.0 0.0 0.0 0.0 0.0 0.0 0.0 0.0
27.6005355 47.87856369 1.0 0.0 0.0 0.0 0.0 0.0 0.0 0.0
32.6005355 47.87856369 1.0 0.0 0.0 0.0 0.0 0.0 0.0 0.0
37.6005355 47.87856369 1.0 0.0 0.0 0.0 0.0 0.0 0.0 0.0
42.6005355 47.87856369 1.0 0.0 0.0 0.0 0.0 0.0 0.0 0.0
47.6005355 47.87856369 1.0 0.0 0.0 0.0 0.0 0.0 0.0 0.0
52.6005355 47.87856369 1.0 0.0 0.0 0.0 0.0 0.0 0.0 0.0
57.6005355 47.87856369 1.0 0.0 0.0 0.0 0.0 0.0 0.0 0.0
62.6005355 47.87856369 1.0 0.0 0.0 0.0 0.0 0.0 0.0 0.0
67.6005355 47.87856369 1.0 0.0 0.0 0.0 0.0 0.0 0.0 0.0
72.6005355 47.87856369 1.0 0.0 0.0 0.0 0.0 0.0 0.0 0.0
77.6005355 47.87856369 1.0 0.0 0.0 0.0 0.0 0.0 0.0 0.0
82.6005355 47.87856369 1.0 0.0 0.0 0.0 0.0 0.0 0.0 0.0
87.6005355 47.87856369 0.0 1.0 0.0 0.0 0.0 0.0 0.0 0.0
92.6005355 52.87856369 0.0 1.0 0.0 0.0 0.0 0.0 0.0 0.0
97.6005355 57.87856369 0.0 0.0 1.0 0.0 0.0 0.0 0.0 0.0
97.6005355 62.87856369 0.0 0.0 1.0 0.0 0.0 0.0 0.0 0.0
97.6005355 67.87856369 0.0 0.0 1.0 0.0 0.0 0.0 0.0 0.0
97.6005355 72.87856369 0.0 0.0 1.0 0.0 0.0 0.0 0.0 0.0
97.6005355 77.87856369 0.0 0.0 1.0 0.0 0.0 0.0 0.0 0.0
97.6005355 82.87856369 0.0 0.0 1.0 0.0 0.0 0.0 0.0 0.0
97.6005355 87.87856369 0.0 0.0 0.0 1.0 0.0 0.0 0.0 0.0
92.6005355 92.87856369 0.0 0.0 0.0 1.0 0.0 0.0 0.0 0.0
