4.41586524 41.0809573 1.0 0.0 0.0 0.0 0.0 0.0 0.0 0.0
9.41586524 41.0809573 1.0 0.0 0.0 0.0 0.0 0.0 0.0 0.0
14.41586524 41.0809573 1.0 0.0 0.0 0.0 0.0 0.0 0.0 0.0
19.41586524 41.0809573 0.0 0.0 0.0 0.0 0.0 0.0 0.0 1.0
24.41586524 36.0809573 1.0 0.0 0.0 0.0 0.0 0.0 0.0 0.0
29.41586524 36.0809573 1.0 0.0 0.0 0.0 0.0 0.0 0.0 0.0
34.41586524 36.0809573 0.0 0.0 0.0 0.0 0.0 0.0 0.0 1.0
39.41586524 31.0809573 1.0 0.0 0.0 0.0 0.0 0.0 0.0 0.0
44.41586524 31.0809573 1.0 0.0 0.0 0.0 0.0 0.0 0.0 0.0
49.41586524 31.0809573 1.0 0.0 0.0 0.0 0.0 0.0 0.0 0.0
54.41586524 31.0809573 1.0 0.0 0.0 0.0 0.0 0.0 0.0 0.0
59.41586524 31.0809573 1.0 0.0 0.0 0.0 0.0 0.0 0.0 0.0
64.41586524 31.0809573 1.0 0.0 0.0 0.0 0.0 0.0 0.0 0.0
69.41586524 31.0809573 0.0 0.0 0.0 0.0 0.0 0.0 0.0 1.0
74.41586524 26.0809573 0.0 0.0 0.0 0.0 0.0 0.0 0.0 1.0
79.41586524 21.0809573 1.0 0.0 0.0 0.0 0.0 0.0 0.0 0.0
84.41586524 21.0809573 1.0 0.0 0.0 0.0 0.0 0.0 0.0 0.0
89.41586524 21.0809573 0.0 0.0 0.0 0.0 0.0 0.0 0.0 1.0
94.41586524 16.0809573 0.0 0.0 0.0 0.0 0.0 0.0 1.0 0.0
94.41586524 11.0809573 0.0 0.0 0.0 0.0 0.0 0.0 0.0 1.0
