6.62510591 90.71783926 1.0 0.0 0.0 0.0 0.0 0.0 0.0 0.0
11.62510591 90.71783926 0.0 0.0 0.0 0.0 0.0 0.0 0.0 1.0
16.62510591 85.71783926 0.0 0.0 0.0 0.0 0.0 0.0 0.0 1.0
21.62510591 80.71783926 0.0 0.0 0.0 0.0 0.0 0.0 0.0 1.0
26.62510591 75.71783926 0.0 0.0 0.0 0.0 0.0 0.0 0.0 1.0
31.62510591 70.71783926 1.0 0.0 0.0 0.0 0.0 0.0 0.0 0.0
36.62510591 70.71783926 1.0 0.0 0.0 0.0 0.0 0.0 0.0 0.0
41.62510591 70.71783926 1.0 0.0 0.0 0.0 0.0 0.0 0.0 0.0
46.62510591 70.71783926 0.0 0.0 0.0 0.0 0.0 0.0 0.0 1.0
51.62510591 65.71783926 0.0 0.0 0.0 0.0 0.0 0.0 0.0 1.0
56.62510591 60.71783926 0.0 0.0 0.0 0.0 0.0 0.0 1.0 0.0
56.62510591 55.71783926 0.0 0.0 0.0 0.0 0.0 0.0 1.0 0.0
56.62510591 50.71783926 0.0 0.0 0.0 0.0 0.0 0.0 1.0 0.0
56.62510591 45.71783926 0.0 0.0 0.0 0.0 0.0 0.0 1.0 0.0
56.62510591 40.71783926 0.0 0.0 0.0 0.0 0.0 0.0 1.0 0.0
56.62510591 35.71783926 0.0 0.0 0.0 0.0 0.0 0.0 0.0 1.0
61.62510591 30.71783926 0.0 0.0 0.0 0.0 0.0 0.0 0.0 1.0
