99.28426109 25.26337748 0.0 0.0 0.0 1.0 0.0 0.0 0.0 0.0
94.28426109 30.26337748 0.0 0.0 1.0 0.0 0.0 0.0 0.0 0.0
94.28426109 35.26337748 0.0 0.0 1.0 0.0 0.0 0.0 0.0 0.0
94.28426109 40.26337748 0.0 0.0 1.0 0.0 0.0 0.0 0.0 0.0
94.28426109 45.26337748 0.0 0.0 0.0 1.0 0.0 0.0 0.0 0.0
89.28426109 50.26337748 0.0 0.0 0.0 1.0 0.0 0.0 0.0 0.0
84.28426109 55.26337748 0.0 0.0 0.0 1.0 0.0 0.0 0.0 0.0
79.28426109 60.26337748 0.0 0.0 0.0 0.0 1.0 0.0 0.0 0.0
74.28426109 60.26337748 0.0 0.0 0.0 0.0 1.0 0.0 0.0 0.0
69.28426109 60.26337748 0.0 0.0 0.0 0.0 1.0 0.0 0.0 0.0
64.28426109 60.26337748 0.0 0.0 0.0 0.0 1.0 0.0 0.0 0.0
59.28426109 60.26337748 0.0 0.0 0.0 0.0 1.0 0.0 0.0 0.0
54.28426109 60.26337748 0.0 0.0 0.0 0.0 1.0 0.0 0.0 0.0
49.28426109 60.26337748 0.0 0.0 0.0 1.0 0.0 0.0 0.0 0.0
44.28426109 65.26337748 0.0 0.0 0.0 0.0 1.0 0.0 0.0 0.0
39.28426109 65.26337748 0.0 0.0 0.0 0.0 0.0 1.0 0.0 0.0
34.28426109 60.26337748 0.0 0.0 0.0 0.0 0.0 1.0 0.0 0.0
29.28426109 55.26337748 0.0 0.0 0.0 0.0 0.0 1.0 0.0 0.0
24.28426109 50.26337748 0.0 0.0 0.0 0.0 0.0 1.0 0.0 0.0
19.28426109 45.26337748 0.0 0.0 0.0 0.0 0.0 1.0 0.0 0.0
14.28426109 40.26337748 0.0 0.0 0.0 0.0 0.0 0.0 1.0 0.0
14.28426109 35.26337748 0.0 0.0 0.0 0.0 0.0 1.0 0.0 0.0
9.28426109 30.26337748 0.0 0.0 0.0 0.0 0.0 0.0 0.0 1.0
