8.20179354 40.04092777 1.0 0.0 0.0 0.0 0.0 0.0 0.0 0.0
13.20179354 40.04092777 1.0 0.0 0.0 0.0 0.0 0.0 0.0 0.0
18.20179354 40.04092777 1.0 0.0 0.0 0.0 0.0 0.0 0.0 0.0
23.20179354 40.04092777 1.0 0.0 0.0 0.0 0.0 0.0 0.0 0.0
28.20179354 40.04092777 0.0 1.0 0.0 0.0 0.0 0.0 0.0 0.0
33.20179354 45.04092777 0.0 1.0 0.0 0.0 0.0 0.0 0.0 0.0
38.20179354 50.04092777 0.0 1.0 0.0 0.0 0.0 0.0 0.0 0.0
43.20179354 55.04092777 1.0 0.0 0.0 0.0 0.0 0.0 0.0 0.0
48.20179354 55.04092777 1.0 0.0 0.0 0.0 0.0 0.0 0.0 0.0
53.20179354 55.04092777 1.0 0.0 0.0 0.0 0.0 0.0 0.0 0.0
58.20179354 55.04092777 1.0 0.0 0.0 0.0 0.0 0.0 0.0 0.0
63.20179354 55.04092777 1.0 0.0 0.0 0.0 0.0 0.0 0.0 0.0
68.20179354 55.04092777 1.0 0.0 0.0 0.0 0.0 0.0 0.0 0.0
73.20179354 55.04092777 1.0 0.0 0.0 0.0 0.0 0.0 0.0 0.0
78.20179354 55.04092777 1.0 0.0 0.0 0.0 0.0 0.0 0.0 0.0
83.20179354 55.04092777 1.0 0.0 0.0 0.0 0.0 0.0 0.0 0.0
88.20179354 55.04092777 0.0 0.0 0.0 0.0 0.0 0.0 0.0 1.0
