8.78123353 9.35148136 0.0 0.0 1.0 0.0 0.0 0.0 0.0 0.0
8.78123353 14.35148136 0.0 0.0 1.0 0.0 0.0 0.0 0.0 0.0
8.78123353 19.35148136 0.0 0.0 1.0 0.0 0.0 0.0 0.0 0.0
8.78123353 24.35148136 0.0 0.0 1.0 0.0 0.0 0.0 0.0 0.0
8.78123353 29.35148136 0.0 0.0 1.0 0.0 0.0 0.0 0.0 0.0
8.78123353 34.35148136 0.0 0.0 1.0 0.0 0.0 0.0 0.0 0.0
8.78123353 39.35148136 0.0 0.0 1.0 0.0 0.0 0.0 0.0 0.0
8.78123353 44.35148136 0.0 0.0 1.0 0.0 0.0 0.0 0.0 0.0
8.78123353 49.35148136 0.0 0.0 1.0 0.0 0.0 0.0 0.0 0.0
8.78123353 54.35148136 0.0 0.0 1.0 0.0 0.0 0.0 0.0 0.0
8.78123353 59.35148136 0.0 1.0 0.0 0.0 0.0 0.0 0.0 0.0
