1.25005259 29.97284957 1.0 0.0 0.0 0.0 0.0 0.0 0.0 0.0
6.25005259 29.97284957 1.0 0.0 0.0 0.0 0.0 0.0 0.0 0.0
11.25005259 29.97284957 0.0 1.0 0.0 0.0 0.0 0.0 0.0 0.0
16.25005259 34.97284957 0.0 1.0 0.0 0.0 0.0 0.0 0.0 0.0
21.25005259 39.97284957 0.0 1.0 0.0 0.0 0.0 0.0 0.0 0.0
26.25005259 44.97284957 0.0 1.0 0.0 0.0 0.0 0.0 0.0 0.0
31.25005259 49.97284957 1.0 0.0 0.0 0.0 0.0 0.0 0.0 0.0
36.25005259 49.97284957 1.0 0.0 0.0 0.0 0.0 0.0 0.0 0.0
41.25005259 49.97284957 0.0 1.0 0.0 0.0 0.0 0.0 0.0 0.0
46.25005259 54.97284957 1.0 0.0 0.0 0.0 0.0 0.0 0.0 0.0
51.25005259 54.97284957 1.0 0.0 0.0 0.0 0.0 0.0 0.0 0.0
56.25005259 54.97284957 1.0 0.0 0.0 0.0 0.0 0.0 0.0 0.0
61.25005259 54.97284957 1.0 0.0 0.0 0.0 0.0 0.0 0.0 0.0
66.25005259 54.97284957 0.0 1.0 0.0 0.0 0.0 0.0 0.0 0.0
71.25005259 59.97284957 1.0 0.0 0.0 0.0 0.0 0.0 0.0 0.0
76.25005259 59.97284957 0.0 1.0 0.0 0.0 0.0 0.0 0.0 0.0
81.25005259 64.97284957 0.0 1.0 0.0 0.0 0.0 0.0 0.0 0.0
