0.67022243 17.21658228 1.0 0.0 0.0 0.0 0.0 0.0 0.0 0.0
5.67022243 17.21658228 1.0 0.0 0.0 0.0 0.0 0.0 0.0 0.0
10.67022243 17.21658228 1.0 0.0 0.0 0.0 0.0 0.0 0.0 0.0
15.67022243 17.21658228 1.0 0.0 0.0 0.0 0.0 0.0 0.0 0.0
20.67022243 17.21658228 1.0 0.0 0.0 0.0 0.0 0.0 0.0 0.0
25.67022243 17.21658228 1.0 0.0 0.0 0.0 0.0 0.0 0.0 0.0
30.67022243 17.21658228 1.0 0.0 0.0 0.0 0.0 0.0 0.0 0.0
35.67022243 17.21658228 1.0 0.0 0.0 0.0 0.0 0.0 0.0 0.0
40.67022243 17.21658228 1.0 0.0 0.0 0.0 0.0 0.0 0.0 0.0
45.67022243 17.21658228 1.0 0.0 0.0 0.0 0.0 0.0 0.0 0.0
50.67022243 17.21658228 1.0 0.0 0.0 0.0 0.0 0.0 0.0 0.0
55.67022243 17.21658228 1.0 0.0 0.0 0.0 0.0 0.0 0.0 0.0
60.67022243 17.21658228 1.0 0.0 0.0 0.0 0.0 0.0 0.0 0.0
65.67022243 17.21658228 1.0 0.0 0.0 0.0 0.0 0.0 0.0 0.0
70.67022243 17.21658228 1.0 0.0 0.0 0.0 0.0 0.0 0.0 0.0
75.67022243 17.21658228 1.0 0.0 0.0 0.0 0.0 0.0 0.0 0.0
80.67022243 17.21658228 0.0 1.0 0.0 0.0 0.0 0.0 0.0 0.0
85.67022243 22.21658228 0.0 1.0 0.0 0.0 0.0 0.0 0.0 0.0
90.67022243 27.21658228 0.0 0.0 0.0 0.0 0.0 0.0 0.0 1.0
