88.43650147 93.54889076 0.0 0.0 0.0 0.0 0.0 0.0 1.0 0.0
88.43650147 88.54889076 0.0 0.0 0.0 0.0 0.0 0.0 1.0 0.0
88.43650147 83.54889076 0.0 0.0 0.0 0.0 0.0 0.0 1.0 0.0
88.43650147 78.54889076 0.0 0.0 0.0 0.0 0.0 0.0 0.0 1.0
93.43650147 73.54889076 0.0 0.0 0.0 0.0 0.0 0.0 0.0 1.0
98.43650147 68.54889076 0.0 0.0 0.0 0.0 0.0 0.0 1.0 0.0
98.43650147 63.54889076 0.0 0.0 0.0 0.0 0.0 0.0 1.0 0.0
98.43650147 58.54889076 0.0 0.0 0.0 0.0 0.0 0.0 1.0 0.0
98.43650147 53.54889076 0.0 0.0 0.0 0.0 0.0 1.0 0.0 0.0
93.43650147 48.54889076 0.0 0.0 0.0 0.0 0.0 1.0 0.0 0.0
88.43650147 43.54889076 0.0 0.0 0.0 0.0 0.0 1.0 0.0 0.0
83.43650147 38.54889076 0.0 0.0 0.0 0.0 0.0 1.0 0.0 0.0
78.43650147 33.54889076 0.0 0.0 0.0 0.0 0.0 1.0 0.0 0.0
73.43650147 28.54889076 0.0 0.0 0.0 0.0 0.0 1.0 0.0 0.0
68.43650147 23.54889076 0.0 0.0 0.0 0.0 1.0 0.0 0.0 0.0
63.43650147 23.54889076 0.0 0.0 0.0 0.0 0.0 1.0 0.0 0.0
58.43650147 18.54889076 0.0 0.0 0.0 0.0 1.0 0.0 0.0 0.0
53.43650147 18.54889076 0.0 0.0 0.0 0.0 0.0 1.0 0.0 0.0
48.43650147 13.54889076 0.0 0.0 0.0 0.0 1.0 0.0 0.0 0.0
43.43650147 13.54889076 0.0 0.0 0.0 0.0 0.0 1.0 0.0 0.0
38.43650147 8.54889076 0.0 0.0 0.0 0.0 1.0 0.0 0.0 0.0
33.43650147 8.54889076 0.0 0.0 0.0 0.0 1.0 0.0 0.0 0.0
28.43650147 8.54889076 0.0 0.0 0.0 0.0 0.0 1.0 0.0 0.0
23.43650147 3.54889076 0.0 0.0 0.0 0.0 0.0 1.0 0.0 0.0
