2.64948779 46.64976622 1.0 0.0 0.0 0.0 0.0 0.0 0.0 0.0
7.64948779 46.64976622 1.0 0.0 0.0 0.0 0.0 0.0 0.0 0.0
12.64948779 46.64976622 1.0 0.0 0.0 0.0 0.0 0.0 0.0 0.0
17.64948779 46.64976622 1.0 0.0 0.0 0.0 0.0 0.0 0.0 0.0
22.64948779 46.64976622 0.0 1.0 0.0 0.0 0.0 0.0 0.0 0.0
27.64948779 51.64976622 1.0 0.0 0.0 0.0 0.0 0.0 0.0 0.0
32.64948779 51.64976622 1.0 0.0 0.0 0.0 0.0 0.0 0.0 0.0
37.64948779 51.64976622 1.0 0.0 0.0 0.0 0.0 0.0 0.0 0.0
42.64948779 51.64976622 0.0 1.0 0.0 0.0 0.0 0.0 0.0 0.0
47.64948779 56.64976622 1.0 0.0 0.0 0.0 0.0 0.0 0.0 0.0
52.64948779 56.64976622 1.0 0.0 0.0 0.0 0.0 0.0 0.0 0.0
57.64948779 56.64976622 1.0 0.0 0.0 0.0 0.0 0.0 0.0 0.0
62.64948779 56.64976622 1.0 0.0 0.0 0.0 0.0 0.0 0.0 0.0
67.64948779 56.64976622 1.0 0.0 0.0 0.0 0.0 0.0 0.0 0.0
72.64948779 56.64976622 1.0 0.0 0.0 0.0 0.0 0.0 0.0 0.0
77.64948779 56.64976622 0.0 0.0 0.0 0.0 0.0 0.0 0.0 1.0
82.64948779 51.64976622 1.0 0.0 0.0 0.0 0.0 0.0 0.0 0.0
87.64948779 51.64976622 0.0 0.0 0.0 0.0 0.0 0.0 0.0 1.0
