82.31464633 12.72871942 0.0 0.0 0.0 1.0 0.0 0.0 0.0 0.0
77.31464633 17.72871942 0.0 0.0 0.0 1.0 0.0 0.0 0.0 0.0
72.31464633 22.72871942 0.0 0.0 0.0 1.0 0.0 0.0 0.0 0.0
67.31464633 27.72871942 0.0 0.0 0.0 1.0 0.0 0.0 0.0 0.0
62.31464633 32.72871942 0.0 0.0 0.0 1.0 0.0 0.0 0.0 0.0
57.31464633 37.72871942 0.0 0.0 0.0 1.0 0.0 0.0 0.0 0.0
52.31464633 42.72871942 0.0 0.0 0.0 1.0 0.0 0.0 0.0 0.0
47.31464633 47.72871942 0.0 0.0 0.0 1.0 0.0 0.0 0.0 0.0
42.31464633 52.72871942 0.0 0.0 0.0 0.0 1.0 0.0 0.0 0.0
37.31464633 52.72871942 0.0 0.0 0.0 0.0 1.0 0.0 0.0 0.0
32.31464633 52.72871942 0.0 0.0 0.0 0.0 1.0 0.0 0.0 0.0
27.31464633 52.72871942 0.0 0.0 0.0 0.0 1.0 0.0 0.0 0.0
22.31464633 52.72871942 0.0 0.0 0.0 0.0 0.0 1.0 0.0 0.0
17.31464633 47.72871942 0.0 0.0 0.0 0.0 0.0 1.0 0.0 0.0
12.31464633 42.72871942 0.0 0.0 0.0 0.0 0.0 0.0 1.0 0.0
12.31464633 37.72871942 0.0 0.0 0.0 0.0 0.0 1.0 0.0 0.0
