98.05137673 86.07314838 0.0 0.0 0.0 0.0 0.0 1.0 0.0 0.0
93.05137673 81.07314838 0.0 0.0 0.0 0.0 0.0 1.0 0.0 0.0
88.05137673 76.07314838 0.0 0.0 0.0 0.0 0.0 1.0 0.0 0.0
83.05137673 71.07314838 0.0 0.0 0.0 0.0 0.0 1.0 0.0 0.0
78.05137673 66.07314838 0.0 0.0 0.0 0.0 1.0 0.0 0.0 0.0
73.05137673 66.07314838 0.0 0.0 0.0 0.0 1.0 0.0 0.0 0.0
68.05137673 66.07314838 0.0 0.0 0.0 0.0 1.0 0.0 0.0 0.0
63.05137673 66.07314838 0.0 0.0 0.0 0.0 1.0 0.0 0.0 0.0
58.05137673 66.07314838 0.0 0.0 0.0 0.0 1.0 0.0 0.0 0.0
53.05137673 66.07314838 0.0 0.0 0.0 0.0 0.0 1.0 0.0 0.0
48.05137673 61.07314838 0.0 0.0 0.0 0.0 0.0 1.0 0.0 0.0
43.05137673 56.07314838 0.0 0.0 0.0 0.0 0.0 1.0 0.0 0.0
38.05137673 51.07314838 0.0 0.0 0.0 0.0 0.0 1.0 0.0 0.0
33.05137673 46.07314838 0.0 0.0 0.0 0.0 0.0 1.0 0.0 0.0
28.05137673 41.07314838 0.0 0.0 0.0 0.0 0.0 1.0 0.0 0.0
23.05137673 36.07314838 0.0 0.0 0.0 0.0 0.0 1.0 0.0 0.0
18.05137673 31.07314838 0.0 0.0 0.0 0.0 0.0 1.0 0.0 0.0
