45.19501317 98.30078008 0.0 0.0 0.0 0.0 0.0 0.0 1.0 0.0
45.19501317 93.30078008 0.0 0.0 0.0 0.0 0.0 1.0 0.0 0.0
40.19501317 88.30078008 0.0 0.0 0.0 0.0 0.0 0.0 1.0 0.0
40.19501317 83.30078008 0.0 0.0 0.0 0.0 0.0 1.0 0.0 0.0
35.19501317 78.30078008 0.0 0.0 0.0 0.0 0.0 0.0 1.0 0.0
35.19501317 73.30078008 0.0 0.0 0.0 0.0 0.0 1.0 0.0 0.0
30.19501317 68.30078008 0.0 0.0 0.0 0.0 0.0 1.0 0.0 0.0
25.19501317 63.30078008 0.0 0.0 0.0 0.0 0.0 1.0 0.0 0.0
20.19501317 58.30078008 0.0 0.0 0.0 0.0 0.0 0.0 1.0 0.0
20.19501317 53.30078008 0.0 0.0 0.0 0.0 0.0 0.0 1.0 0.0
20.19501317 48.30078008 0.0 0.0 0.0 0.0 0.0 0.0 1.0 0.0
20.19501317 43.30078008 0.0 0.0 0.0 0.0 0.0 0.0 1.0 0.0
20.19501317 38.30078008 0.0 0.0 0.0 0.0 0.0 1.0 0.0 0.0
15.19501317 33.30078008 0.0 0.0 0.0 0.0 0.0 0.0 1.0 0.0
15.19501317 28.30078008 0.0 0.0 0.0 0.0 0.0 1.0 0.0 0.0
10.19501317 23.30078008 0.0 0.0 0.0 0.0 0.0 0.0 1.0 0.0
10.19501317 18.30078008 0.0 0.0 0.0 0.0 0.0 1.0 0.0 0.0
