40.2834668 88.66568845 0.0 0.0 0.0 0.0 0.0 0.0 1.0 0.0
40.2834668 83.66568845 0.0 0.0 0.0 0.0 0.0 0.0 1.0 0.0
40.2834668 78.66568845 0.0 0.0 0.0 0.0 0.0 0.0 1.0 0.0
40.2834668 73.66568845 0.0 0.0 0.0 0.0 0.0 0.0 0.0 1.0
45.2834668 68.66568845 0.0 0.0 0.0 0.0 0.0 0.0 1.0 0.0
45.2834668 63.66568845 0.0 0.0 0.0 0.0 0.0 0.0 0.0 1.0
50.2834668 58.66568845 0.0 0.0 0.0 0.0 0.0 0.0 1.0 0.0
50.2834668 53.66568845 0.0 0.0 0.0 0.0 0.0 1.0 0.0 0.0
45.2834668 48.66568845 0.0 0.0 0.0 0.0 0.0 1.0 0.0 0.0
40.2834668 43.66568845 0.0 0.0 0.0 0.0 0.0 1.0 0.0 0.0
35.2834668 38.66568845 0.0 0.0 0.0 0.0 0.0 1.0 0.0 0.0
30.2834668 33.66568845 0.0 0.0 0.0 0.0 0.0 1.0 0.0 0.0
25.2834668 28.66568845 0.0 0.0 0.0 0.0 0.0 0.0 1.0 0.0
25.2834668 23.66568845 0.0 0.0 0.0 0.0 0.0 1.0 0.0 0.0
