15.9673025 32.73449239 0.0 1.0 0.0 0.0 0.0 0.0 0.0 0.0
20.9673025 37.73449239 0.0 1.0 0.0 0.0 0.0 0.0 0.0 0.0
25.9673025 42.73449239 0.0 1.0 0.0 0.0 0.0 0.0 0.0 0.0
30.9673025 47.73449239 0.0 1.0 0.0 0.0 0.0 0.0 0.0 0.0
35.9673025 52.73449239 1.0 0.0 0.0 0.0 0.0 0.0 0.0 0.0
40.9673025 52.73449239 1.0 0.0 0.0 0.0 0.0 0.0 0.0 0.0
45.9673025 52.73449239 1.0 0.0 0.0 0.0 0.0 0.0 0.0 0.0
50.9673025 52.73449239 0.0 1.0 0.0 0.0 0.0 0.0 0.0 0.0
55.9673025 57.73449239 1.0 0.0 0.0 0.0 0.0 0.0 0.0 0.0
60.9673025 57.73449239 0.0 1.0 0.0 0.0 0.0 0.0 0.0 0.0
65.9673025 62.73449239 1.0 0.0 0.0 0.0 0.0 0.0 0.0 0.0
70.9673025 62.73449239 0.0 1.0 0.0 0.0 0.0 0.0 0.0 0.0
75.9673025 67.73449239 1.0 0.0 0.0 0.0 0.0 0.0 0.0 0.0
80.9673025 67.73449239 0.0 1.0 0.0 0.0 0.0 0.0 0.0 0.0
