71.32105207 6.89687375 0.0 0.0 0.0 1.0 0.0 0.0 0.0 0.0
66.32105207 11.89687375 0.0 0.0 0.0 1.0 0.0 0.0 0.0 0.0
61.32105207 16.89687375 0.0 0.0 0.0 1.0 0.0 0.0 0.0 0.0
56.32105207 21.89687375 0.0 0.0 0.0 1.0 0.0 0.0 0.0 0.0
51.32105207 26.89687375 0.0 0.0 0.0 0.0 1.0 0.0 0.0 0.0
46.32105207 26.89687375 0.0 0.0 0.0 0.0 1.0 0.0 0.0 0.0
41.32105207 26.89687375 0.0 0.0 0.0 1.0 0.0 0.0 0.0 0.0
36.32105207 31.89687375 0.0 0.0 0.0 0.0 1.0 0.0 0.0 0.0
31.32105207 31.89687375 0.0 0.0 0.0 1.0 0.0 0.0 0.0 0.0
26.32105207 36.89687375 0.0 0.0 0.0 1.0 0.0 0.0 0.0 0.0
21.32105207 41.89687375 0.0 0.0 1.0 0.0 0.0 0.0 0.0 0.0
21.32105207 46.89687375 0.0 0.0 1.0 0.0 0.0 0.0 0.0 0.0
21.32105207 51.89687375 0.0 0.0 1.0 0.0 0.0 0.0 0.0 0.0
21.32105207 56.89687375 0.0 0.0 1.0 0.0 0.0 0.0 0.0 0.0
21.32105207 61.89687375 0.0 0.0 1.0 0.0 0.0 0.0 0.0 0.0
21.32105207 66.89687375 0.0 1.0 0.0 0.0 0.0 0.0 0.0 0.0
26.32105207 71.89687375 0.0 0.0 1.0 0.0 0.0 0.0 0.0 0.0
26.32105207 76.89687375 0.0 1.0 0.0 0.0 0.0 0.0 0.0 0.0
31.32105207 81.89687375 0.0 0.0 1.0 0.0 0.0 0.0 0.0 0.0
31.32105207 86.89687375 0.0 0.0 1.0 0.0 0.0 0.0 0.0 0.0
31.32105207 91.89687375 0.0 1.0 0.0 0.0 0.0 0.0 0.0 0.0
