71.40241641 1.14671653 0.0 0.0 1.0 0.0 0.0 0.0 0.0 0.0
71.40241641 6.14671653 0.0 0.0 1.0 0.0 0.0 0.0 0.0 0.0
71.40241641 11.14671653 0.0 0.0 1.0 0.0 0.0 0.0 0.0 0.0
71.40241641 16.14671653 0.0 0.0 1.0 0.0 0.0 0.0 0.0 0.0
71.40241641 21.14671653 0.0 0.0 1.0 0.0 0.0 0.0 0.0 0.0
71.40241641 26.14671653 0.0 0.0 1.0 0.0 0.0 0.0 0.0 0.0
71.40241641 31.14671653 0.0 0.0 1.0 0.0 0.0 0.0 0.0 0.0
71.40241641 36.14671653 0.0 0.0 1.0 0.0 0.0 0.0 0.0 0.0
71.40241641 41.14671653 0.0 1.0 0.0 0.0 0.0 0.0 0.0 0.0
76.40241641 46.14671653 0.0 1.0 0.0 0.0 0.0 0.0 0.0 0.0
81.40241641 51.14671653 0.0 0.0 1.0 0.0 0.0 0.0 0.0 0.0
81.40241641 56.14671653 0.0 0.0 1.0 0.0 0.0 0.0 0.0 0.0
81.40241641 61.14671653 0.0 0.0 1.0 0.0 0.0 0.0 0.0 0.0
81.40241641 66.14671653 0.0 0.0 1.0 0.0 0.0 0.0 0.0 0.0
81.40241641 71.14671653 0.0 0.0 1.0 0.0 0.0 0.0 0.0 0.0
81.40241641 76.14671653 0.0 0.0 0.0 1.0 0.0 0.0 0.0 0.0
