83.70628547 35.4291666 0.0 0.0 0.0 0.0 0.0 1.0 0.0 0.0
78.70628547 30.4291666 0.0 0.0 0.0 0.0 0.0 1.0 0.0 0.0
73.70628547 25.4291666 0.0 0.0 0.0 0.0 0.0 1.0 0.0 0.0
68.70628547 20.4291666 0.0 0.0 0.0 0.0 1.0 0.0 0.0 0.0
63.70628547 20.4291666 0.0 0.0 0.0 0.0 1.0 0.0 0.0 0.0
58.70628547 20.4291666 0.0 0.0 0.0 0.0 1.0 0.0 0.0 0.0
53.70628547 20.4291666 0.0 0.0 0.0 0.0 1.0 0.0 0.0 0.0
48.70628547 20.4291666 0.0 0.0 0.0 0.0 1.0 0.0 0.0 0.0
43.70628547 20.4291666 0.0 0.0 0.0 1.0 0.0 0.0 0.0 0.0
38.70628547 25.4291666 0.0 0.0 0.0 1.0 0.0 0.0 0.0 0.0
33.70628547 30.4291666 0.0 0.0 0.0 1.0 0.0 0.0 0.0 0.0
28.70628547 35.4291666 0.0 0.0 0.0 1.0 0.0 0.0 0.0 0.0
23.70628547 40.4291666 0.0 0.0 0.0 0.0 1.0 0.0 0.0 0.0
18.70628547 40.4291666 0.0 0.0 0.0 0.0 1.0 0.0 0.0 0.0
13.70628547 40.4291666 0.0 0.0 0.0 0.0 0.0 1.0 0.0 0.0
8.70628547 35.4291666 0.0 0.0 0.0 0.0 0.0 1.0 0.0 0.0
3.70628547 30.4291666 0.0 0.0 0.0 1.0 0.0 0.0 0.0 0.0
