1.01759727 5.52597395 0.0 1.0 0.0 0.0 0.0 0.0 0.0 0.0
6.01759727 10.52597395 0.0 1.0 0.0 0.0 0.0 0.0 0.0 0.0
11.01759727 15.52597395 1.0 0.0 0.0 0.0 0.0 0.0 0.0 0.0
16.01759727 15.52597395 1.0 0.0 0.0 0.0 0.0 0.0 0.0 0.0
21.01759727 15.52597395 0.0 1.0 0.0 0.0 0.0 0.0 0.0 0.0
26.01759727 20.52597395 0.0 1.0 0.0 0.0 0.0 0.0 0.0 0.0
31.01759727 25.52597395 0.0 0.0 1.0 0.0 0.0 0.0 0.0 0.0
31.01759727 30.52597395 0.0 0.0 1.0 0.0 0.0 0.0 0.0 0.0
31.01759727 35.52597395 0.0 0.0 1.0 0.0 0.0 0.0 0.0 0.0
31.01759727 40.52597395 0.0 0.0 1.0 0.0 0.0 0.0 0.0 0.0
31.01759727 45.52597395 0.0 0.0 1.0 0.0 0.0 0.0 0.0 0.0
31.01759727 50.52597395 0.0 0.0 1.0 0.0 0.0 0.0 0.0 0.0
31.01759727 55.52597395 0.0 0.0 1.0 0.0 0.0 0.0 0.0 0.0
31.01759727 60.52597395 0.0 0.0 1.0 0.0 0.0 0.0 0.0 0.0
31.01759727 65.52597395 0.0 0.0 1.0 0.0 0.0 0.0 0.0 0.0
31.01759727 70.52597395 0.0 0.0 0.0 1.0 0.0 0.0 0.0 0.0
26.01759727 75.52597395 0.0 0.0 1.0 0.0 0.0 0.0 0.0 0.0
26.01759727 80.52597395 0.0 0.0 1.0 0.0 0.0 0.0 0.0 0.0
26.01759727 85.52597395 0.0 0.0 0.0 1.0 0.0 0.0 0.0 0.0
21.01759727 90.52597395 0.0 0.0 0.0 1.0 0.0 0.0 0.0 0.0
