24.65879797 3.42866918 0.0 0.0 1.0 0.0 0.0 0.0 0.0 0.0
24.65879797 8.42866918 0.0 0.0 1.0 0.0 0.0 0.0 0.0 0.0
24.65879797 13.42866918 0.0 0.0 1.0 0.0 0.0 0.0 0.0 0.0
24.65879797 18.42866918 0.0 0.0 1.0 0.0 0.0 0.0 0.0 0.0
24.65879797 23.42866918 0.0 0.0 1.0 0.0 0.0 0.0 0.0 0.0
24.65879797 28.42866918 0.0 0.0 0.0 1.0 0.0 0.0 0.0 0.0
19.65879797 33.42866918 0.0 0.0 0.0 1.0 0.0 0.0 0.0 0.0
14.65879797 38.42866918 0.0 0.0 1.0 0.0 0.0 0.0 0.0 0.0
14.65879797 43.42866918 0.0 0.0 1.0 0.0 0.0 0.0 0.0 0.0
14.65879797 48.42866918 0.0 0.0 1.0 0.0 0.0 0.0 0.0 0.0
14.65879797 53.42866918 0.0 0.0 1.0 0.0 0.0 0.0 0.0 0.0
14.65879797 58.42866918 0.0 0.0 1.0 0.0 0.0 0.0 0.0 0.0
14.65879797 63.42866918 0.0 0.0 1.0 0.0 0.0 0.0 0.0 0.0
14.65879797 68.42866918 0.0 0.0 1.0 0.0 0.0 0.0 0.0 0.0
14.65879797 73.42866918 0.0 0.0 1.0 0.0 0.0 0.0 0.0 0.0
14.65879797 78.42866918 0.0 0.0 1.0 0.0 0.0 0.0 0.0 0.0
14.65879797 83.42866918 0.0 0.0 1.0 0.0 0.0 0.0 0.0 0.0
14.65879797 88.42866918 0.0 0.0 0.0 1.0 0.0 0.0 0.0 0.0
