3.11598983 90.60254027 1.0 0.0 0.0 0.0 0.0 0.0 0.0 0.0
8.11598983 90.60254027 0.0 1.0 0.0 0.0 0.0 0.0 0.0 0.0
13.11598983 95.60254027 1.0 0.0 0.0 0.0 0.0 0.0 0.0 0.0
18.11598983 95.60254027 0.0 0.0 0.0 0.0 0.0 0.0 0.0 1.0
23.11598983 90.60254027 0.0 0.0 0.0 0.0 0.0 0.0 0.0 1.0
28.11598983 85.60254027 0.0 0.0 0.0 0.0 0.0 0.0 0.0 1.0
33.11598983 80.60254027 0.0 0.0 0.0 0.0 0.0 0.0 0.0 1.0
38.11598983 75.60254027 0.0 0.0 0.0 0.0 0.0 0.0 1.0 0.0
38.11598983 70.60254027 0.0 0.0 0.0 0.0 0.0 0.0 1.0 0.0
38.11598983 65.60254027 0.0 0.0 0.0 0.0 0.0 0.0 1.0 0.0
38.11598983 60.60254027 0.0 0.0 0.0 0.0 0.0 0.0 1.0 0.0
38.11598983 55.60254027 0.0 0.0 0.0 0.0 0.0 0.0 1.0 0.0
38.11598983 50.60254027 0.0 0.0 0.0 0.0 0.0 0.0 0.0 1.0
43.11598983 45.60254027 0.0 0.0 0.0 0.0 0.0 0.0 0.0 1.0
48.11598983 40.60254027 1.0 0.0 0.0 0.0 0.0 0.0 0.0 0.0
53.11598983 40.60254027 1.0 0.0 0.0 0.0 0.0 0.0 0.0 0.0
58.11598983 40.60254027 1.0 0.0 0.0 0.0 0.0 0.0 0.0 0.0
63.11598983 40.60254027 0.0 1.0 0.0 0.0 0.0 0.0 0.0 0.0
