98.81302942 29.62797579 0.0 0.0 1.0 0.0 0.0 0.0 0.0 0.0
98.81302942 34.62797579 0.0 0.0 1.0 0.0 0.0 0.0 0.0 0.0
98.81302942 39.62797579 0.0 0.0 0.0 1.0 0.0 0.0 0.0 0.0
93.81302942 44.62797579 0.0 0.0 1.0 0.0 0.0 0.0 0.0 0.0
93.81302942 49.62797579 0.0 0.0 0.0 1.0 0.0 0.0 0.0 0.0
88.81302942 54.62797579 0.0 0.0 0.0 0.0 1.0 0.0 0.0 0.0
83.81302942 54.62797579 0.0 0.0 0.0 1.0 0.0 0.0 0.0 0.0
78.81302942 59.62797579 0.0 0.0 0.0 0.0 1.0 0.0 0.0 0.0
73.81302942 59.62797579 0.0 0.0 0.0 0.0 1.0 0.0 0.0 0.0
68.81302942 59.62797579 0.0 0.0 0.0 0.0 1.0 0.0 0.0 0.0
63.81302942 59.62797579 0.0 0.0 0.0 1.0 0.0 0.0 0.0 0.0
58.81302942 64.62797579 0.0 0.0 0.0 0.0 1.0 0.0 0.0 0.0
53.81302942 64.62797579 0.0 0.0 0.0 1.0 0.0 0.0 0.0 0.0
48.81302942 69.62797579 0.0 0.0 0.0 0.0 1.0 0.0 0.0 0.0
43.81302942 69.62797579 0.0 0.0 0.0 1.0 0.0 0.0 0.0 0.0
38.81302942 74.62797579 0.0 0.0 0.0 0.0 1.0 0.0 0.0 0.0
33.81302942 74.62797579 0.0 0.0 0.0 1.0 0.0 0.0 0.0 0.0
28.81302942 79.62797579 0.0 0.0 0.0 0.0 1.0 0.0 0.0 0.0
23.81302942 79.62797579 0.0 0.0 0.0 1.0 0.0 0.0 0.0 0.0
