12.80162652 12.65217667 0.0 1.0 0.0 0.0 0.0 0.0 0.0 0.0
17.80162652 17.65217667 0.0 1.0 0.0 0.0 0.0 0.0 0.0 0.0
22.80162652 22.65217667 1.0 0.0 0.0 0.0 0.0 0.0 0.0 0.0
27.80162652 22.65217667 0.0 1.0 0.0 0.0 0.0 0.0 0.0 0.0
32.80162652 27.65217667 0.0 1.0 0.0 0.0 0.0 0.0 0.0 0.0
37.80162652 32.65217667 0.0 0.0 1.0 0.0 0.0 0.0 0.0 0.0
37.80162652 37.65217667 0.0 0.0 1.0 0.0 0.0 0.0 0.0 0.0
37.80162652 42.65217667 0.0 0.0 1.0 0.0 0.0 0.0 0.0 0.0
37.80162652 47.65217667 0.0 1.0 0.0 0.0 0.0 0.0 0.0 0.0
42.80162652 52.65217667 0.0 0.0 1.0 0.0 0.0 0.0 0.0 0.0
42.80162652 57.65217667 0.0 0.0 1.0 0.0 0.0 0.0 0.0 0.0
42.80162652 62.65217667 0.0 0.0 1.0 0.0 0.0 0.0 0.0 0.0
42.80162652 67.65217667 0.0 0.0 1.0 0.0 0.0 0.0 0.0 0.0
42.80162652 72.65217667 0.0 1.0 0.0 0.0 0.0 0.0 0.0 0.0
47.80162652 77.65217667 0.0 0.0 1.0 0.0 0.0 0.0 0.0 0.0
47.80162652 82.65217667 0.0 1.0 0.0 0.0 0.0 0.0 0.0 0.0
