14.3013836 5.20946183 0.0 1.0 0.0 0.0 0.0 0.0 0.0 0.0
19.3013836 10.20946183 0.0 1.0 0.0 0.0 0.0 0.0 0.0 0.0
24.3013836 15.20946183 0.0 1.0 0.0 0.0 0.0 0.0 0.0 0.0
29.3013836 20.20946183 0.0 1.0 0.0 0.0 0.0 0.0 0.0 0.0
34.3013836 25.20946183 0.0 1.0 0.0 0.0 0.0 0.0 0.0 0.0
39.3013836 30.20946183 0.0 1.0 0.0 0.0 0.0 0.0 0.0 0.0
44.3013836 35.20946183 1.0 0.0 0.0 0.0 0.0 0.0 0.0 0.0
49.3013836 35.20946183 1.0 0.0 0.0 0.0 0.0 0.0 0.0 0.0
54.3013836 35.20946183 0.0 1.0 0.0 0.0 0.0 0.0 0.0 0.0
59.3013836 40.20946183 0.0 1.0 0.0 0.0 0.0 0.0 0.0 0.0
64.3013836 45.20946183 0.0 1.0 0.0 0.0 0.0 0.0 0.0 0.0
69.3013836 50.20946183 0.0 0.0 1.0 0.0 0.0 0.0 0.0 0.0
69.3013836 55.20946183 0.0 0.0 1.0 0.0 0.0 0.0 0.0 0.0
69.3013836 60.20946183 0.0 0.0 0.0 1.0 0.0 0.0 0.0 0.0
64.3013836 65.20946183 0.0 0.0 0.0 1.0 0.0 0.0 0.0 0.0
59.3013836 70.20946183 0.0 0.0 0.0 1.0 0.0 0.0 0.0 0.0
