56.60494909 8.53416431 0.0 0.0 0.0 0.0 1.0 0.0 0.0 0.0
51.60494909 8.53416431 0.0 0.0 0.0 0.0 1.0 0.0 0.0 0.0
46.60494909 8.53416431 0.0 0.0 0.0 0.0 1.0 0.0 0.0 0.0
41.60494909 8.53416431 0.0 0.0 0.0 1.0 0.0 0.0 0.0 0.0
36.60494909 13.53416431 0.0 0.0 0.0 1.0 0.0 0.0 0.0 0.0
31.60494909 18.53416431 0.0 0.0 1.0 0.0 0.0 0.0 0.0 0.0
31.60494909 23.53416431 0.0 0.0 1.0 0.0 0.0 0.0 0.0 0.0
31.60494909 28.53416431 0.0 0.0 1.0 0.0 0.0 0.0 0.0 0.0
31.60494909 33.53416431 0.0 0.0 1.0 0.0 0.0 0.0 0.0 0.0
31.60494909 38.53416431 0.0 0.0 1.0 0.0 0.0 0.0 0.0 0.0
31.60494909 43.53416431 0.0 0.0 1.0 0.0 0.0 0.0 0.0 0.0
31.60494909 48.53416431 0.0 0.0 1.0 0.0 0.0 0.0 0.0 0.0
31.60494909 53.53416431 0.0 0.0 1.0 0.0 0.0 0.0 0.0 0.0
31.60494909 58.53416431 0.0 0.0 1.0 0.0 0.0 0.0 0.0 0.0
31.60494909 63.53416431 0.0 0.0 1.0 0.0 0.0 0.0 0.0 0.0
31.60494909 68.53416431 0.0 0.0 1.0 0.0 0.0 0.0 0.0 0.0
31.60494909 73.53416431 0.0 0.0 1.0 0.0 0.0 0.0 0.0 0.0
31.60494909 78.53416431 0.0 0.0 0.0 1.0 0.0 0.0 0.0 0.0
