99.81530621 48.65543789 0.0 0.0 0.0 0.0 1.0 0.0 0.0 0.0
94.81530621 48.65543789 0.0 0.0 0.0 0.0 1.0 0.0 0.0 0.0
89.81530621 48.65543789 0.0 0.0 0.0 0.0 1.0 0.0 0.0 0.0
84.81530621 48.65543789 0.0 0.0 0.0 0.0 1.0 0.0 0.0 0.0
79.81530621 48.65543789 0.0 0.0 0.0 0.0 1.0 0.0 0.0 0.0
74.81530621 48.65543789 0.0 0.0 0.0 0.0 1.0 0.0 0.0 0.0
69.81530621 48.65543789 0.0 0.0 0.0 0.0 1.0 0.0 0.0 0.0
64.81530621 48.65543789 0.0 0.0 0.0 0.0 1.0 0.0 0.0 0.0
59.81530621 48.65543789 0.0 0.0 0.0 0.0 1.0 0.0 0.0 0.0
54.81530621 48.65543789 0.0 0.0 0.0 0.0 1.0 0.0 0.0 0.0
49.81530621 48.65543789 0.0 0.0 0.0 0.0 0.0 1.0 0.0 0.0
44.81530621 43.65543789 0.0 0.0 0.0 0.0 0.0 1.0 0.0 0.0
39.81530621 38.65543789 0.0 0.0 0.0 0.0 0.0 1.0 0.0 0.0
34.81530621 33.65543789 0.0 0.0 0.0 0.0 0.0 1.0 0.0 0.0
29.81530621 28.65543789 0.0 0.0 0.0 0.0 1.0 0.0 0.0 0.0
24.81530621 28.65543789 0.0 0.0 0.0 0.0 1.0 0.0 0.0 0.0
19.81530621 28.65543789 0.0 0.0 0.0 0.0 1.0 0.0 0.0 0.0
14.81530621 28.65543789 0.0 0.0 0.0 0.0 1.0 0.0 0.0 0.0
9.81530621 28.65543789 0.0 0.0 0.0 1.0 0.0 0.0 0.0 0.0
4.81530621 33.65543789 0.0 0.0 0.0 0.0 0.0 1.0 0.0 0.0
