12.48022128 48.31372558 1.0 0.0 0.0 0.0 0.0 0.0 0.0 0.0
17.48022128 48.31372558 1.0 0.0 0.0 0.0 0.0 0.0 0.0 0.0
22.48022128 48.31372558 1.0 0.0 0.0 0.0 0.0 0.0 0.0 0.0
27.48022128 48.31372558 1.0 0.0 0.0 0.0 0.0 0.0 0.0 0.0
32.48022128 48.31372558 1.0 0.0 0.0 0.0 0.0 0.0 0.0 0.0
37.48022128 48.31372558 1.0 0.0 0.0 0.0 0.0 0.0 0.0 0.0
42.48022128 48.31372558 1.0 0.0 0.0 0.0 0.0 0.0 0.0 0.0
47.48022128 48.31372558 1.0 0.0 0.0 0.0 0.0 0.0 0.0 0.0
52.48022128 48.31372558 0.0 0.0 0.0 0.0 0.0 0.0 0.0 1.0
57.48022128 43.31372558 0.0 0.0 0.0 0.0 0.0 0.0 0.0 1.0
62.48022128 38.31372558 1.0 0.0 0.0 0.0 0.0 0.0 0.0 0.0
67.48022128 38.31372558 0.0 0.0 0.0 0.0 0.0 0.0 0.0 1.0
72.48022128 33.31372558 0.0 0.0 0.0 0.0 0.0 0.0 0.0 1.0
77.48022128 28.31372558 1.0 0.0 0.0 0.0 0.0 0.0 0.0 0.0
82.48022128 28.31372558 1.0 0.0 0.0 0.0 0.0 0.0 0.0 0.0
87.48022128 28.31372558 0.0 1.0 0.0 0.0 0.0 0.0 0.0 0.0
92.48022128 33.31372558 0.0 1.0 0.0 0.0 0.0 0.0 0.0 0.0
97.48022128 38.31372558 0.0 0.0 1.0 0.0 0.0 0.0 0.0 0.0
97.48022128 43.31372558 0.0 0.0 1.0 0.0 0.0 0.0 0.0 0.0
97.48022128 48.31372558 0.0 0.0 0.0 1.0 0.0 0.0 0.0 0.0
92.48022128 53.31372558 0.0 0.0 0.0 1.0 0.0 0.0 0.0 0.0
87.48022128 58.31372558 0.0 0.0 0.0 1.0 0.0 0.0 0.0 0.0
82.48022128 63.31372558 0.0 0.0 0.0 0.0 0.0 1.0 0.0 0.0
