59.3020432 83.83000343 0.0 0.0 0.0 0.0 0.0 0.0 1.0 0.0
59.3020432 78.83000343 0.0 0.0 0.0 0.0 0.0 1.0 0.0 0.0
54.3020432 73.83000343 0.0 0.0 0.0 0.0 0.0 1.0 0.0 0.0
49.3020432 68.83000343 0.0 0.0 0.0 0.0 0.0 1.0 0.0 0.0
44.3020432 63.83000343 0.0 0.0 0.0 0.0 0.0 0.0 1.0 0.0
44.3020432 58.83000343 0.0 0.0 0.0 0.0 0.0 0.0 1.0 0.0
44.3020432 53.83000343 0.0 0.0 0.0 0.0 0.0 0.0 1.0 0.0
44.3020432 48.83000343 0.0 0.0 0.0 0.0 0.0 0.0 1.0 0.0
44.3020432 43.83000343 0.0 0.0 0.0 0.0 0.0 0.0 1.0 0.0
44.3020432 38.83000343 0.0 0.0 0.0 0.0 0.0 1.0 0.0 0.0
39.3020432 33.83000343 0.0 0.0 0.0 0.0 0.0 0.0 1.0 0.0
39.3020432 28.83000343 0.0 0.0 0.0 0.0 0.0 1.0 0.0 0.0
34.3020432 23.83000343 0.0 0.0 0.0 0.0 0.0 0.0 1.0 0.0
34.3020432 18.83000343 0.0 0.0 0.0 0.0 0.0 0.0 1.0 0.0
34.3020432 13.83000343 0.0 0.0 0.0 0.0 0.0 1.0 0.0 0.0
29.3020432 8.83000343 0.0 0.0 0.0 0.0 0.0 1.0 0.0 0.0
