73.45918798 4.15907288 0.0 0.0 1.0 0.0 0.0 0.0 0.0 0.0
73.45918798 9.15907288 0.0 0.0 1.0 0.0 0.0 0.0 0.0 0.0
73.45918798 14.15907288 0.0 0.0 1.0 0.0 0.0 0.0 0.0 0.0
73.45918798 19.15907288 0.0 0.0 1.0 0.0 0.0 0.0 0.0 0.0
73.45918798 24.15907288 0.0 0.0 1.0 0.0 0.0 0.0 0.0 0.0
73.45918798 29.15907288 0.0 0.0 1.0 0.0 0.0 0.0 0.0 0.0
73.45918798 34.15907288 0.0 0.0 1.0 0.0 0.0 0.0 0.0 0.0
73.45918798 39.15907288 0.0 0.0 1.0 0.0 0.0 0.0 0.0 0.0
73.45918798 44.15907288 0.0 0.0 1.0 0.0 0.0 0.0 0.0 0.0
73.45918798 49.15907288 0.0 0.0 0.0 1.0 0.0 0.0 0.0 0.0
68.45918798 54.15907288 0.0 0.0 1.0 0.0 0.0 0.0 0.0 0.0
68.45918798 59.15907288 0.0 0.0 1.0 0.0 0.0 0.0 0.0 0.0
68.45918798 64.15907288 0.0 0.0 0.0 1.0 0.0 0.0 0.0 0.0
63.45918798 69.15907288 0.0 0.0 1.0 0.0 0.0 0.0 0.0 0.0
63.45918798 74.15907288 0.0 0.0 0.0 1.0 0.0 0.0 0.0 0.0
58.45918798 79.15907288 0.0 0.0 0.0 1.0 0.0 0.0 0.0 0.0
