32.14642556 85.73054293 0.0 0.0 0.0 0.0 0.0 0.0 0.0 1.0
37.14642556 80.73054293 0.0 0.0 0.0 0.0 0.0 0.0 0.0 1.0
42.14642556 75.73054293 0.0 0.0 0.0 0.0 0.0 0.0 0.0 1.0
47.14642556 70.73054293 0.0 0.0 0.0 0.0 0.0 0.0 0.0 1.0
52.14642556 65.73054293 0.0 0.0 0.0 0.0 0.0 0.0 1.0 0.0
52.14642556 60.73054293 0.0 0.0 0.0 0.0 0.0 0.0 0.0 1.0
57.14642556 55.73054293 0.0 0.0 0.0 0.0 0.0 0.0 1.0 0.0
57.14642556 50.73054293 0.0 0.0 0.0 0.0 0.0 0.0 0.0 1.0
62.14642556 45.73054293 0.0 0.0 0.0 0.0 0.0 0.0 0.0 1.0
67.14642556 40.73054293 0.0 0.0 0.0 0.0 0.0 0.0 0.0 1.0
72.14642556 35.73054293 0.0 0.0 0.0 0.0 0.0 0.0 0.0 1.0
77.14642556 30.73054293 0.0 0.0 0.0 0.0 0.0 0.0 0.0 1.0
82.14642556 25.73054293 0.0 0.0 0.0 0.0 0.0 0.0 1.0 0.0
82.14642556 20.73054293 0.0 0.0 0.0 0.0 0.0 0.0 1.0 0.0
82.14642556 15.73054293 0.0 0.0 0.0 0.0 0.0 0.0 1.0 0.0
82.14642556 10.73054293 0.0 0.0 0.0 0.0 0.0 0.0 1.0 0.0
82.14642556 5.73054293 0.0 0.0 0.0 0.0 0.0 1.0 0.0 0.0
