21.05768217 87.47854889 0.0 0.0 0.0 0.0 0.0 0.0 0.0 1.0
26.05768217 82.47854889 0.0 0.0 0.0 0.0 0.0 0.0 0.0 1.0
31.05768217 77.47854889 0.0 0.0 0.0 0.0 0.0 0.0 0.0 1.0
36.05768217 72.47854889 0.0 0.0 0.0 0.0 0.0 0.0 1.0 0.0
36.05768217 67.47854889 0.0 0.0 0.0 0.0 0.0 0.0 1.0 0.0
36.05768217 62.47854889 0.0 0.0 0.0 0.0 0.0 0.0 0.0 1.0
41.05768217 57.47854889 0.0 0.0 0.0 0.0 0.0 0.0 1.0 0.0
41.05768217 52.47854889 1.0 0.0 0.0 0.0 0.0 0.0 0.0 0.0
46.05768217 52.47854889 0.0 0.0 0.0 0.0 0.0 0.0 0.0 1.0
51.05768217 47.47854889 1.0 0.0 0.0 0.0 0.0 0.0 0.0 0.0
56.05768217 47.47854889 0.0 0.0 0.0 0.0 0.0 0.0 0.0 1.0
61.05768217 42.47854889 1.0 0.0 0.0 0.0 0.0 0.0 0.0 0.0
66.05768217 42.47854889 0.0 0.0 0.0 0.0 0.0 0.0 0.0 1.0
71.05768217 37.47854889 1.0 0.0 0.0 0.0 0.0 0.0 0.0 0.0
76.05768217 37.47854889 0.0 0.0 0.0 0.0 0.0 0.0 0.0 1.0
