91.83813491 45.55686975 0.0 0.0 0.0 0.0 0.0 1.0 0.0 0.0
86.83813491 40.55686975 0.0 0.0 0.0 0.0 1.0 0.0 0.0 0.0
81.83813491 40.55686975 0.0 0.0 0.0 0.0 1.0 0.0 0.0 0.0
76.83813491 40.55686975 0.0 0.0 0.0 0.0 1.0 0.0 0.0 0.0
71.83813491 40.55686975 0.0 0.0 0.0 0.0 1.0 0.0 0.0 0.0
66.83813491 40.55686975 0.0 0.0 0.0 0.0 0.0 1.0 0.0 0.0
61.83813491 35.55686975 0.0 0.0 0.0 0.0 0.0 1.0 0.0 0.0
56.83813491 30.55686975 0.0 0.0 0.0 0.0 0.0 1.0 0.0 0.0
51.83813491 25.55686975 0.0 0.0 0.0 0.0 0.0 1.0 0.0 0.0
46.83813491 20.55686975 0.0 0.0 0.0 0.0 0.0 1.0 0.0 0.0
41.83813491 15.55686975 0.0 0.0 0.0 0.0 0.0 1.0 0.0 0.0
36.83813491 10.55686975 0.0 0.0 0.0 0.0 1.0 0.0 0.0 0.0
31.83813491 10.55686975 0.0 0.0 0.0 0.0 1.0 0.0 0.0 0.0
26.83813491 10.55686975 0.0 0.0 0.0 0.0 1.0 0.0 0.0 0.0
21.83813491 10.55686975 0.0 0.0 0.0 0.0 1.0 0.0 0.0 0.0
16.83813491 10.55686975 0.0 0.0 0.0 0.0 1.0 0.0 0.0 0.0
11.83813491 10.55686975 0.0 0.0 0.0 0.0 0.0 1.0 0.0 0.0
