8.7349908 11.13706818 0.0 1.0 0.0 0.0 0.0 0.0 0.0 0.0
13.7349908 16.13706818 0.0 1.0 0.0 0.0 0.0 0.0 0.0 0.0
18.7349908 21.13706818 0.0 1.0 0.0 0.0 0.0 0.0 0.0 0.0
23.7349908 26.13706818 0.0 1.0 0.0 0.0 0.0 0.0 0.0 0.0
28.7349908 31.13706818 0.0 1.0 0.0 0.0 0.0 0.0 0.0 0.0
33.7349908 36.13706818 0.0 1.0 0.0 0.0 0.0 0.0 0.0 0.0
38.7349908 41.13706818 0.0 1.0 0.0 0.0 0.0 0.0 0.0 0.0
43.7349908 46.13706818 0.0 1.0 0.0 0.0 0.0 0.0 0.0 0.0
48.7349908 51.13706818 0.0 1.0 0.0 0.0 0.0 0.0 0.0 0.0
53.7349908 56.13706818 0.0 1.0 0.0 0.0 0.0 0.0 0.0 0.0
58.7349908 61.13706818 0.0 1.0 0.0 0.0 0.0 0.0 0.0 0.0
63.7349908 66.13706818 0.0 1.0 0.0 0.0 0.0 0.0 0.0 0.0
68.7349908 71.13706818 0.0 1.0 0.0 0.0 0.0 0.0 0.0 0.0
73.7349908 76.13706818 0.0 1.0 0.0 0.0 0.0 0.0 0.0 0.0
78.7349908 81.13706818 0.0 1.0 0.0 0.0 0.0 0.0 0.0 0.0
83.7349908 86.13706818 0.0 1.0 0.0 0.0 0.0 0.0 0.0 0.0
88.7349908 91.13706818 0.0 0.0 0.0 1.0 0.0 0.0 0.0 0.0
