21.89938655 10.14911123 0.0 1.0 0.0 0.0 0.0 0.0 0.0 0.0
26.89938655 15.14911123 0.0 1.0 0.0 0.0 0.0 0.0 0.0 0.0
31.89938655 20.14911123 0.0 1.0 0.0 0.0 0.0 0.0 0.0 0.0
36.89938655 25.14911123 0.0 1.0 0.0 0.0 0.0 0.0 0.0 0.0
41.89938655 30.14911123 0.0 1.0 0.0 0.0 0.0 0.0 0.0 0.0
46.89938655 35.14911123 1.0 0.0 0.0 0.0 0.0 0.0 0.0 0.0
51.89938655 35.14911123 1.0 0.0 0.0 0.0 0.0 0.0 0.0 0.0
56.89938655 35.14911123 1.0 0.0 0.0 0.0 0.0 0.0 0.0 0.0
61.89938655 35.14911123 1.0 0.0 0.0 0.0 0.0 0.0 0.0 0.0
66.89938655 35.14911123 1.0 0.0 0.0 0.0 0.0 0.0 0.0 0.0
71.89938655 35.14911123 1.0 0.0 0.0 0.0 0.0 0.0 0.0 0.0
76.89938655 35.14911123 1.0 0.0 0.0 0.0 0.0 0.0 0.0 0.0
81.89938655 35.14911123 0.0 1.0 0.0 0.0 0.0 0.0 0.0 0.0
86.89938655 40.14911123 0.0 1.0 0.0 0.0 0.0 0.0 0.0 0.0
91.89938655 45.14911123 0.0 1.0 0.0 0.0 0.0 0.0 0.0 0.0
96.89938655 50.14911123 0.0 0.0 1.0 0.0 0.0 0.0 0.0 0.0
96.89938655 55.14911123 0.0 0.0 1.0 0.0 0.0 0.0 0.0 0.0
96.89938655 60.14911123 0.0 0.0 0.0 1.0 0.0 0.0 0.0 0.0
91.89938655 65.14911123 0.0 0.0 0.0 1.0 0.0 0.0 0.0 0.0
86.89938655 70.14911123 0.0 0.0 0.0 1.0 0.0 0.0 0.0 0.0
81.89938655 75.14911123 0.0 0.0 0.0 1.0 0.0 0.0 0.0 0.0
76.89938655 80.14911123 0.0 0.0 1.0 0.0 0.0 0.0 0.0 0.0
76.89938655 85.14911123 0.0 0.0 1.0 0.0 0.0 0.0 0.0 0.0
76.89938655 90.14911123 0.0 0.0 0.0 1.0 0.0 0.0 0.0 0.0
71.89938655 95.14911123 0.0 0.0 0.0 1.0 0.0 0.0 0.0 0.0
