72.1118647 59.27274547 0.0 0.0 0.0 0.0 0.0 1.0 0.0 0.0
67.1118647 54.27274547 0.0 0.0 0.0 0.0 0.0 1.0 0.0 0.0
62.1118647 49.27274547 0.0 0.0 0.0 0.0 0.0 1.0 0.0 0.0
57.1118647 44.27274547 0.0 0.0 0.0 0.0 0.0 0.0 1.0 0.0
57.1118647 39.27274547 0.0 0.0 0.0 0.0 0.0 0.0 1.0 0.0
57.1118647 34.27274547 0.0 0.0 0.0 0.0 0.0 1.0 0.0 0.0
52.1118647 29.27274547 0.0 0.0 0.0 0.0 0.0 1.0 0.0 0.0
47.1118647 24.27274547 0.0 0.0 0.0 0.0 1.0 0.0 0.0 0.0
42.1118647 24.27274547 0.0 0.0 0.0 0.0 1.0 0.0 0.0 0.0
37.1118647 24.27274547 0.0 0.0 0.0 0.0 1.0 0.0 0.0 0.0
32.1118647 24.27274547 0.0 0.0 0.0 1.0 0.0 0.0 0.0 0.0
27.1118647 29.27274547 0.0 0.0 0.0 0.0 1.0 0.0 0.0 0.0
22.1118647 29.27274547 0.0 0.0 0.0 1.0 0.0 0.0 0.0 0.0
17.1118647 34.27274547 0.0 0.0 0.0 0.0 1.0 0.0 0.0 0.0
12.1118647 34.27274547 0.0 0.0 0.0 1.0 0.0 0.0 0.0 0.0
