6.77012615 29.07932053 0.0 1.0 0.0 0.0 0.0 0.0 0.0 0.0
11.77012615 34.07932053 0.0 1.0 0.0 0.0 0.0 0.0 0.0 0.0
16.77012615 39.07932053 0.0 1.0 0.0 0.0 0.0 0.0 0.0 0.0
21.77012615 44.07932053 0.0 1.0 0.0 0.0 0.0 0.0 0.0 0.0
26.77012615 49.07932053 0.0 1.0 0.0 0.0 0.0 0.0 0.0 0.0
31.77012615 54.07932053 0.0 1.0 0.0 0.0 0.0 0.0 0.0 0.0
36.77012615 59.07932053 0.0 1.0 0.0 0.0 0.0 0.0 0.0 0.0
41.77012615 64.07932053 0.0 1.0 0.0 0.0 0.0 0.0 0.0 0.0
46.77012615 69.07932053 0.0 1.0 0.0 0.0 0.0 0.0 0.0 0.0
51.77012615 74.07932053 0.0 1.0 0.0 0.0 0.0 0.0 0.0 0.0
56.77012615 79.07932053 0.0 1.0 0.0 0.0 0.0 0.0 0.0 0.0
61.77012615 84.07932053 0.0 1.0 0.0 0.0 0.0 0.0 0.0 0.0
66.77012615 89.07932053 1.0 0.0 0.0 0.0 0.0 0.0 0.0 0.0
71.77012615 89.07932053 1.0 0.0 0.0 0.0 0.0 0.0 0.0 0.0
76.77012615 89.07932053 0.0 1.0 0.0 0.0 0.0 0.0 0.0 0.0
81.77012615 94.07932053 1.0 0.0 0.0 0.0 0.0 0.0 0.0 0.0
86.77012615 94.07932053 0.0 1.0 0.0 0.0 0.0 0.0 0.0 0.0
91.77012615 99.07932053 0.0 1.0 0.0 0.0 0.0 0.0 0.0 0.0
