95.70798776 39.07226503 0.0 0.0 0.0 1.0 0.0 0.0 0.0 0.0
90.70798776 44.07226503 0.0 0.0 0.0 1.0 0.0 0.0 0.0 0.0
85.70798776 49.07226503 0.0 0.0 0.0 1.0 0.0 0.0 0.0 0.0
80.70798776 54.07226503 0.0 0.0 1.0 0.0 0.0 0.0 0.0 0.0
80.70798776 59.07226503 0.0 0.0 1.0 0.0 0.0 0.0 0.0 0.0
80.70798776 64.07226503 0.0 0.0 0.0 1.0 0.0 0.0 0.0 0.0
75.70798776 69.07226503 0.0 0.0 0.0 0.0 1.0 0.0 0.0 0.0
70.70798776 69.07226503 0.0 0.0 0.0 1.0 0.0 0.0 0.0 0.0
65.70798776 74.07226503 0.0 0.0 0.0 0.0 1.0 0.0 0.0 0.0
60.70798776 74.07226503 0.0 0.0 0.0 1.0 0.0 0.0 0.0 0.0
55.70798776 79.07226503 0.0 0.0 0.0 0.0 1.0 0.0 0.0 0.0
50.70798776 79.07226503 0.0 0.0 0.0 1.0 0.0 0.0 0.0 0.0
45.70798776 84.07226503 0.0 0.0 0.0 0.0 1.0 0.0 0.0 0.0
40.70798776 84.07226503 0.0 0.0 0.0 1.0 0.0 0.0 0.0 0.0
35.70798776 89.07226503 0.0 0.0 0.0 0.0 1.0 0.0 0.0 0.0
30.70798776 89.07226503 0.0 0.0 0.0 1.0 0.0 0.0 0.0 0.0
