25.23029662 14.71497059 0.0 1.0 0.0 0.0 0.0 0.0 0.0 0.0
30.23029662 19.71497059 1.0 0.0 0.0 0.0 0.0 0.0 0.0 0.0
35.23029662 19.71497059 1.0 0.0 0.0 0.0 0.0 0.0 0.0 0.0
40.23029662 19.71497059 0.0 1.0 0.0 0.0 0.0 0.0 0.0 0.0
45.23029662 24.71497059 0.0 0.0 1.0 0.0 0.0 0.0 0.0 0.0
45.23029662 29.71497059 0.0 1.0 0.0 0.0 0.0 0.0 0.0 0.0
50.23029662 34.71497059 0.0 0.0 1.0 0.0 0.0 0.0 0.0 0.0
50.23029662 39.71497059 0.0 0.0 0.0 1.0 0.0 0.0 0.0 0.0
45.23029662 44.71497059 0.0 0.0 0.0 1.0 0.0 0.0 0.0 0.0
40.23029662 49.71497059 0.0 0.0 1.0 0.0 0.0 0.0 0.0 0.0
40.23029662 54.71497059 0.0 0.0 1.0 0.0 0.0 0.0 0.0 0.0
40.23029662 59.71497059 0.0 0.0 1.0 0.0 0.0 0.0 0.0 0.0
40.23029662 64.71497059 0.0 0.0 1.0 0.0 0.0 0.0 0.0 0.0
40.23029662 69.71497059 0.0 0.0 0.0 1.0 0.0 0.0 0.0 0.0
35.23029662 74.71497059 0.0 0.0 0.0 1.0 0.0 0.0 0.0 0.0
30.23029662 79.71497059 0.0 0.0 0.0 0.0 1.0 0.0 0.0 0.0
25.23029662 79.71497059 0.0 0.0 0.0 0.0 1.0 0.0 0.0 0.0
20.23029662 79.71497059 0.0 0.0 0.0 0.0 0.0 1.0 0.0 0.0
15.23029662 74.71497059 0.0 0.0 0.0 0.0 0.0 1.0 0.0 0.0
10.23029662 69.71497059 0.0 0.0 0.0 0.0 0.0 1.0 0.0 0.0
