5.18646469 9.94979772 0.0 1.0 0.0 0.0 0.0 0.0 0.0 0.0
10.18646469 14.94979772 0.0 1.0 0.0 0.0 0.0 0.0 0.0 0.0
15.18646469 19.94979772 0.0 0.0 1.0 0.0 0.0 0.0 0.0 0.0
15.18646469 24.94979772 0.0 0.0 1.0 0.0 0.0 0.0 0.0 0.0
15.18646469 29.94979772 0.0 0.0 1.0 0.0 0.0 0.0 0.0 0.0
15.18646469 34.94979772 0.0 0.0 1.0 0.0 0.0 0.0 0.0 0.0
15.18646469 39.94979772 0.0 0.0 1.0 0.0 0.0 0.0 0.0 0.0
15.18646469 44.94979772 0.0 0.0 1.0 0.0 0.0 0.0 0.0 0.0
15.18646469 49.94979772 0.0 1.0 0.0 0.0 0.0 0.0 0.0 0.0
20.18646469 54.94979772 0.0 1.0 0.0 0.0 0.0 0.0 0.0 0.0
25.18646469 59.94979772 0.0 1.0 0.0 0.0 0.0 0.0 0.0 0.0
30.18646469 64.94979772 0.0 1.0 0.0 0.0 0.0 0.0 0.0 0.0
35.18646469 69.94979772 0.0 1.0 0.0 0.0 0.0 0.0 0.0 0.0
40.18646469 74.94979772 0.0 0.0 1.0 0.0 0.0 0.0 0.0 0.0
40.18646469 79.94979772 0.0 0.0 1.0 0.0 0.0 0.0 0.0 0.0
40.18646469 84.94979772 0.0 1.0 0.0 0.0 0.0 0.0 0.0 0.0
45.18646469 89.94979772 0.0 0.0 1.0 0.0 0.0 0.0 0.0 0.0
45.18646469 94.94979772 0.0 1.0 0.0 0.0 0.0 0.0 0.0 0.0
