23.01126799 1.16289035 0.0 1.0 0.0 0.0 0.0 0.0 0.0 0.0
28.01126799 6.16289035 0.0 1.0 0.0 0.0 0.0 0.0 0.0 0.0
33.01126799 11.16289035 0.0 1.0 0.0 0.0 0.0 0.0 0.0 0.0
38.01126799 16.16289035 0.0 1.0 0.0 0.0 0.0 0.0 0.0 0.0
43.01126799 21.16289035 0.0 0.0 1.0 0.0 0.0 0.0 0.0 0.0
43.01126799 26.16289035 0.0 0.0 1.0 0.0 0.0 0.0 0.0 0.0
43.01126799 31.16289035 0.0 0.0 1.0 0.0 0.0 0.0 0.0 0.0
43.01126799 36.16289035 0.0 1.0 0.0 0.0 0.0 0.0 0.0 0.0
48.01126799 41.16289035 0.0 1.0 0.0 0.0 0.0 0.0 0.0 0.0
53.01126799 46.16289035 1.0 0.0 0.0 0.0 0.0 0.0 0.0 0.0
58.01126799 46.16289035 1.0 0.0 0.0 0.0 0.0 0.0 0.0 0.0
63.01126799 46.16289035 0.0 1.0 0.0 0.0 0.0 0.0 0.0 0.0
68.01126799 51.16289035 0.0 1.0 0.0 0.0 0.0 0.0 0.0 0.0
73.01126799 56.16289035 0.0 1.0 0.0 0.0 0.0 0.0 0.0 0.0
78.01126799 61.16289035 0.0 0.0 1.0 0.0 0.0 0.0 0.0 0.0
78.01126799 66.16289035 0.0 1.0 0.0 0.0 0.0 0.0 0.0 0.0
83.01126799 71.16289035 0.0 0.0 1.0 0.0 0.0 0.0 0.0 0.0
83.01126799 76.16289035 0.0 1.0 0.0 0.0 0.0 0.0 0.0 0.0
88.01126799 81.16289035 0.0 1.0 0.0 0.0 0.0 0.0 0.0 0.0
