10.11677455 84.26124923 0.0 0.0 0.0 0.0 0.0 0.0 0.0 1.0
15.11677455 79.26124923 0.0 0.0 0.0 0.0 0.0 0.0 0.0 1.0
20.11677455 74.26124923 0.0 0.0 0.0 0.0 0.0 0.0 0.0 1.0
25.11677455 69.26124923 0.0 0.0 0.0 0.0 0.0 0.0 0.0 1.0
30.11677455 64.26124923 0.0 0.0 0.0 0.0 0.0 0.0 0.0 1.0
35.11677455 59.26124923 0.0 0.0 0.0 0.0 0.0 0.0 0.0 1.0
40.11677455 54.26124923 0.0 0.0 0.0 0.0 0.0 0.0 0.0 1.0
45.11677455 49.26124923 0.0 0.0 0.0 0.0 0.0 0.0 0.0 1.0
50.11677455 44.26124923 0.0 0.0 0.0 0.0 0.0 0.0 0.0 1.0
55.11677455 39.26124923 0.0 0.0 0.0 0.0 0.0 0.0 0.0 1.0
60.11677455 34.26124923 0.0 0.0 0.0 0.0 0.0 0.0 0.0 1.0
65.11677455 29.26124923 1.0 0.0 0.0 0.0 0.0 0.0 0.0 0.0
70.11677455 29.26124923 0.0 0.0 0.0 0.0 0.0 0.0 0.0 1.0
75.11677455 24.26124923 1.0 0.0 0.0 0.0 0.0 0.0 0.0 0.0
80.11677455 24.26124923 0.0 0.0 0.0 0.0 0.0 0.0 0.0 1.0
85.11677455 19.26124923 0.0 0.0 0.0 0.0 0.0 0.0 0.0 1.0
