14.05311847 7.26644593 1.0 0.0 0.0 0.0 0.0 0.0 0.0 0.0
19.05311847 7.26644593 1.0 0.0 0.0 0.0 0.0 0.0 0.0 0.0
24.05311847 7.26644593 1.0 0.0 0.0 0.0 0.0 0.0 0.0 0.0
29.05311847 7.26644593 1.0 0.0 0.0 0.0 0.0 0.0 0.0 0.0
34.05311847 7.26644593 1.0 0.0 0.0 0.0 0.0 0.0 0.0 0.0
39.05311847 7.26644593 1.0 0.0 0.0 0.0 0.0 0.0 0.0 0.0
44.05311847 7.26644593 1.0 0.0 0.0 0.0 0.0 0.0 0.0 0.0
49.05311847 7.26644593 0.0 1.0 0.0 0.0 0.0 0.0 0.0 0.0
54.05311847 12.26644593 0.0 1.0 0.0 0.0 0.0 0.0 0.0 0.0
59.05311847 17.26644593 0.0 1.0 0.0 0.0 0.0 0.0 0.0 0.0
64.05311847 22.26644593 1.0 0.0 0.0 0.0 0.0 0.0 0.0 0.0
69.05311847 22.26644593 1.0 0.0 0.0 0.0 0.0 0.0 0.0 0.0
74.05311847 22.26644593 1.0 0.0 0.0 0.0 0.0 0.0 0.0 0.0
79.05311847 22.26644593 0.0 0.0 0.0 0.0 0.0 0.0 0.0 1.0
84.05311847 17.26644593 0.0 0.0 0.0 0.0 0.0 0.0 0.0 1.0
