94.34638973 78.2952187 0.0 0.0 0.0 0.0 0.0 1.0 0.0 0.0
89.34638973 73.2952187 0.0 0.0 0.0 0.0 0.0 1.0 0.0 0.0
84.34638973 68.2952187 0.0 0.0 0.0 0.0 0.0 0.0 1.0 0.0
84.34638973 63.2952187 0.0 0.0 0.0 0.0 0.0 0.0 1.0 0.0
84.34638973 58.2952187 0.0 0.0 0.0 0.0 0.0 0.0 1.0 0.0
84.34638973 53.2952187 0.0 0.0 0.0 0.0 0.0 1.0 0.0 0.0
79.34638973 48.2952187 0.0 0.0 0.0 0.0 0.0 0.0 1.0 0.0
79.34638973 43.2952187 0.0 0.0 0.0 0.0 0.0 1.0 0.0 0.0
74.34638973 38.2952187 0.0 0.0 0.0 0.0 0.0 1.0 0.0 0.0
69.34638973 33.2952187 0.0 0.0 0.0 0.0 0.0 1.0 0.0 0.0
64.34638973 28.2952187 0.0 0.0 0.0 0.0 1.0 0.0 0.0 0.0
59.34638973 28.2952187 0.0 0.0 0.0 0.0 0.0 1.0 0.0 0.0
54.34638973 23.2952187 0.0 0.0 0.0 0.0 1.0 0.0 0.0 0.0
49.34638973 23.2952187 0.0 0.0 0.0 0.0 1.0 0.0 0.0 0.0
44.34638973 23.2952187 0.0 0.0 0.0 0.0 0.0 1.0 0.0 0.0
39.34638973 18.2952187 0.0 0.0 0.0 0.0 1.0 0.0 0.0 0.0
34.34638973 18.2952187 0.0 0.0 0.0 0.0 0.0 1.0 0.0 0.0
