88.03236447 58.233225 0.0 0.0 0.0 1.0 0.0 0.0 0.0 0.0
83.03236447 63.233225 0.0 0.0 0.0 1.0 0.0 0.0 0.0 0.0
78.03236447 68.233225 0.0 0.0 0.0 0.0 1.0 0.0 0.0 0.0
73.03236447 68.233225 0.0 0.0 0.0 0.0 1.0 0.0 0.0 0.0
68.03236447 68.233225 0.0 0.0 0.0 0.0 1.0 0.0 0.0 0.0
63.03236447 68.233225 0.0 0.0 0.0 0.0 1.0 0.0 0.0 0.0
58.03236447 68.233225 0.0 0.0 0.0 0.0 1.0 0.0 0.0 0.0
53.03236447 68.233225 0.0 0.0 0.0 0.0 1.0 0.0 0.0 0.0
48.03236447 68.233225 0.0 0.0 0.0 0.0 1.0 0.0 0.0 0.0
43.03236447 68.233225 0.0 0.0 0.0 0.0 1.0 0.0 0.0 0.0
38.03236447 68.233225 0.0 0.0 0.0 0.0 0.0 1.0 0.0 0.0
