39.86305289 80.16234612 0.0 0.0 0.0 0.0 0.0 0.0 1.0 0.0
39.86305289 75.16234612 0.0 0.0 0.0 0.0 0.0 0.0 1.0 0.0
39.86305289 70.16234612 0.0 0.0 0.0 0.0 0.0 0.0 1.0 0.0
39.86305289 65.16234612 0.0 0.0 0.0 0.0 0.0 0.0 1.0 0.0
39.86305289 60.16234612 0.0 0.0 0.0 0.0 0.0 0.0 1.0 0.0
39.86305289 55.16234612 0.0 0.0 0.0 0.0 0.0 0.0 1.0 0.0
39.86305289 50.16234612 0.0 0.0 0.0 0.0 0.0 0.0 1.0 0.0
39.86305289 45.16234612 0.0 0.0 0.0 0.0 0.0 0.0 0.0 1.0
44.86305289 40.16234612 0.0 0.0 0.0 0.0 0.0 0.0 0.0 1.0
49.86305289 35.16234612 0.0 0.0 0.0 0.0 0.0 0.0 0.0 1.0
54.86305289 30.16234612 0.0 0.0 0.0 0.0 0.0 0.0 0.0 1.0
59.86305289 25.16234612 0.0 0.0 0.0 0.0 0.0 0.0 1.0 0.0
59.86305289 20.16234612 0.0 0.0 0.0 0.0 0.0 0.0 0.0 1.0
64.86305289 15.16234612 0.0 0.0 0.0 0.0 0.0 0.0 0.0 1.0
69.86305289 10.16234612 0.0 0.0 0.0 0.0 0.0 1.0 0.0 0.0
