81.15005553 67.10060866 0.0 0.0 0.0 0.0 1.0 0.0 0.0 0.0
76.15005553 67.10060866 0.0 0.0 0.0 0.0 1.0 0.0 0.0 0.0
71.15005553 67.10060866 0.0 0.0 0.0 0.0 1.0 0.0 0.0 0.0
66.15005553 67.10060866 0.0 0.0 0.0 1.0 0.0 0.0 0.0 0.0
61.15005553 72.10060866 0.0 0.0 0.0 1.0 0.0 0.0 0.0 0.0
56.15005553 77.10060866 0.0 0.0 0.0 1.0 0.0 0.0 0.0 0.0
51.15005553 82.10060866 0.0 0.0 0.0 0.0 1.0 0.0 0.0 0.0
46.15005553 82.10060866 0.0 0.0 0.0 1.0 0.0 0.0 0.0 0.0
41.15005553 87.10060866 0.0 0.0 0.0 0.0 1.0 0.0 0.0 0.0
36.15005553 87.10060866 0.0 0.0 0.0 0.0 0.0 1.0 0.0 0.0
31.15005553 82.10060866 0.0 0.0 0.0 0.0 0.0 1.0 0.0 0.0
26.15005553 77.10060866 0.0 0.0 0.0 0.0 0.0 1.0 0.0 0.0
21.15005553 72.10060866 0.0 0.0 0.0 0.0 0.0 1.0 0.0 0.0
16.15005553 67.10060866 0.0 0.0 0.0 0.0 0.0 1.0 0.0 0.0
11.15005553 62.10060866 0.0 0.0 0.0 0.0 1.0 0.0 0.0 0.0
6.15005553 62.10060866 0.0 0.0 0.0 0.0 0.0 1.0 0.0 0.0
