82.77330971 89.38399273 0.0 0.0 0.0 0.0 0.0 1.0 0.0 0.0
77.77330971 84.38399273 0.0 0.0 0.0 0.0 0.0 1.0 0.0 0.0
72.77330971 79.38399273 0.0 0.0 0.0 0.0 0.0 1.0 0.0 0.0
67.77330971 74.38399273 0.0 0.0 0.0 0.0 0.0 1.0 0.0 0.0
62.77330971 69.38399273 0.0 0.0 0.0 0.0 0.0 1.0 0.0 0.0
57.77330971 64.38399273 0.0 0.0 0.0 0.0 0.0 1.0 0.0 0.0
52.77330971 59.38399273 0.0 0.0 0.0 0.0 1.0 0.0 0.0 0.0
47.77330971 59.38399273 0.0 0.0 0.0 0.0 0.0 1.0 0.0 0.0
42.77330971 54.38399273 0.0 0.0 0.0 0.0 0.0 1.0 0.0 0.0
37.77330971 49.38399273 0.0 0.0 0.0 0.0 0.0 1.0 0.0 0.0
32.77330971 44.38399273 0.0 0.0 0.0 0.0 0.0 1.0 0.0 0.0
27.77330971 39.38399273 0.0 0.0 0.0 0.0 1.0 0.0 0.0 0.0
22.77330971 39.38399273 0.0 0.0 0.0 0.0 1.0 0.0 0.0 0.0
17.77330971 39.38399273 0.0 0.0 0.0 0.0 0.0 1.0 0.0 0.0
12.77330971 34.38399273 0.0 0.0 0.0 0.0 0.0 1.0 0.0 0.0
7.77330971 29.38399273 0.0 0.0 0.0 0.0 0.0 1.0 0.0 0.0
2.77330971 24.38399273 0.0 0.0 0.0 0.0 0.0 1.0 0.0 0.0
