37.52788549 98.03249002 0.0 0.0 0.0 0.0 0.0 0.0 1.0 0.0
37.52788549 93.03249002 0.0 0.0 0.0 0.0 0.0 0.0 1.0 0.0
37.52788549 88.03249002 0.0 0.0 0.0 0.0 0.0 0.0 1.0 0.0
37.52788549 83.03249002 0.0 0.0 0.0 0.0 0.0 0.0 1.0 0.0
37.52788549 78.03249002 0.0 0.0 0.0 0.0 0.0 0.0 1.0 0.0
37.52788549 73.03249002 0.0 0.0 0.0 0.0 0.0 0.0 0.0 1.0
42.52788549 68.03249002 0.0 0.0 0.0 0.0 0.0 0.0 1.0 0.0
42.52788549 63.03249002 0.0 0.0 0.0 0.0 0.0 0.0 0.0 1.0
47.52788549 58.03249002 0.0 0.0 0.0 0.0 0.0 0.0 0.0 1.0
52.52788549 53.03249002 0.0 0.0 0.0 0.0 0.0 0.0 0.0 1.0
57.52788549 48.03249002 0.0 0.0 0.0 0.0 0.0 0.0 1.0 0.0
57.52788549 43.03249002 0.0 0.0 0.0 0.0 0.0 1.0 0.0 0.0
52.52788549 38.03249002 0.0 0.0 0.0 0.0 0.0 0.0 1.0 0.0
52.52788549 33.03249002 0.0 0.0 0.0 0.0 0.0 1.0 0.0 0.0
47.52788549 28.03249002 0.0 0.0 0.0 0.0 0.0 1.0 0.0 0.0
42.52788549 23.03249002 0.0 0.0 0.0 0.0 1.0 0.0 0.0 0.0
37.52788549 23.03249002 0.0 0.0 0.0 0.0 0.0 1.0 0.0 0.0
32.52788549 18.03249002 0.0 0.0 0.0 0.0 1.0 0.0 0.0 0.0
27.52788549 18.03249002 0.0 0.0 0.0 0.0 1.0 0.0 0.0 0.0
22.52788549 18.03249002 0.0 0.0 0.0 0.0 0.0 1.0 0.0 0.0
17.52788549 13.03249002 0.0 0.0 0.0 0.0 1.0 0.0 0.0 0.0
12.52788549 13.03249002 0.0 0.0 0.0 0.0 0.0 1.0 0.0 0.0
7.52788549 8.03249002 0.0 0.0 0.0 0.0 0.0 1.0 0.0 0.0
