78.75654515 0.79776798 1.0 0.0 0.0 0.0 0.0 0.0 0.0 0.0
83.75654515 0.79776798 0.0 0.0 1.0 0.0 0.0 0.0 0.0 0.0
83.75654515 5.79776798 0.0 1.0 0.0 0.0 0.0 0.0 0.0 0.0
88.75654515 10.79776798 0.0 0.0 1.0 0.0 0.0 0.0 0.0 0.0
88.75654515 15.79776798 0.0 0.0 1.0 0.0 0.0 0.0 0.0 0.0
88.75654515 20.79776798 0.0 0.0 0.0 1.0 0.0 0.0 0.0 0.0
83.75654515 25.79776798 0.0 0.0 1.0 0.0 0.0 0.0 0.0 0.0
83.75654515 30.79776798 0.0 0.0 1.0 0.0 0.0 0.0 0.0 0.0
83.75654515 35.79776798 0.0 0.0 1.0 0.0 0.0 0.0 0.0 0.0
83.75654515 40.79776798 0.0 0.0 1.0 0.0 0.0 0.0 0.0 0.0
83.75654515 45.79776798 0.0 0.0 1.0 0.0 0.0 0.0 0.0 0.0
83.75654515 50.79776798 0.0 0.0 0.0 1.0 0.0 0.0 0.0 0.0
78.75654515 55.79776798 0.0 0.0 0.0 1.0 0.0 0.0 0.0 0.0
73.75654515 60.79776798 0.0 0.0 0.0 1.0 0.0 0.0 0.0 0.0
68.75654515 65.79776798 0.0 0.0 0.0 1.0 0.0 0.0 0.0 0.0
