15.0082714 57.32800162 1.0 0.0 0.0 0.0 0.0 0.0 0.0 0.0
20.0082714 57.32800162 0.0 0.0 0.0 0.0 0.0 0.0 0.0 1.0
25.0082714 52.32800162 1.0 0.0 0.0 0.0 0.0 0.0 0.0 0.0
30.0082714 52.32800162 0.0 0.0 0.0 0.0 0.0 0.0 0.0 1.0
35.0082714 47.32800162 1.0 0.0 0.0 0.0 0.0 0.0 0.0 0.0
40.0082714 47.32800162 0.0 0.0 0.0 0.0 0.0 0.0 0.0 1.0
45.0082714 42.32800162 0.0 0.0 0.0 0.0 0.0 0.0 0.0 1.0
50.0082714 37.32800162 0.0 0.0 0.0 0.0 0.0 0.0 0.0 1.0
55.0082714 32.32800162 0.0 0.0 0.0 0.0 0.0 0.0 0.0 1.0
60.0082714 27.32800162 1.0 0.0 0.0 0.0 0.0 0.0 0.0 0.0
65.0082714 27.32800162 0.0 0.0 0.0 0.0 0.0 0.0 0.0 1.0
70.0082714 22.32800162 1.0 0.0 0.0 0.0 0.0 0.0 0.0 0.0
75.0082714 22.32800162 1.0 0.0 0.0 0.0 0.0 0.0 0.0 0.0
80.0082714 22.32800162 1.0 0.0 0.0 0.0 0.0 0.0 0.0 0.0
85.0082714 22.32800162 0.0 1.0 0.0 0.0 0.0 0.0 0.0 0.0
