90.51071135 92.02574826 0.0 0.0 0.0 0.0 0.0 0.0 1.0 0.0
90.51071135 87.02574826 0.0 0.0 0.0 0.0 0.0 0.0 1.0 0.0
90.51071135 82.02574826 0.0 0.0 0.0 0.0 0.0 0.0 1.0 0.0
90.51071135 77.02574826 0.0 0.0 0.0 0.0 0.0 1.0 0.0 0.0
85.51071135 72.02574826 0.0 0.0 0.0 0.0 0.0 1.0 0.0 0.0
80.51071135 67.02574826 0.0 0.0 0.0 0.0 1.0 0.0 0.0 0.0
75.51071135 67.02574826 0.0 0.0 0.0 0.0 1.0 0.0 0.0 0.0
70.51071135 67.02574826 0.0 0.0 0.0 0.0 1.0 0.0 0.0 0.0
65.51071135 67.02574826 0.0 0.0 0.0 0.0 1.0 0.0 0.0 0.0
60.51071135 67.02574826 0.0 0.0 0.0 0.0 1.0 0.0 0.0 0.0
55.51071135 67.02574826 0.0 0.0 0.0 0.0 1.0 0.0 0.0 0.0
50.51071135 67.02574826 0.0 0.0 0.0 0.0 1.0 0.0 0.0 0.0
45.51071135 67.02574826 0.0 0.0 0.0 0.0 1.0 0.0 0.0 0.0
40.51071135 67.02574826 0.0 0.0 0.0 0.0 1.0 0.0 0.0 0.0
35.51071135 67.02574826 0.0 0.0 0.0 0.0 1.0 0.0 0.0 0.0
30.51071135 67.02574826 0.0 0.0 0.0 0.0 1.0 0.0 0.0 0.0
25.51071135 67.02574826 0.0 0.0 0.0 1.0 0.0 0.0 0.0 0.0
20.51071135 72.02574826 0.0 0.0 0.0 0.0 1.0 0.0 0.0 0.0
15.51071135 72.02574826 0.0 0.0 0.0 0.0 1.0 0.0 0.0 0.0
10.51071135 72.02574826 0.0 0.0 0.0 1.0 0.0 0.0 0.0 0.0
5.51071135 77.02574826 0.0 0.0 0.0 1.0 0.0 0.0 0.0 0.0
