66.89178253 89.76914603 0.0 0.0 0.0 0.0 1.0 0.0 0.0 0.0
61.89178253 89.76914603 0.0 0.0 0.0 0.0 1.0 0.0 0.0 0.0
56.89178253 89.76914603 0.0 0.0 0.0 0.0 1.0 0.0 0.0 0.0
51.89178253 89.76914603 0.0 0.0 0.0 0.0 1.0 0.0 0.0 0.0
46.89178253 89.76914603 0.0 0.0 0.0 0.0 0.0 1.0 0.0 0.0
41.89178253 84.76914603 0.0 0.0 0.0 0.0 0.0 1.0 0.0 0.0
36.89178253 79.76914603 0.0 0.0 0.0 0.0 0.0 1.0 0.0 0.0
31.89178253 74.76914603 0.0 0.0 0.0 0.0 0.0 1.0 0.0 0.0
26.89178253 69.76914603 0.0 0.0 0.0 0.0 1.0 0.0 0.0 0.0
21.89178253 69.76914603 0.0 0.0 0.0 0.0 1.0 0.0 0.0 0.0
16.89178253 69.76914603 0.0 0.0 0.0 0.0 0.0 1.0 0.0 0.0
11.89178253 64.76914603 0.0 0.0 0.0 0.0 0.0 1.0 0.0 0.0
6.89178253 59.76914603 0.0 0.0 0.0 0.0 0.0 1.0 0.0 0.0
1.89178253 54.76914603 0.0 0.0 0.0 0.0 0.0 0.0 1.0 0.0
1.89178253 49.76914603 0.0 0.0 0.0 0.0 0.0 0.0 0.0 1.0
6.89178253 44.76914603 0.0 0.0 0.0 0.0 0.0 0.0 1.0 0.0
6.89178253 39.76914603 0.0 0.0 0.0 0.0 0.0 0.0 0.0 1.0
11.89178253 34.76914603 0.0 0.0 0.0 0.0 0.0 0.0 0.0 1.0
16.89178253 29.76914603 0.0 0.0 0.0 0.0 0.0 0.0 0.0 1.0
