6.89374325 70.51746518 0.0 0.0 0.0 0.0 0.0 0.0 0.0 1.0
11.89374325 65.51746518 0.0 0.0 0.0 0.0 0.0 0.0 0.0 1.0
16.89374325 60.51746518 0.0 0.0 0.0 0.0 0.0 0.0 0.0 1.0
21.89374325 55.51746518 0.0 0.0 0.0 0.0 0.0 0.0 0.0 1.0
26.89374325 50.51746518 0.0 0.0 0.0 0.0 0.0 0.0 0.0 1.0
31.89374325 45.51746518 0.0 0.0 0.0 0.0 0.0 0.0 0.0 1.0
36.89374325 40.51746518 0.0 0.0 0.0 0.0 0.0 0.0 0.0 1.0
41.89374325 35.51746518 0.0 0.0 0.0 0.0 0.0 0.0 0.0 1.0
46.89374325 30.51746518 0.0 0.0 0.0 0.0 0.0 0.0 0.0 1.0
51.89374325 25.51746518 0.0 0.0 0.0 0.0 0.0 0.0 0.0 1.0
56.89374325 20.51746518 1.0 0.0 0.0 0.0 0.0 0.0 0.0 0.0
61.89374325 20.51746518 0.0 0.0 0.0 0.0 0.0 0.0 0.0 1.0
66.89374325 15.51746518 1.0 0.0 0.0 0.0 0.0 0.0 0.0 0.0
71.89374325 15.51746518 0.0 0.0 0.0 0.0 0.0 0.0 0.0 1.0
76.89374325 10.51746518 1.0 0.0 0.0 0.0 0.0 0.0 0.0 0.0
81.89374325 10.51746518 0.0 0.0 0.0 0.0 0.0 0.0 0.0 1.0
86.89374325 5.51746518 1.0 0.0 0.0 0.0 0.0 0.0 0.0 0.0
91.89374325 5.51746518 1.0 0.0 0.0 0.0 0.0 0.0 0.0 0.0
96.89374325 5.51746518 0.0 0.0 0.0 0.0 0.0 0.0 0.0 1.0
