39.11597614 91.7076732 0.0 0.0 0.0 0.0 0.0 0.0 0.0 1.0
44.11597614 86.7076732 0.0 0.0 0.0 0.0 0.0 0.0 0.0 1.0
49.11597614 81.7076732 0.0 0.0 0.0 0.0 0.0 0.0 1.0 0.0
49.11597614 76.7076732 0.0 0.0 0.0 0.0 0.0 0.0 0.0 1.0
54.11597614 71.7076732 0.0 0.0 0.0 0.0 0.0 0.0 1.0 0.0
54.11597614 66.7076732 0.0 0.0 0.0 0.0 0.0 0.0 0.0 1.0
59.11597614 61.7076732 0.0 0.0 0.0 0.0 0.0 0.0 1.0 0.0
59.11597614 56.7076732 0.0 0.0 0.0 0.0 0.0 0.0 1.0 0.0
59.11597614 51.7076732 0.0 0.0 0.0 0.0 0.0 0.0 0.0 1.0
64.11597614 46.7076732 0.0 0.0 0.0 0.0 0.0 0.0 1.0 0.0
64.11597614 41.7076732 0.0 0.0 0.0 0.0 0.0 0.0 1.0 0.0
64.11597614 36.7076732 0.0 0.0 0.0 0.0 0.0 0.0 0.0 1.0
69.11597614 31.7076732 0.0 0.0 0.0 0.0 0.0 0.0 1.0 0.0
69.11597614 26.7076732 0.0 0.0 0.0 0.0 0.0 0.0 0.0 1.0
74.11597614 21.7076732 0.0 0.0 0.0 0.0 0.0 0.0 0.0 1.0
