55.9771817 98.81466073 0.0 0.0 0.0 0.0 0.0 1.0 0.0 0.0
50.9771817 93.81466073 0.0 0.0 0.0 0.0 0.0 1.0 0.0 0.0
45.9771817 88.81466073 0.0 0.0 0.0 0.0 0.0 1.0 0.0 0.0
40.9771817 83.81466073 0.0 0.0 0.0 0.0 0.0 1.0 0.0 0.0
35.9771817 78.81466073 0.0 0.0 0.0 0.0 0.0 1.0 0.0 0.0
30.9771817 73.81466073 0.0 0.0 0.0 0.0 0.0 1.0 0.0 0.0
25.9771817 68.81466073 0.0 0.0 0.0 0.0 0.0 1.0 0.0 0.0
20.9771817 63.81466073 0.0 0.0 0.0 0.0 0.0 1.0 0.0 0.0
15.9771817 58.81466073 0.0 0.0 0.0 0.0 0.0 0.0 1.0 0.0
15.9771817 53.81466073 0.0 0.0 0.0 0.0 0.0 1.0 0.0 0.0
10.9771817 48.81466073 0.0 0.0 0.0 0.0 0.0 0.0 1.0 0.0
10.9771817 43.81466073 0.0 0.0 0.0 0.0 0.0 0.0 1.0 0.0
10.9771817 38.81466073 0.0 0.0 0.0 0.0 0.0 1.0 0.0 0.0
