93.9993266 64.20949924 0.0 0.0 0.0 1.0 0.0 0.0 0.0 0.0
88.9993266 69.20949924 0.0 0.0 0.0 0.0 1.0 0.0 0.0 0.0
83.9993266 69.20949924 0.0 0.0 0.0 0.0 1.0 0.0 0.0 0.0
78.9993266 69.20949924 0.0 0.0 0.0 0.0 1.0 0.0 0.0 0.0
73.9993266 69.20949924 0.0 0.0 0.0 0.0 1.0 0.0 0.0 0.0
68.9993266 69.20949924 0.0 0.0 0.0 0.0 1.0 0.0 0.0 0.0
63.9993266 69.20949924 0.0 0.0 0.0 0.0 1.0 0.0 0.0 0.0
58.9993266 69.20949924 0.0 0.0 0.0 0.0 1.0 0.0 0.0 0.0
53.9993266 69.20949924 0.0 0.0 0.0 0.0 1.0 0.0 0.0 0.0
48.9993266 69.20949924 0.0 0.0 0.0 0.0 0.0 1.0 0.0 0.0
43.9993266 64.20949924 0.0 0.0 0.0 0.0 1.0 0.0 0.0 0.0
38.9993266 64.20949924 0.0 0.0 0.0 0.0 0.0 1.0 0.0 0.0
33.9993266 59.20949924 0.0 0.0 0.0 0.0 1.0 0.0 0.0 0.0
28.9993266 59.20949924 0.0 0.0 0.0 0.0 0.0 1.0 0.0 0.0
23.9993266 54.20949924 0.0 0.0 0.0 0.0 1.0 0.0 0.0 0.0
18.9993266 54.20949924 0.0 0.0 0.0 0.0 0.0 1.0 0.0 0.0
13.9993266 49.20949924 0.0 0.0 0.0 0.0 1.0 0.0 0.0 0.0
8.9993266 49.20949924 0.0 0.0 0.0 0.0 1.0 0.0 0.0 0.0
3.9993266 49.20949924 0.0 0.0 0.0 0.0 0.0 1.0 0.0 0.0
