16.86281199 1.50919026 0.0 1.0 0.0 0.0 0.0 0.0 0.0 0.0
21.86281199 6.50919026 0.0 1.0 0.0 0.0 0.0 0.0 0.0 0.0
26.86281199 11.50919026 0.0 1.0 0.0 0.0 0.0 0.0 0.0 0.0
31.86281199 16.50919026 0.0 1.0 0.0 0.0 0.0 0.0 0.0 0.0
36.86281199 21.50919026 1.0 0.0 0.0 0.0 0.0 0.0 0.0 0.0
41.86281199 21.50919026 1.0 0.0 0.0 0.0 0.0 0.0 0.0 0.0
46.86281199 21.50919026 1.0 0.0 0.0 0.0 0.0 0.0 0.0 0.0
51.86281199 21.50919026 1.0 0.0 0.0 0.0 0.0 0.0 0.0 0.0
56.86281199 21.50919026 0.0 1.0 0.0 0.0 0.0 0.0 0.0 0.0
61.86281199 26.50919026 0.0 1.0 0.0 0.0 0.0 0.0 0.0 0.0
66.86281199 31.50919026 0.0 1.0 0.0 0.0 0.0 0.0 0.0 0.0
71.86281199 36.50919026 1.0 0.0 0.0 0.0 0.0 0.0 0.0 0.0
76.86281199 36.50919026 0.0 1.0 0.0 0.0 0.0 0.0 0.0 0.0
