64.14928472 85.06484664 0.0 0.0 0.0 0.0 0.0 1.0 0.0 0.0
59.14928472 80.06484664 0.0 0.0 0.0 0.0 0.0 1.0 0.0 0.0
54.14928472 75.06484664 0.0 0.0 0.0 0.0 0.0 1.0 0.0 0.0
49.14928472 70.06484664 0.0 0.0 0.0 0.0 0.0 1.0 0.0 0.0
44.14928472 65.06484664 0.0 0.0 0.0 0.0 0.0 1.0 0.0 0.0
39.14928472 60.06484664 0.0 0.0 0.0 0.0 0.0 1.0 0.0 0.0
34.14928472 55.06484664 0.0 0.0 0.0 0.0 0.0 1.0 0.0 0.0
29.14928472 50.06484664 0.0 0.0 0.0 0.0 0.0 1.0 0.0 0.0
24.14928472 45.06484664 0.0 0.0 0.0 0.0 0.0 1.0 0.0 0.0
19.14928472 40.06484664 0.0 0.0 0.0 0.0 0.0 1.0 0.0 0.0
14.14928472 35.06484664 0.0 0.0 0.0 0.0 1.0 0.0 0.0 0.0
9.14928472 35.06484664 0.0 0.0 0.0 0.0 0.0 1.0 0.0 0.0
