51.46130177 99.44246835 0.0 0.0 0.0 0.0 0.0 0.0 1.0 0.0
51.46130177 94.44246835 0.0 0.0 0.0 0.0 0.0 0.0 1.0 0.0
51.46130177 89.44246835 0.0 0.0 0.0 0.0 0.0 0.0 1.0 0.0
51.46130177 84.44246835 0.0 0.0 0.0 0.0 0.0 0.0 1.0 0.0
51.46130177 79.44246835 0.0 0.0 0.0 0.0 0.0 0.0 0.0 1.0
56.46130177 74.44246835 0.0 0.0 0.0 0.0 0.0 0.0 1.0 0.0
56.46130177 69.44246835 0.0 0.0 0.0 0.0 0.0 0.0 1.0 0.0
56.46130177 64.44246835 0.0 0.0 0.0 0.0 0.0 0.0 1.0 0.0
56.46130177 59.44246835 0.0 0.0 0.0 0.0 0.0 0.0 1.0 0.0
56.46130177 54.44246835 0.0 0.0 0.0 0.0 0.0 0.0 1.0 0.0
56.46130177 49.44246835 0.0 0.0 0.0 0.0 0.0 1.0 0.0 0.0
51.46130177 44.44246835 0.0 0.0 0.0 0.0 0.0 1.0 0.0 0.0
46.46130177 39.44246835 0.0 0.0 0.0 0.0 0.0 1.0 0.0 0.0
41.46130177 34.44246835 0.0 0.0 0.0 0.0 0.0 0.0 1.0 0.0
41.46130177 29.44246835 0.0 0.0 0.0 0.0 0.0 0.0 1.0 0.0
41.46130177 24.44246835 0.0 0.0 0.0 0.0 0.0 0.0 0.0 1.0
46.46130177 19.44246835 0.0 0.0 0.0 0.0 0.0 0.0 0.0 1.0
51.46130177 14.44246835 1.0 0.0 0.0 0.0 0.0 0.0 0.0 0.0
56.46130177 14.44246835 1.0 0.0 0.0 0.0 0.0 0.0 0.0 0.0
61.46130177 14.44246835 1.0 0.0 0.0 0.0 0.0 0.0 0.0 0.0
66.46130177 14.44246835 1.0 0.0 0.0 0.0 0.0 0.0 0.0 0.0
71.46130177 14.44246835 0.0 0.0 0.0 0.0 0.0 0.0 0.0 1.0
76.46130177 9.44246835 1.0 0.0 0.0 0.0 0.0 0.0 0.0 0.0
81.46130177 9.44246835 0.0 0.0 0.0 0.0 0.0 0.0 0.0 1.0
