23.99965633 99.8310484 0.0 0.0 0.0 0.0 0.0 0.0 0.0 1.0
28.99965633 94.8310484 0.0 0.0 0.0 0.0 0.0 0.0 1.0 0.0
28.99965633 89.8310484 0.0 0.0 0.0 0.0 0.0 0.0 1.0 0.0
28.99965633 84.8310484 0.0 0.0 0.0 0.0 0.0 0.0 1.0 0.0
28.99965633 79.8310484 0.0 0.0 0.0 0.0 0.0 0.0 0.0 1.0
33.99965633 74.8310484 0.0 0.0 0.0 0.0 0.0 0.0 0.0 1.0
38.99965633 69.8310484 0.0 0.0 0.0 0.0 0.0 0.0 0.0 1.0
43.99965633 64.8310484 1.0 0.0 0.0 0.0 0.0 0.0 0.0 0.0
48.99965633 64.8310484 1.0 0.0 0.0 0.0 0.0 0.0 0.0 0.0
53.99965633 64.8310484 0.0 0.0 0.0 0.0 0.0 0.0 0.0 1.0
58.99965633 59.8310484 1.0 0.0 0.0 0.0 0.0 0.0 0.0 0.0
63.99965633 59.8310484 0.0 0.0 0.0 0.0 0.0 0.0 0.0 1.0
68.99965633 54.8310484 1.0 0.0 0.0 0.0 0.0 0.0 0.0 0.0
73.99965633 54.8310484 0.0 0.0 0.0 0.0 0.0 0.0 0.0 1.0
