96.26018237 23.53615878 0.0 0.0 0.0 0.0 1.0 0.0 0.0 0.0
91.26018237 23.53615878 0.0 0.0 0.0 0.0 1.0 0.0 0.0 0.0
86.26018237 23.53615878 0.0 0.0 0.0 1.0 0.0 0.0 0.0 0.0
81.26018237 28.53615878 0.0 0.0 0.0 1.0 0.0 0.0 0.0 0.0
76.26018237 33.53615878 0.0 0.0 0.0 0.0 1.0 0.0 0.0 0.0
71.26018237 33.53615878 0.0 0.0 0.0 0.0 1.0 0.0 0.0 0.0
66.26018237 33.53615878 0.0 0.0 0.0 0.0 1.0 0.0 0.0 0.0
61.26018237 33.53615878 0.0 0.0 0.0 0.0 1.0 0.0 0.0 0.0
56.26018237 33.53615878 0.0 0.0 0.0 0.0 1.0 0.0 0.0 0.0
51.26018237 33.53615878 0.0 0.0 0.0 0.0 1.0 0.0 0.0 0.0
46.26018237 33.53615878 0.0 0.0 0.0 1.0 0.0 0.0 0.0 0.0
41.26018237 38.53615878 0.0 0.0 0.0 1.0 0.0 0.0 0.0 0.0
36.26018237 43.53615878 0.0 0.0 1.0 0.0 0.0 0.0 0.0 0.0
36.26018237 48.53615878 0.0 0.0 1.0 0.0 0.0 0.0 0.0 0.0
36.26018237 53.53615878 0.0 0.0 1.0 0.0 0.0 0.0 0.0 0.0
36.26018237 58.53615878 0.0 0.0 1.0 0.0 0.0 0.0 0.0 0.0
36.26018237 63.53615878 0.0 0.0 1.0 0.0 0.0 0.0 0.0 0.0
36.26018237 68.53615878 0.0 0.0 1.0 0.0 0.0 0.0 0.0 0.0
36.26018237 73.53615878 0.0 0.0 1.0 0.0 0.0 0.0 0.0 0.0
36.26018237 78.53615878 0.0 0.0 1.0 0.0 0.0 0.0 0.0 0.0
36.26018237 83.53615878 0.0 1.0 0.0 0.0 0.0 0.0 0.0 0.0
41.26018237 88.53615878 0.0 0.0 0.0 1.0 0.0 0.0 0.0 0.0
