58.15728384 91.85421564 0.0 0.0 0.0 0.0 0.0 1.0 0.0 0.0
53.15728384 86.85421564 0.0 0.0 0.0 0.0 0.0 1.0 0.0 0.0
48.15728384 81.85421564 0.0 0.0 0.0 0.0 0.0 0.0 1.0 0.0
48.15728384 76.85421564 0.0 0.0 0.0 0.0 0.0 1.0 0.0 0.0
43.15728384 71.85421564 0.0 0.0 0.0 0.0 0.0 1.0 0.0 0.0
38.15728384 66.85421564 0.0 0.0 0.0 0.0 0.0 1.0 0.0 0.0
33.15728384 61.85421564 0.0 0.0 0.0 0.0 0.0 0.0 1.0 0.0
33.15728384 56.85421564 0.0 0.0 0.0 0.0 0.0 0.0 1.0 0.0
33.15728384 51.85421564 0.0 0.0 0.0 0.0 0.0 0.0 1.0 0.0
33.15728384 46.85421564 0.0 0.0 0.0 0.0 0.0 0.0 1.0 0.0
33.15728384 41.85421564 0.0 0.0 0.0 0.0 0.0 0.0 1.0 0.0
33.15728384 36.85421564 0.0 0.0 0.0 0.0 0.0 0.0 1.0 0.0
33.15728384 31.85421564 0.0 0.0 0.0 0.0 0.0 0.0 1.0 0.0
33.15728384 26.85421564 0.0 0.0 0.0 0.0 0.0 0.0 1.0 0.0
33.15728384 21.85421564 0.0 0.0 0.0 0.0 0.0 0.0 1.0 0.0
33.15728384 16.85421564 0.0 0.0 0.0 0.0 0.0 0.0 1.0 0.0
33.15728384 11.85421564 0.0 0.0 0.0 0.0 0.0 1.0 0.0 0.0
28.15728384 6.85421564 0.0 0.0 0.0 0.0 1.0 0.0 0.0 0.0
23.15728384 6.85421564 0.0 0.0 0.0 0.0 0.0 1.0 0.0 0.0
