75.71023608 88.1726094 0.0 0.0 0.0 0.0 0.0 1.0 0.0 0.0
70.71023608 83.1726094 0.0 0.0 0.0 0.0 1.0 0.0 0.0 0.0
65.71023608 83.1726094 0.0 0.0 0.0 0.0 0.0 1.0 0.0 0.0
60.71023608 78.1726094 0.0 0.0 0.0 0.0 0.0 1.0 0.0 0.0
55.71023608 73.1726094 0.0 0.0 0.0 0.0 0.0 1.0 0.0 0.0
50.71023608 68.1726094 0.0 0.0 0.0 0.0 0.0 1.0 0.0 0.0
45.71023608 63.1726094 0.0 0.0 0.0 0.0 0.0 1.0 0.0 0.0
40.71023608 58.1726094 0.0 0.0 0.0 0.0 0.0 1.0 0.0 0.0
35.71023608 53.1726094 0.0 0.0 0.0 0.0 0.0 1.0 0.0 0.0
30.71023608 48.1726094 0.0 0.0 0.0 0.0 0.0 1.0 0.0 0.0
25.71023608 43.1726094 0.0 0.0 0.0 0.0 0.0 1.0 0.0 0.0
20.71023608 38.1726094 0.0 0.0 0.0 0.0 0.0 1.0 0.0 0.0
15.71023608 33.1726094 0.0 0.0 0.0 0.0 0.0 0.0 1.0 0.0
15.71023608 28.1726094 0.0 0.0 0.0 0.0 0.0 1.0 0.0 0.0
