46.39563642 10.21333291 0.0 1.0 0.0 0.0 0.0 0.0 0.0 0.0
51.39563642 15.21333291 0.0 0.0 1.0 0.0 0.0 0.0 0.0 0.0
51.39563642 20.21333291 0.0 0.0 1.0 0.0 0.0 0.0 0.0 0.0
51.39563642 25.21333291 0.0 0.0 1.0 0.0 0.0 0.0 0.0 0.0
51.39563642 30.21333291 0.0 1.0 0.0 0.0 0.0 0.0 0.0 0.0
56.39563642 35.21333291 0.0 0.0 1.0 0.0 0.0 0.0 0.0 0.0
56.39563642 40.21333291 0.0 0.0 1.0 0.0 0.0 0.0 0.0 0.0
56.39563642 45.21333291 0.0 1.0 0.0 0.0 0.0 0.0 0.0 0.0
61.39563642 50.21333291 0.0 1.0 0.0 0.0 0.0 0.0 0.0 0.0
66.39563642 55.21333291 0.0 0.0 1.0 0.0 0.0 0.0 0.0 0.0
66.39563642 60.21333291 0.0 1.0 0.0 0.0 0.0 0.0 0.0 0.0
71.39563642 65.21333291 0.0 0.0 1.0 0.0 0.0 0.0 0.0 0.0
71.39563642 70.21333291 0.0 1.0 0.0 0.0 0.0 0.0 0.0 0.0
76.39563642 75.21333291 0.0 0.0 1.0 0.0 0.0 0.0 0.0 0.0
76.39563642 80.21333291 0.0 1.0 0.0 0.0 0.0 0.0 0.0 0.0
