6.1889167 30.56108376 0.0 1.0 0.0 0.0 0.0 0.0 0.0 0.0
11.1889167 35.56108376 1.0 0.0 0.0 0.0 0.0 0.0 0.0 0.0
16.1889167 35.56108376 1.0 0.0 0.0 0.0 0.0 0.0 0.0 0.0
21.1889167 35.56108376 1.0 0.0 0.0 0.0 0.0 0.0 0.0 0.0
26.1889167 35.56108376 1.0 0.0 0.0 0.0 0.0 0.0 0.0 0.0
31.1889167 35.56108376 1.0 0.0 0.0 0.0 0.0 0.0 0.0 0.0
36.1889167 35.56108376 1.0 0.0 0.0 0.0 0.0 0.0 0.0 0.0
41.1889167 35.56108376 1.0 0.0 0.0 0.0 0.0 0.0 0.0 0.0
46.1889167 35.56108376 0.0 1.0 0.0 0.0 0.0 0.0 0.0 0.0
51.1889167 40.56108376 0.0 1.0 0.0 0.0 0.0 0.0 0.0 0.0
56.1889167 45.56108376 0.0 1.0 0.0 0.0 0.0 0.0 0.0 0.0
61.1889167 50.56108376 0.0 1.0 0.0 0.0 0.0 0.0 0.0 0.0
66.1889167 55.56108376 0.0 1.0 0.0 0.0 0.0 0.0 0.0 0.0
71.1889167 60.56108376 0.0 0.0 1.0 0.0 0.0 0.0 0.0 0.0
71.1889167 65.56108376 0.0 1.0 0.0 0.0 0.0 0.0 0.0 0.0
76.1889167 70.56108376 0.0 0.0 1.0 0.0 0.0 0.0 0.0 0.0
76.1889167 75.56108376 0.0 0.0 1.0 0.0 0.0 0.0 0.0 0.0
76.1889167 80.56108376 0.0 1.0 0.0 0.0 0.0 0.0 0.0 0.0
