75.71684875 31.48284528 0.0 0.0 1.0 0.0 0.0 0.0 0.0 0.0
75.71684875 36.48284528 0.0 0.0 0.0 1.0 0.0 0.0 0.0 0.0
70.71684875 41.48284528 0.0 0.0 0.0 1.0 0.0 0.0 0.0 0.0
65.71684875 46.48284528 0.0 0.0 0.0 1.0 0.0 0.0 0.0 0.0
60.71684875 51.48284528 0.0 0.0 0.0 1.0 0.0 0.0 0.0 0.0
55.71684875 56.48284528 0.0 0.0 0.0 1.0 0.0 0.0 0.0 0.0
50.71684875 61.48284528 0.0 0.0 0.0 0.0 1.0 0.0 0.0 0.0
45.71684875 61.48284528 0.0 0.0 0.0 0.0 1.0 0.0 0.0 0.0
40.71684875 61.48284528 0.0 0.0 0.0 0.0 1.0 0.0 0.0 0.0
35.71684875 61.48284528 0.0 0.0 0.0 0.0 1.0 0.0 0.0 0.0
30.71684875 61.48284528 0.0 0.0 0.0 0.0 1.0 0.0 0.0 0.0
25.71684875 61.48284528 0.0 0.0 0.0 0.0 1.0 0.0 0.0 0.0
20.71684875 61.48284528 0.0 0.0 0.0 1.0 0.0 0.0 0.0 0.0
15.71684875 66.48284528 0.0 0.0 0.0 1.0 0.0 0.0 0.0 0.0
10.71684875 71.48284528 0.0 0.0 0.0 1.0 0.0 0.0 0.0 0.0
5.71684875 76.48284528 0.0 0.0 1.0 0.0 0.0 0.0 0.0 0.0
5.71684875 81.48284528 0.0 0.0 1.0 0.0 0.0 0.0 0.0 0.0
5.71684875 86.48284528 0.0 1.0 0.0 0.0 0.0 0.0 0.0 0.0
