95.00397313 84.28403995 0.0 0.0 0.0 0.0 0.0 1.0 0.0 0.0
90.00397313 79.28403995 0.0 0.0 0.0 0.0 0.0 1.0 0.0 0.0
85.00397313 74.28403995 0.0 0.0 0.0 0.0 1.0 0.0 0.0 0.0
80.00397313 74.28403995 0.0 0.0 0.0 0.0 1.0 0.0 0.0 0.0
75.00397313 74.28403995 0.0 0.0 0.0 0.0 1.0 0.0 0.0 0.0
70.00397313 74.28403995 0.0 0.0 0.0 0.0 1.0 0.0 0.0 0.0
65.00397313 74.28403995 0.0 0.0 0.0 0.0 1.0 0.0 0.0 0.0
60.00397313 74.28403995 0.0 0.0 0.0 0.0 1.0 0.0 0.0 0.0
55.00397313 74.28403995 0.0 0.0 0.0 0.0 1.0 0.0 0.0 0.0
50.00397313 74.28403995 0.0 0.0 0.0 0.0 0.0 1.0 0.0 0.0
45.00397313 69.28403995 0.0 0.0 0.0 0.0 0.0 1.0 0.0 0.0
40.00397313 64.28403995 0.0 0.0 0.0 0.0 0.0 1.0 0.0 0.0
35.00397313 59.28403995 0.0 0.0 0.0 0.0 0.0 1.0 0.0 0.0
30.00397313 54.28403995 0.0 0.0 0.0 0.0 0.0 1.0 0.0 0.0
25.00397313 49.28403995 0.0 0.0 0.0 0.0 0.0 0.0 1.0 0.0
25.00397313 44.28403995 0.0 0.0 0.0 0.0 0.0 1.0 0.0 0.0
20.00397313 39.28403995 0.0 0.0 0.0 0.0 0.0 0.0 1.0 0.0
20.00397313 34.28403995 0.0 0.0 0.0 0.0 0.0 1.0 0.0 0.0
