64.78149694 89.75813603 0.0 0.0 0.0 0.0 1.0 0.0 0.0 0.0
59.78149694 89.75813603 0.0 0.0 0.0 0.0 1.0 0.0 0.0 0.0
54.78149694 89.75813603 0.0 0.0 0.0 0.0 1.0 0.0 0.0 0.0
49.78149694 89.75813603 0.0 0.0 0.0 0.0 1.0 0.0 0.0 0.0
44.78149694 89.75813603 0.0 0.0 0.0 0.0 0.0 1.0 0.0 0.0
39.78149694 84.75813603 0.0 0.0 0.0 0.0 0.0 1.0 0.0 0.0
34.78149694 79.75813603 0.0 0.0 0.0 0.0 1.0 0.0 0.0 0.0
29.78149694 79.75813603 0.0 0.0 0.0 0.0 1.0 0.0 0.0 0.0
24.78149694 79.75813603 0.0 0.0 0.0 0.0 1.0 0.0 0.0 0.0
19.78149694 79.75813603 0.0 0.0 0.0 0.0 0.0 1.0 0.0 0.0
14.78149694 74.75813603 0.0 0.0 0.0 0.0 0.0 0.0 1.0 0.0
14.78149694 69.75813603 0.0 0.0 0.0 0.0 0.0 1.0 0.0 0.0
9.78149694 64.75813603 0.0 0.0 0.0 0.0 0.0 0.0 0.0 1.0
14.78149694 59.75813603 0.0 0.0 0.0 0.0 0.0 0.0 0.0 1.0
19.78149694 54.75813603 0.0 0.0 0.0 0.0 0.0 0.0 1.0 0.0
19.78149694 49.75813603 0.0 0.0 0.0 0.0 0.0 0.0 0.0 1.0
24.78149694 44.75813603 0.0 0.0 0.0 0.0 0.0 0.0 0.0 1.0
29.78149694 39.75813603 0.0 0.0 0.0 0.0 0.0 0.0 0.0 1.0
34.78149694 34.75813603 1.0 0.0 0.0 0.0 0.0 0.0 0.0 0.0
39.78149694 34.75813603 1.0 0.0 0.0 0.0 0.0 0.0 0.0 0.0
44.78149694 34.75813603 1.0 0.0 0.0 0.0 0.0 0.0 0.0 0.0
49.78149694 34.75813603 1.0 0.0 0.0 0.0 0.0 0.0 0.0 0.0
54.78149694 34.75813603 1.0 0.0 0.0 0.0 0.0 0.0 0.0 0.0
59.78149694 34.75813603 1.0 0.0 0.0 0.0 0.0 0.0 0.0 0.0
64.78149694 34.75813603 1.0 0.0 0.0 0.0 0.0 0.0 0.0 0.0
69.78149694 34.75813603 1.0 0.0 0.0 0.0 0.0 0.0 0.0 0.0
74.78149694 34.75813603 0.0 1.0 0.0 0.0 0.0 0.0 0.0 0.0
79.78149694 39.75813603 1.0 0.0 0.0 0.0 0.0 0.0 0.0 0.0
84.78149694 39.75813603 0.0 1.0 0.0 0.0 0.0 0.0 0.0 0.0
