86.07743643 53.3899389 0.0 0.0 0.0 0.0 1.0 0.0 0.0 0.0
81.07743643 53.3899389 0.0 0.0 0.0 0.0 1.0 0.0 0.0 0.0
76.07743643 53.3899389 0.0 0.0 0.0 0.0 1.0 0.0 0.0 0.0
71.07743643 53.3899389 0.0 0.0 0.0 0.0 1.0 0.0 0.0 0.0
66.07743643 53.3899389 0.0 0.0 0.0 0.0 0.0 1.0 0.0 0.0
61.07743643 48.3899389 0.0 0.0 0.0 0.0 0.0 1.0 0.0 0.0
56.07743643 43.3899389 0.0 0.0 0.0 0.0 1.0 0.0 0.0 0.0
51.07743643 43.3899389 0.0 0.0 0.0 0.0 0.0 1.0 0.0 0.0
46.07743643 38.3899389 0.0 0.0 0.0 0.0 1.0 0.0 0.0 0.0
41.07743643 38.3899389 0.0 0.0 0.0 1.0 0.0 0.0 0.0 0.0
36.07743643 43.3899389 0.0 0.0 0.0 0.0 1.0 0.0 0.0 0.0
31.07743643 43.3899389 0.0 0.0 0.0 1.0 0.0 0.0 0.0 0.0
