1.5594529 33.96928028 1.0 0.0 0.0 0.0 0.0 0.0 0.0 0.0
6.5594529 33.96928028 0.0 1.0 0.0 0.0 0.0 0.0 0.0 0.0
11.5594529 38.96928028 0.0 1.0 0.0 0.0 0.0 0.0 0.0 0.0
16.5594529 43.96928028 0.0 1.0 0.0 0.0 0.0 0.0 0.0 0.0
21.5594529 48.96928028 0.0 1.0 0.0 0.0 0.0 0.0 0.0 0.0
26.5594529 53.96928028 0.0 1.0 0.0 0.0 0.0 0.0 0.0 0.0
31.5594529 58.96928028 1.0 0.0 0.0 0.0 0.0 0.0 0.0 0.0
36.5594529 58.96928028 1.0 0.0 0.0 0.0 0.0 0.0 0.0 0.0
41.5594529 58.96928028 1.0 0.0 0.0 0.0 0.0 0.0 0.0 0.0
46.5594529 58.96928028 1.0 0.0 0.0 0.0 0.0 0.0 0.0 0.0
51.5594529 58.96928028 1.0 0.0 0.0 0.0 0.0 0.0 0.0 0.0
56.5594529 58.96928028 1.0 0.0 0.0 0.0 0.0 0.0 0.0 0.0
61.5594529 58.96928028 1.0 0.0 0.0 0.0 0.0 0.0 0.0 0.0
66.5594529 58.96928028 1.0 0.0 0.0 0.0 0.0 0.0 0.0 0.0
71.5594529 58.96928028 1.0 0.0 0.0 0.0 0.0 0.0 0.0 0.0
76.5594529 58.96928028 1.0 0.0 0.0 0.0 0.0 0.0 0.0 0.0
81.5594529 58.96928028 0.0 1.0 0.0 0.0 0.0 0.0 0.0 0.0
86.5594529 63.96928028 1.0 0.0 0.0 0.0 0.0 0.0 0.0 0.0
91.5594529 63.96928028 0.0 1.0 0.0 0.0 0.0 0.0 0.0 0.0
