11.64751147 88.60439718 1.0 0.0 0.0 0.0 0.0 0.0 0.0 0.0
16.64751147 88.60439718 1.0 0.0 0.0 0.0 0.0 0.0 0.0 0.0
21.64751147 88.60439718 0.0 0.0 0.0 0.0 0.0 0.0 0.0 1.0
26.64751147 83.60439718 1.0 0.0 0.0 0.0 0.0 0.0 0.0 0.0
31.64751147 83.60439718 1.0 0.0 0.0 0.0 0.0 0.0 0.0 0.0
36.64751147 83.60439718 0.0 0.0 0.0 0.0 0.0 0.0 0.0 1.0
41.64751147 78.60439718 0.0 0.0 0.0 0.0 0.0 0.0 0.0 1.0
46.64751147 73.60439718 1.0 0.0 0.0 0.0 0.0 0.0 0.0 0.0
51.64751147 73.60439718 0.0 1.0 0.0 0.0 0.0 0.0 0.0 0.0
56.64751147 78.60439718 1.0 0.0 0.0 0.0 0.0 0.0 0.0 0.0
61.64751147 78.60439718 0.0 1.0 0.0 0.0 0.0 0.0 0.0 0.0
66.64751147 83.60439718 1.0 0.0 0.0 0.0 0.0 0.0 0.0 0.0
71.64751147 83.60439718 1.0 0.0 0.0 0.0 0.0 0.0 0.0 0.0
76.64751147 83.60439718 1.0 0.0 0.0 0.0 0.0 0.0 0.0 0.0
81.64751147 83.60439718 0.0 0.0 0.0 0.0 0.0 0.0 0.0 1.0
86.64751147 78.60439718 0.0 0.0 0.0 0.0 0.0 0.0 1.0 0.0
86.64751147 73.60439718 0.0 0.0 0.0 0.0 0.0 0.0 0.0 1.0
91.64751147 68.60439718 0.0 0.0 0.0 0.0 0.0 0.0 1.0 0.0
91.64751147 63.60439718 0.0 0.0 0.0 0.0 0.0 0.0 0.0 1.0
96.64751147 58.60439718 0.0 0.0 0.0 0.0 0.0 1.0 0.0 0.0
