95.38063812 85.00263588 0.0 0.0 0.0 0.0 0.0 1.0 0.0 0.0
90.38063812 80.00263588 0.0 0.0 0.0 0.0 0.0 1.0 0.0 0.0
85.38063812 75.00263588 0.0 0.0 0.0 0.0 0.0 1.0 0.0 0.0
80.38063812 70.00263588 0.0 0.0 0.0 0.0 0.0 1.0 0.0 0.0
75.38063812 65.00263588 0.0 0.0 0.0 0.0 0.0 1.0 0.0 0.0
70.38063812 60.00263588 0.0 0.0 0.0 0.0 0.0 1.0 0.0 0.0
65.38063812 55.00263588 0.0 0.0 0.0 0.0 0.0 1.0 0.0 0.0
60.38063812 50.00263588 0.0 0.0 0.0 0.0 0.0 1.0 0.0 0.0
55.38063812 45.00263588 0.0 0.0 0.0 0.0 1.0 0.0 0.0 0.0
50.38063812 45.00263588 0.0 0.0 0.0 0.0 0.0 1.0 0.0 0.0
45.38063812 40.00263588 0.0 0.0 0.0 0.0 1.0 0.0 0.0 0.0
40.38063812 40.00263588 0.0 0.0 0.0 0.0 0.0 1.0 0.0 0.0
35.38063812 35.00263588 0.0 0.0 0.0 0.0 1.0 0.0 0.0 0.0
30.38063812 35.00263588 0.0 0.0 0.0 0.0 1.0 0.0 0.0 0.0
25.38063812 35.00263588 0.0 0.0 0.0 0.0 0.0 1.0 0.0 0.0
20.38063812 30.00263588 0.0 0.0 0.0 0.0 1.0 0.0 0.0 0.0
15.38063812 30.00263588 0.0 0.0 0.0 0.0 0.0 1.0 0.0 0.0
