24.34901824 38.51979027 0.0 1.0 0.0 0.0 0.0 0.0 0.0 0.0
29.34901824 43.51979027 0.0 1.0 0.0 0.0 0.0 0.0 0.0 0.0
34.34901824 48.51979027 0.0 1.0 0.0 0.0 0.0 0.0 0.0 0.0
39.34901824 53.51979027 0.0 1.0 0.0 0.0 0.0 0.0 0.0 0.0
44.34901824 58.51979027 0.0 1.0 0.0 0.0 0.0 0.0 0.0 0.0
49.34901824 63.51979027 0.0 1.0 0.0 0.0 0.0 0.0 0.0 0.0
54.34901824 68.51979027 0.0 1.0 0.0 0.0 0.0 0.0 0.0 0.0
59.34901824 73.51979027 0.0 1.0 0.0 0.0 0.0 0.0 0.0 0.0
64.34901824 78.51979027 0.0 1.0 0.0 0.0 0.0 0.0 0.0 0.0
69.34901824 83.51979027 0.0 1.0 0.0 0.0 0.0 0.0 0.0 0.0
74.34901824 88.51979027 0.0 1.0 0.0 0.0 0.0 0.0 0.0 0.0
79.34901824 93.51979027 1.0 0.0 0.0 0.0 0.0 0.0 0.0 0.0
84.34901824 93.51979027 0.0 1.0 0.0 0.0 0.0 0.0 0.0 0.0
