11.95770875 58.16854879 1.0 0.0 0.0 0.0 0.0 0.0 0.0 0.0
16.95770875 58.16854879 1.0 0.0 0.0 0.0 0.0 0.0 0.0 0.0
21.95770875 58.16854879 1.0 0.0 0.0 0.0 0.0 0.0 0.0 0.0
26.95770875 58.16854879 1.0 0.0 0.0 0.0 0.0 0.0 0.0 0.0
31.95770875 58.16854879 0.0 0.0 0.0 0.0 0.0 0.0 0.0 1.0
36.95770875 53.16854879 1.0 0.0 0.0 0.0 0.0 0.0 0.0 0.0
41.95770875 53.16854879 1.0 0.0 0.0 0.0 0.0 0.0 0.0 0.0
46.95770875 53.16854879 0.0 1.0 0.0 0.0 0.0 0.0 0.0 0.0
51.95770875 58.16854879 0.0 1.0 0.0 0.0 0.0 0.0 0.0 0.0
56.95770875 63.16854879 0.0 1.0 0.0 0.0 0.0 0.0 0.0 0.0
61.95770875 68.16854879 0.0 1.0 0.0 0.0 0.0 0.0 0.0 0.0
66.95770875 73.16854879 1.0 0.0 0.0 0.0 0.0 0.0 0.0 0.0
71.95770875 73.16854879 0.0 1.0 0.0 0.0 0.0 0.0 0.0 0.0
76.95770875 78.16854879 1.0 0.0 0.0 0.0 0.0 0.0 0.0 0.0
81.95770875 78.16854879 0.0 1.0 0.0 0.0 0.0 0.0 0.0 0.0
86.95770875 83.16854879 1.0 0.0 0.0 0.0 0.0 0.0 0.0 0.0
91.95770875 83.16854879 0.0 1.0 0.0 0.0 0.0 0.0 0.0 0.0
