23.31990987 0.09227358 0.0 1.0 0.0 0.0 0.0 0.0 0.0 0.0
28.31990987 5.09227358 0.0 1.0 0.0 0.0 0.0 0.0 0.0 0.0
33.31990987 10.09227358 0.0 1.0 0.0 0.0 0.0 0.0 0.0 0.0
38.31990987 15.09227358 0.0 1.0 0.0 0.0 0.0 0.0 0.0 0.0
43.31990987 20.09227358 0.0 1.0 0.0 0.0 0.0 0.0 0.0 0.0
48.31990987 25.09227358 0.0 1.0 0.0 0.0 0.0 0.0 0.0 0.0
53.31990987 30.09227358 0.0 1.0 0.0 0.0 0.0 0.0 0.0 0.0
58.31990987 35.09227358 0.0 1.0 0.0 0.0 0.0 0.0 0.0 0.0
63.31990987 40.09227358 0.0 1.0 0.0 0.0 0.0 0.0 0.0 0.0
68.31990987 45.09227358 0.0 1.0 0.0 0.0 0.0 0.0 0.0 0.0
73.31990987 50.09227358 0.0 1.0 0.0 0.0 0.0 0.0 0.0 0.0
78.31990987 55.09227358 0.0 1.0 0.0 0.0 0.0 0.0 0.0 0.0
83.31990987 60.09227358 0.0 1.0 0.0 0.0 0.0 0.0 0.0 0.0
88.31990987 65.09227358 0.0 0.0 1.0 0.0 0.0 0.0 0.0 0.0
88.31990987 70.09227358 0.0 1.0 0.0 0.0 0.0 0.0 0.0 0.0
93.31990987 75.09227358 0.0 0.0 1.0 0.0 0.0 0.0 0.0 0.0
93.31990987 80.09227358 0.0 1.0 0.0 0.0 0.0 0.0 0.0 0.0
98.31990987 85.09227358 0.0 0.0 0.0 1.0 0.0 0.0 0.0 0.0
