98.69150692 15.72646239 0.0 0.0 0.0 1.0 0.0 0.0 0.0 0.0
93.69150692 20.72646239 0.0 0.0 0.0 1.0 0.0 0.0 0.0 0.0
88.69150692 25.72646239 0.0 0.0 0.0 1.0 0.0 0.0 0.0 0.0
83.69150692 30.72646239 0.0 0.0 0.0 1.0 0.0 0.0 0.0 0.0
78.69150692 35.72646239 0.0 0.0 0.0 1.0 0.0 0.0 0.0 0.0
73.69150692 40.72646239 0.0 0.0 0.0 0.0 1.0 0.0 0.0 0.0
68.69150692 40.72646239 0.0 0.0 0.0 0.0 1.0 0.0 0.0 0.0
63.69150692 40.72646239 0.0 0.0 0.0 0.0 1.0 0.0 0.0 0.0
58.69150692 40.72646239 0.0 0.0 0.0 0.0 1.0 0.0 0.0 0.0
53.69150692 40.72646239 0.0 0.0 0.0 0.0 1.0 0.0 0.0 0.0
48.69150692 40.72646239 0.0 0.0 0.0 1.0 0.0 0.0 0.0 0.0
43.69150692 45.72646239 0.0 0.0 0.0 1.0 0.0 0.0 0.0 0.0
38.69150692 50.72646239 0.0 0.0 0.0 1.0 0.0 0.0 0.0 0.0
33.69150692 55.72646239 0.0 0.0 0.0 1.0 0.0 0.0 0.0 0.0
28.69150692 60.72646239 0.0 0.0 0.0 1.0 0.0 0.0 0.0 0.0
23.69150692 65.72646239 0.0 0.0 0.0 1.0 0.0 0.0 0.0 0.0
18.69150692 70.72646239 0.0 0.0 0.0 1.0 0.0 0.0 0.0 0.0
13.69150692 75.72646239 0.0 0.0 0.0 1.0 0.0 0.0 0.0 0.0
8.69150692 80.72646239 0.0 0.0 0.0 1.0 0.0 0.0 0.0 0.0
3.69150692 85.72646239 0.0 0.0 0.0 1.0 0.0 0.0 0.0 0.0
