0.64976625 28.92081115 1.0 0.0 0.0 0.0 0.0 0.0 0.0 0.0
5.64976625 28.92081115 1.0 0.0 0.0 0.0 0.0 0.0 0.0 0.0
10.64976625 28.92081115 1.0 0.0 0.0 0.0 0.0 0.0 0.0 0.0
15.64976625 28.92081115 1.0 0.0 0.0 0.0 0.0 0.0 0.0 0.0
20.64976625 28.92081115 1.0 0.0 0.0 0.0 0.0 0.0 0.0 0.0
25.64976625 28.92081115 1.0 0.0 0.0 0.0 0.0 0.0 0.0 0.0
30.64976625 28.92081115 1.0 0.0 0.0 0.0 0.0 0.0 0.0 0.0
35.64976625 28.92081115 1.0 0.0 0.0 0.0 0.0 0.0 0.0 0.0
40.64976625 28.92081115 1.0 0.0 0.0 0.0 0.0 0.0 0.0 0.0
45.64976625 28.92081115 1.0 0.0 0.0 0.0 0.0 0.0 0.0 0.0
50.64976625 28.92081115 1.0 0.0 0.0 0.0 0.0 0.0 0.0 0.0
55.64976625 28.92081115 1.0 0.0 0.0 0.0 0.0 0.0 0.0 0.0
60.64976625 28.92081115 1.0 0.0 0.0 0.0 0.0 0.0 0.0 0.0
65.64976625 28.92081115 1.0 0.0 0.0 0.0 0.0 0.0 0.0 0.0
70.64976625 28.92081115 1.0 0.0 0.0 0.0 0.0 0.0 0.0 0.0
75.64976625 28.92081115 1.0 0.0 0.0 0.0 0.0 0.0 0.0 0.0
80.64976625 28.92081115 1.0 0.0 0.0 0.0 0.0 0.0 0.0 0.0
85.64976625 28.92081115 1.0 0.0 0.0 0.0 0.0 0.0 0.0 0.0
90.64976625 28.92081115 0.0 1.0 0.0 0.0 0.0 0.0 0.0 0.0
95.64976625 33.92081115 0.0 1.0 0.0 0.0 0.0 0.0 0.0 0.0
