33.06840078 40.07079831 0.0 1.0 0.0 0.0 0.0 0.0 0.0 0.0
38.06840078 45.07079831 0.0 1.0 0.0 0.0 0.0 0.0 0.0 0.0
43.06840078 50.07079831 0.0 1.0 0.0 0.0 0.0 0.0 0.0 0.0
48.06840078 55.07079831 0.0 1.0 0.0 0.0 0.0 0.0 0.0 0.0
53.06840078 60.07079831 0.0 1.0 0.0 0.0 0.0 0.0 0.0 0.0
58.06840078 65.07079831 0.0 1.0 0.0 0.0 0.0 0.0 0.0 0.0
63.06840078 70.07079831 0.0 0.0 1.0 0.0 0.0 0.0 0.0 0.0
63.06840078 75.07079831 0.0 1.0 0.0 0.0 0.0 0.0 0.0 0.0
68.06840078 80.07079831 0.0 0.0 1.0 0.0 0.0 0.0 0.0 0.0
68.06840078 85.07079831 0.0 1.0 0.0 0.0 0.0 0.0 0.0 0.0
