97.1890395 45.75390408 0.0 0.0 0.0 0.0 0.0 1.0 0.0 0.0
92.1890395 40.75390408 0.0 0.0 0.0 0.0 1.0 0.0 0.0 0.0
87.1890395 40.75390408 0.0 0.0 0.0 0.0 0.0 1.0 0.0 0.0
82.1890395 35.75390408 0.0 0.0 0.0 0.0 1.0 0.0 0.0 0.0
77.1890395 35.75390408 0.0 0.0 0.0 0.0 1.0 0.0 0.0 0.0
72.1890395 35.75390408 0.0 0.0 0.0 0.0 1.0 0.0 0.0 0.0
67.1890395 35.75390408 0.0 0.0 0.0 0.0 1.0 0.0 0.0 0.0
62.1890395 35.75390408 0.0 0.0 0.0 1.0 0.0 0.0 0.0 0.0
57.1890395 40.75390408 0.0 0.0 0.0 0.0 1.0 0.0 0.0 0.0
52.1890395 40.75390408 0.0 0.0 0.0 1.0 0.0 0.0 0.0 0.0
47.1890395 45.75390408 0.0 0.0 0.0 0.0 1.0 0.0 0.0 0.0
42.1890395 45.75390408 0.0 0.0 0.0 1.0 0.0 0.0 0.0 0.0
37.1890395 50.75390408 0.0 0.0 0.0 0.0 1.0 0.0 0.0 0.0
32.1890395 50.75390408 0.0 0.0 0.0 1.0 0.0 0.0 0.0 0.0
27.1890395 55.75390408 0.0 0.0 0.0 0.0 1.0 0.0 0.0 0.0
22.1890395 55.75390408 0.0 0.0 0.0 1.0 0.0 0.0 0.0 0.0
17.1890395 60.75390408 0.0 0.0 0.0 1.0 0.0 0.0 0.0 0.0
