20.71848662 2.67739636 0.0 1.0 0.0 0.0 0.0 0.0 0.0 0.0
25.71848662 7.67739636 0.0 1.0 0.0 0.0 0.0 0.0 0.0 0.0
30.71848662 12.67739636 1.0 0.0 0.0 0.0 0.0 0.0 0.0 0.0
35.71848662 12.67739636 0.0 1.0 0.0 0.0 0.0 0.0 0.0 0.0
40.71848662 17.67739636 1.0 0.0 0.0 0.0 0.0 0.0 0.0 0.0
45.71848662 17.67739636 0.0 1.0 0.0 0.0 0.0 0.0 0.0 0.0
50.71848662 22.67739636 0.0 1.0 0.0 0.0 0.0 0.0 0.0 0.0
55.71848662 27.67739636 0.0 1.0 0.0 0.0 0.0 0.0 0.0 0.0
60.71848662 32.67739636 0.0 1.0 0.0 0.0 0.0 0.0 0.0 0.0
65.71848662 37.67739636 0.0 1.0 0.0 0.0 0.0 0.0 0.0 0.0
70.71848662 42.67739636 0.0 1.0 0.0 0.0 0.0 0.0 0.0 0.0
75.71848662 47.67739636 0.0 1.0 0.0 0.0 0.0 0.0 0.0 0.0
80.71848662 52.67739636 0.0 0.0 1.0 0.0 0.0 0.0 0.0 0.0
80.71848662 57.67739636 0.0 1.0 0.0 0.0 0.0 0.0 0.0 0.0
85.71848662 62.67739636 0.0 1.0 0.0 0.0 0.0 0.0 0.0 0.0
90.71848662 67.67739636 0.0 1.0 0.0 0.0 0.0 0.0 0.0 0.0
95.71848662 72.67739636 0.0 1.0 0.0 0.0 0.0 0.0 0.0 0.0
