16.31390891 16.68545651 1.0 0.0 0.0 0.0 0.0 0.0 0.0 0.0
21.31390891 16.68545651 1.0 0.0 0.0 0.0 0.0 0.0 0.0 0.0
26.31390891 16.68545651 1.0 0.0 0.0 0.0 0.0 0.0 0.0 0.0
31.31390891 16.68545651 1.0 0.0 0.0 0.0 0.0 0.0 0.0 0.0
36.31390891 16.68545651 1.0 0.0 0.0 0.0 0.0 0.0 0.0 0.0
41.31390891 16.68545651 1.0 0.0 0.0 0.0 0.0 0.0 0.0 0.0
46.31390891 16.68545651 1.0 0.0 0.0 0.0 0.0 0.0 0.0 0.0
51.31390891 16.68545651 0.0 1.0 0.0 0.0 0.0 0.0 0.0 0.0
56.31390891 21.68545651 0.0 1.0 0.0 0.0 0.0 0.0 0.0 0.0
61.31390891 26.68545651 0.0 1.0 0.0 0.0 0.0 0.0 0.0 0.0
66.31390891 31.68545651 0.0 1.0 0.0 0.0 0.0 0.0 0.0 0.0
71.31390891 36.68545651 1.0 0.0 0.0 0.0 0.0 0.0 0.0 0.0
76.31390891 36.68545651 1.0 0.0 0.0 0.0 0.0 0.0 0.0 0.0
81.31390891 36.68545651 1.0 0.0 0.0 0.0 0.0 0.0 0.0 0.0
86.31390891 36.68545651 0.0 0.0 0.0 0.0 0.0 0.0 0.0 1.0
91.31390891 31.68545651 0.0 0.0 0.0 0.0 0.0 1.0 0.0 0.0
