86.61024826 42.23218041 0.0 0.0 0.0 1.0 0.0 0.0 0.0 0.0
81.61024826 47.23218041 0.0 0.0 0.0 1.0 0.0 0.0 0.0 0.0
76.61024826 52.23218041 0.0 0.0 0.0 1.0 0.0 0.0 0.0 0.0
71.61024826 57.23218041 0.0 0.0 0.0 1.0 0.0 0.0 0.0 0.0
66.61024826 62.23218041 0.0 0.0 0.0 0.0 1.0 0.0 0.0 0.0
61.61024826 62.23218041 0.0 0.0 0.0 0.0 1.0 0.0 0.0 0.0
56.61024826 62.23218041 0.0 0.0 0.0 1.0 0.0 0.0 0.0 0.0
51.61024826 67.23218041 0.0 0.0 0.0 0.0 1.0 0.0 0.0 0.0
46.61024826 67.23218041 0.0 0.0 0.0 0.0 1.0 0.0 0.0 0.0
41.61024826 67.23218041 0.0 0.0 0.0 0.0 1.0 0.0 0.0 0.0
36.61024826 67.23218041 0.0 0.0 0.0 0.0 1.0 0.0 0.0 0.0
31.61024826 67.23218041 0.0 0.0 0.0 0.0 1.0 0.0 0.0 0.0
26.61024826 67.23218041 0.0 0.0 0.0 0.0 1.0 0.0 0.0 0.0
21.61024826 67.23218041 0.0 0.0 0.0 1.0 0.0 0.0 0.0 0.0
16.61024826 72.23218041 0.0 0.0 0.0 1.0 0.0 0.0 0.0 0.0
11.61024826 77.23218041 0.0 0.0 1.0 0.0 0.0 0.0 0.0 0.0
11.61024826 82.23218041 0.0 0.0 0.0 1.0 0.0 0.0 0.0 0.0
