0.40922444 99.27293616 0.0 0.0 0.0 0.0 0.0 0.0 0.0 1.0
5.40922444 94.27293616 0.0 0.0 0.0 0.0 0.0 0.0 0.0 1.0
10.40922444 89.27293616 0.0 0.0 0.0 0.0 0.0 0.0 0.0 1.0
15.40922444 84.27293616 0.0 0.0 0.0 0.0 0.0 0.0 0.0 1.0
20.40922444 79.27293616 0.0 0.0 0.0 0.0 0.0 0.0 0.0 1.0
25.40922444 74.27293616 0.0 0.0 0.0 0.0 0.0 0.0 0.0 1.0
30.40922444 69.27293616 0.0 0.0 0.0 0.0 0.0 0.0 0.0 1.0
35.40922444 64.27293616 0.0 0.0 0.0 0.0 0.0 0.0 1.0 0.0
35.40922444 59.27293616 0.0 0.0 0.0 0.0 0.0 0.0 1.0 0.0
35.40922444 54.27293616 0.0 0.0 0.0 0.0 0.0 0.0 1.0 0.0
35.40922444 49.27293616 0.0 0.0 0.0 0.0 0.0 0.0 1.0 0.0
35.40922444 44.27293616 0.0 0.0 0.0 0.0 0.0 0.0 1.0 0.0
35.40922444 39.27293616 0.0 0.0 0.0 0.0 0.0 0.0 0.0 1.0
40.40922444 34.27293616 1.0 0.0 0.0 0.0 0.0 0.0 0.0 0.0
45.40922444 34.27293616 1.0 0.0 0.0 0.0 0.0 0.0 0.0 0.0
50.40922444 34.27293616 1.0 0.0 0.0 0.0 0.0 0.0 0.0 0.0
55.40922444 34.27293616 1.0 0.0 0.0 0.0 0.0 0.0 0.0 0.0
60.40922444 34.27293616 1.0 0.0 0.0 0.0 0.0 0.0 0.0 0.0
65.40922444 34.27293616 1.0 0.0 0.0 0.0 0.0 0.0 0.0 0.0
70.40922444 34.27293616 1.0 0.0 0.0 0.0 0.0 0.0 0.0 0.0
75.40922444 34.27293616 1.0 0.0 0.0 0.0 0.0 0.0 0.0 0.0
80.40922444 34.27293616 1.0 0.0 0.0 0.0 0.0 0.0 0.0 0.0
85.40922444 34.27293616 1.0 0.0 0.0 0.0 0.0 0.0 0.0 0.0
90.40922444 34.27293616 0.0 0.0 0.0 0.0 0.0 0.0 0.0 1.0
