5.08178319 19.11269614 1.0 0.0 0.0 0.0 0.0 0.0 0.0 0.0
10.08178319 19.11269614 0.0 1.0 0.0 0.0 0.0 0.0 0.0 0.0
15.08178319 24.11269614 0.0 1.0 0.0 0.0 0.0 0.0 0.0 0.0
20.08178319 29.11269614 1.0 0.0 0.0 0.0 0.0 0.0 0.0 0.0
25.08178319 29.11269614 0.0 1.0 0.0 0.0 0.0 0.0 0.0 0.0
30.08178319 34.11269614 1.0 0.0 0.0 0.0 0.0 0.0 0.0 0.0
35.08178319 34.11269614 0.0 1.0 0.0 0.0 0.0 0.0 0.0 0.0
40.08178319 39.11269614 0.0 1.0 0.0 0.0 0.0 0.0 0.0 0.0
45.08178319 44.11269614 0.0 1.0 0.0 0.0 0.0 0.0 0.0 0.0
50.08178319 49.11269614 0.0 1.0 0.0 0.0 0.0 0.0 0.0 0.0
55.08178319 54.11269614 0.0 1.0 0.0 0.0 0.0 0.0 0.0 0.0
60.08178319 59.11269614 1.0 0.0 0.0 0.0 0.0 0.0 0.0 0.0
65.08178319 59.11269614 1.0 0.0 0.0 0.0 0.0 0.0 0.0 0.0
70.08178319 59.11269614 0.0 1.0 0.0 0.0 0.0 0.0 0.0 0.0
75.08178319 64.11269614 1.0 0.0 0.0 0.0 0.0 0.0 0.0 0.0
80.08178319 64.11269614 0.0 1.0 0.0 0.0 0.0 0.0 0.0 0.0
