79.4893532 3.30653177 0.0 0.0 0.0 1.0 0.0 0.0 0.0 0.0
74.4893532 8.30653177 0.0 0.0 0.0 1.0 0.0 0.0 0.0 0.0
69.4893532 13.30653177 0.0 0.0 0.0 1.0 0.0 0.0 0.0 0.0
64.4893532 18.30653177 0.0 0.0 0.0 0.0 1.0 0.0 0.0 0.0
59.4893532 18.30653177 0.0 0.0 0.0 0.0 1.0 0.0 0.0 0.0
54.4893532 18.30653177 0.0 0.0 0.0 1.0 0.0 0.0 0.0 0.0
49.4893532 23.30653177 0.0 0.0 0.0 1.0 0.0 0.0 0.0 0.0
44.4893532 28.30653177 0.0 0.0 0.0 1.0 0.0 0.0 0.0 0.0
39.4893532 33.30653177 0.0 0.0 0.0 1.0 0.0 0.0 0.0 0.0
34.4893532 38.30653177 0.0 0.0 1.0 0.0 0.0 0.0 0.0 0.0
34.4893532 43.30653177 0.0 0.0 0.0 1.0 0.0 0.0 0.0 0.0
29.4893532 48.30653177 0.0 0.0 1.0 0.0 0.0 0.0 0.0 0.0
29.4893532 53.30653177 0.0 0.0 0.0 1.0 0.0 0.0 0.0 0.0
24.4893532 58.30653177 0.0 0.0 0.0 1.0 0.0 0.0 0.0 0.0
