37.00082118 66.64345044 0.0 0.0 0.0 0.0 0.0 0.0 0.0 1.0
42.00082118 61.64345044 1.0 0.0 0.0 0.0 0.0 0.0 0.0 0.0
47.00082118 61.64345044 0.0 0.0 0.0 0.0 0.0 0.0 0.0 1.0
52.00082118 56.64345044 0.0 0.0 0.0 0.0 0.0 0.0 0.0 1.0
57.00082118 51.64345044 0.0 0.0 0.0 0.0 0.0 0.0 0.0 1.0
62.00082118 46.64345044 0.0 0.0 0.0 0.0 0.0 0.0 0.0 1.0
67.00082118 41.64345044 0.0 0.0 0.0 0.0 0.0 0.0 0.0 1.0
72.00082118 36.64345044 1.0 0.0 0.0 0.0 0.0 0.0 0.0 0.0
77.00082118 36.64345044 1.0 0.0 0.0 0.0 0.0 0.0 0.0 0.0
82.00082118 36.64345044 1.0 0.0 0.0 0.0 0.0 0.0 0.0 0.0
87.00082118 36.64345044 0.0 0.0 0.0 0.0 0.0 0.0 0.0 1.0
92.00082118 31.64345044 0.0 0.0 0.0 0.0 0.0 0.0 0.0 1.0
97.00082118 26.64345044 0.0 0.0 0.0 0.0 0.0 1.0 0.0 0.0
