83.24225451 98.51566069 1.0 0.0 0.0 0.0 0.0 0.0 0.0 0.0
88.24225451 98.51566069 0.0 0.0 0.0 0.0 0.0 0.0 0.0 1.0
93.24225451 93.51566069 0.0 0.0 0.0 0.0 0.0 0.0 0.0 1.0
98.24225451 88.51566069 0.0 0.0 0.0 0.0 0.0 0.0 1.0 0.0
98.24225451 83.51566069 0.0 0.0 0.0 0.0 0.0 0.0 1.0 0.0
98.24225451 78.51566069 0.0 0.0 0.0 0.0 0.0 0.0 1.0 0.0
98.24225451 73.51566069 0.0 0.0 0.0 0.0 0.0 1.0 0.0 0.0
93.24225451 68.51566069 0.0 0.0 0.0 0.0 0.0 1.0 0.0 0.0
88.24225451 63.51566069 0.0 0.0 0.0 0.0 0.0 1.0 0.0 0.0
83.24225451 58.51566069 0.0 0.0 0.0 0.0 0.0 1.0 0.0 0.0
78.24225451 53.51566069 0.0 0.0 0.0 0.0 1.0 0.0 0.0 0.0
73.24225451 53.51566069 0.0 0.0 0.0 0.0 0.0 1.0 0.0 0.0
68.24225451 48.51566069 0.0 0.0 0.0 0.0 1.0 0.0 0.0 0.0
63.24225451 48.51566069 0.0 0.0 0.0 0.0 0.0 1.0 0.0 0.0
58.24225451 43.51566069 0.0 0.0 0.0 0.0 1.0 0.0 0.0 0.0
53.24225451 43.51566069 0.0 0.0 0.0 0.0 0.0 1.0 0.0 0.0
48.24225451 38.51566069 0.0 0.0 0.0 0.0 1.0 0.0 0.0 0.0
43.24225451 38.51566069 0.0 0.0 0.0 0.0 0.0 1.0 0.0 0.0
38.24225451 33.51566069 0.0 0.0 0.0 0.0 1.0 0.0 0.0 0.0
33.24225451 33.51566069 0.0 0.0 0.0 0.0 1.0 0.0 0.0 0.0
28.24225451 33.51566069 0.0 0.0 0.0 0.0 0.0 1.0 0.0 0.0
23.24225451 28.51566069 0.0 0.0 0.0 0.0 0.0 1.0 0.0 0.0
