10.62896923 4.25839587 0.0 0.0 1.0 0.0 0.0 0.0 0.0 0.0
10.62896923 9.25839587 0.0 0.0 1.0 0.0 0.0 0.0 0.0 0.0
10.62896923 14.25839587 0.0 0.0 1.0 0.0 0.0 0.0 0.0 0.0
10.62896923 19.25839587 0.0 0.0 1.0 0.0 0.0 0.0 0.0 0.0
10.62896923 24.25839587 0.0 0.0 1.0 0.0 0.0 0.0 0.0 0.0
10.62896923 29.25839587 0.0 0.0 1.0 0.0 0.0 0.0 0.0 0.0
10.62896923 34.25839587 0.0 0.0 1.0 0.0 0.0 0.0 0.0 0.0
10.62896923 39.25839587 0.0 0.0 1.0 0.0 0.0 0.0 0.0 0.0
10.62896923 44.25839587 0.0 1.0 0.0 0.0 0.0 0.0 0.0 0.0
15.62896923 49.25839587 0.0 1.0 0.0 0.0 0.0 0.0 0.0 0.0
20.62896923 54.25839587 1.0 0.0 0.0 0.0 0.0 0.0 0.0 0.0
25.62896923 54.25839587 0.0 1.0 0.0 0.0 0.0 0.0 0.0 0.0
30.62896923 59.25839587 1.0 0.0 0.0 0.0 0.0 0.0 0.0 0.0
35.62896923 59.25839587 1.0 0.0 0.0 0.0 0.0 0.0 0.0 0.0
40.62896923 59.25839587 1.0 0.0 0.0 0.0 0.0 0.0 0.0 0.0
45.62896923 59.25839587 0.0 0.0 0.0 0.0 0.0 0.0 0.0 1.0
50.62896923 54.25839587 1.0 0.0 0.0 0.0 0.0 0.0 0.0 0.0
55.62896923 54.25839587 0.0 0.0 0.0 0.0 0.0 0.0 0.0 1.0
60.62896923 49.25839587 1.0 0.0 0.0 0.0 0.0 0.0 0.0 0.0
65.62896923 49.25839587 1.0 0.0 0.0 0.0 0.0 0.0 0.0 0.0
70.62896923 49.25839587 0.0 0.0 0.0 0.0 0.0 0.0 0.0 1.0
