54.78009947 74.91224305 0.0 0.0 0.0 0.0 0.0 0.0 1.0 0.0
54.78009947 69.91224305 0.0 0.0 0.0 0.0 0.0 0.0 1.0 0.0
54.78009947 64.91224305 0.0 0.0 0.0 0.0 0.0 0.0 1.0 0.0
54.78009947 59.91224305 0.0 0.0 0.0 0.0 0.0 1.0 0.0 0.0
49.78009947 54.91224305 0.0 0.0 0.0 0.0 0.0 0.0 1.0 0.0
49.78009947 49.91224305 0.0 0.0 0.0 0.0 0.0 0.0 1.0 0.0
49.78009947 44.91224305 0.0 0.0 0.0 0.0 0.0 0.0 1.0 0.0
49.78009947 39.91224305 0.0 0.0 0.0 0.0 0.0 0.0 0.0 1.0
54.78009947 34.91224305 0.0 0.0 0.0 0.0 0.0 0.0 1.0 0.0
54.78009947 29.91224305 0.0 0.0 0.0 0.0 0.0 0.0 1.0 0.0
54.78009947 24.91224305 0.0 0.0 0.0 0.0 0.0 0.0 1.0 0.0
54.78009947 19.91224305 0.0 0.0 0.0 0.0 0.0 0.0 0.0 1.0
59.78009947 14.91224305 0.0 0.0 0.0 0.0 0.0 0.0 0.0 1.0
64.78009947 9.91224305 0.0 0.0 0.0 0.0 0.0 0.0 0.0 1.0
69.78009947 4.91224305 1.0 0.0 0.0 0.0 0.0 0.0 0.0 0.0
74.78009947 4.91224305 1.0 0.0 0.0 0.0 0.0 0.0 0.0 0.0
79.78009947 4.91224305 0.0 1.0 0.0 0.0 0.0 0.0 0.0 0.0
84.78009947 9.91224305 0.0 1.0 0.0 0.0 0.0 0.0 0.0 0.0
89.78009947 14.91224305 0.0 1.0 0.0 0.0 0.0 0.0 0.0 0.0
