82.36864353 83.03961627 0.0 0.0 0.0 0.0 0.0 0.0 1.0 0.0
82.36864353 78.03961627 0.0 0.0 0.0 0.0 0.0 1.0 0.0 0.0
77.36864353 73.03961627 0.0 0.0 0.0 0.0 0.0 1.0 0.0 0.0
72.36864353 68.03961627 0.0 0.0 0.0 0.0 1.0 0.0 0.0 0.0
67.36864353 68.03961627 0.0 0.0 0.0 0.0 1.0 0.0 0.0 0.0
62.36864353 68.03961627 0.0 0.0 0.0 0.0 1.0 0.0 0.0 0.0
57.36864353 68.03961627 0.0 0.0 0.0 1.0 0.0 0.0 0.0 0.0
52.36864353 73.03961627 0.0 0.0 0.0 1.0 0.0 0.0 0.0 0.0
47.36864353 78.03961627 0.0 0.0 0.0 1.0 0.0 0.0 0.0 0.0
42.36864353 83.03961627 0.0 0.0 0.0 1.0 0.0 0.0 0.0 0.0
37.36864353 88.03961627 0.0 0.0 0.0 0.0 1.0 0.0 0.0 0.0
32.36864353 88.03961627 0.0 0.0 0.0 0.0 1.0 0.0 0.0 0.0
27.36864353 88.03961627 0.0 0.0 0.0 1.0 0.0 0.0 0.0 0.0
22.36864353 93.03961627 0.0 0.0 0.0 1.0 0.0 0.0 0.0 0.0
