93.61196691 47.26184269 0.0 0.0 0.0 0.0 0.0 1.0 0.0 0.0
88.61196691 42.26184269 0.0 0.0 0.0 0.0 0.0 1.0 0.0 0.0
83.61196691 37.26184269 0.0 0.0 0.0 0.0 1.0 0.0 0.0 0.0
78.61196691 37.26184269 0.0 0.0 0.0 0.0 0.0 1.0 0.0 0.0
73.61196691 32.26184269 0.0 0.0 0.0 0.0 1.0 0.0 0.0 0.0
68.61196691 32.26184269 0.0 0.0 0.0 0.0 0.0 1.0 0.0 0.0
63.61196691 27.26184269 0.0 0.0 0.0 0.0 1.0 0.0 0.0 0.0
58.61196691 27.26184269 0.0 0.0 0.0 0.0 1.0 0.0 0.0 0.0
53.61196691 27.26184269 0.0 0.0 0.0 0.0 1.0 0.0 0.0 0.0
48.61196691 27.26184269 0.0 0.0 0.0 1.0 0.0 0.0 0.0 0.0
43.61196691 32.26184269 0.0 0.0 0.0 0.0 1.0 0.0 0.0 0.0
38.61196691 32.26184269 0.0 0.0 0.0 0.0 1.0 0.0 0.0 0.0
33.61196691 32.26184269 0.0 0.0 0.0 1.0 0.0 0.0 0.0 0.0
28.61196691 37.26184269 0.0 0.0 0.0 0.0 1.0 0.0 0.0 0.0
23.61196691 37.26184269 0.0 0.0 0.0 1.0 0.0 0.0 0.0 0.0
18.61196691 42.26184269 0.0 0.0 0.0 0.0 1.0 0.0 0.0 0.0
13.61196691 42.26184269 0.0 0.0 0.0 1.0 0.0 0.0 0.0 0.0
8.61196691 47.26184269 0.0 0.0 0.0 1.0 0.0 0.0 0.0 0.0
