46.7274497 91.00402672 0.0 0.0 0.0 0.0 0.0 0.0 0.0 1.0
51.7274497 86.00402672 1.0 0.0 0.0 0.0 0.0 0.0 0.0 0.0
56.7274497 86.00402672 1.0 0.0 0.0 0.0 0.0 0.0 0.0 0.0
61.7274497 86.00402672 1.0 0.0 0.0 0.0 0.0 0.0 0.0 0.0
66.7274497 86.00402672 1.0 0.0 0.0 0.0 0.0 0.0 0.0 0.0
71.7274497 86.00402672 1.0 0.0 0.0 0.0 0.0 0.0 0.0 0.0
76.7274497 86.00402672 0.0 0.0 0.0 0.0 0.0 0.0 0.0 1.0
81.7274497 81.00402672 0.0 0.0 0.0 0.0 0.0 0.0 1.0 0.0
81.7274497 76.00402672 0.0 0.0 0.0 0.0 0.0 0.0 0.0 1.0
86.7274497 71.00402672 0.0 0.0 0.0 0.0 0.0 0.0 1.0 0.0
86.7274497 66.00402672 0.0 0.0 0.0 0.0 0.0 0.0 1.0 0.0
86.7274497 61.00402672 0.0 0.0 0.0 0.0 0.0 0.0 1.0 0.0
86.7274497 56.00402672 0.0 0.0 0.0 0.0 0.0 0.0 1.0 0.0
86.7274497 51.00402672 0.0 0.0 0.0 0.0 0.0 0.0 1.0 0.0
86.7274497 46.00402672 0.0 0.0 0.0 0.0 0.0 0.0 1.0 0.0
86.7274497 41.00402672 0.0 0.0 0.0 0.0 0.0 1.0 0.0 0.0
81.7274497 36.00402672 0.0 0.0 0.0 0.0 0.0 0.0 1.0 0.0
81.7274497 31.00402672 0.0 0.0 0.0 0.0 0.0 1.0 0.0 0.0
76.7274497 26.00402672 0.0 0.0 0.0 0.0 0.0 0.0 1.0 0.0
76.7274497 21.00402672 0.0 0.0 0.0 0.0 0.0 1.0 0.0 0.0
