82.0266935 80.61217916 0.0 0.0 0.0 0.0 0.0 0.0 0.0 1.0
87.0266935 75.61217916 0.0 0.0 0.0 0.0 0.0 0.0 0.0 1.0
92.0266935 70.61217916 0.0 0.0 0.0 0.0 0.0 0.0 1.0 0.0
92.0266935 65.61217916 0.0 0.0 0.0 0.0 0.0 1.0 0.0 0.0
87.0266935 60.61217916 0.0 0.0 0.0 0.0 0.0 0.0 1.0 0.0
87.0266935 55.61217916 0.0 0.0 0.0 0.0 0.0 1.0 0.0 0.0
82.0266935 50.61217916 0.0 0.0 0.0 0.0 0.0 0.0 1.0 0.0
82.0266935 45.61217916 0.0 0.0 0.0 0.0 0.0 1.0 0.0 0.0
77.0266935 40.61217916 0.0 0.0 0.0 0.0 0.0 1.0 0.0 0.0
72.0266935 35.61217916 0.0 0.0 0.0 0.0 1.0 0.0 0.0 0.0
67.0266935 35.61217916 0.0 0.0 0.0 0.0 1.0 0.0 0.0 0.0
62.0266935 35.61217916 0.0 0.0 0.0 0.0 1.0 0.0 0.0 0.0
57.0266935 35.61217916 0.0 0.0 0.0 1.0 0.0 0.0 0.0 0.0
52.0266935 40.61217916 0.0 0.0 0.0 1.0 0.0 0.0 0.0 0.0
47.0266935 45.61217916 0.0 0.0 0.0 1.0 0.0 0.0 0.0 0.0
42.0266935 50.61217916 0.0 0.0 0.0 1.0 0.0 0.0 0.0 0.0
37.0266935 55.61217916 0.0 0.0 0.0 1.0 0.0 0.0 0.0 0.0
32.0266935 60.61217916 0.0 0.0 0.0 1.0 0.0 0.0 0.0 0.0
27.0266935 65.61217916 0.0 0.0 0.0 1.0 0.0 0.0 0.0 0.0
22.0266935 70.61217916 0.0 0.0 1.0 0.0 0.0 0.0 0.0 0.0
22.0266935 75.61217916 0.0 0.0 0.0 1.0 0.0 0.0 0.0 0.0
17.0266935 80.61217916 0.0 0.0 1.0 0.0 0.0 0.0 0.0 0.0
17.0266935 85.61217916 0.0 0.0 0.0 1.0 0.0 0.0 0.0 0.0
12.0266935 90.61217916 0.0 1.0 0.0 0.0 0.0 0.0 0.0 0.0
