90.439913 73.74868015 0.0 0.0 0.0 1.0 0.0 0.0 0.0 0.0
85.439913 78.74868015 0.0 0.0 0.0 0.0 1.0 0.0 0.0 0.0
80.439913 78.74868015 0.0 0.0 0.0 0.0 1.0 0.0 0.0 0.0
75.439913 78.74868015 0.0 0.0 0.0 0.0 1.0 0.0 0.0 0.0
70.439913 78.74868015 0.0 0.0 0.0 0.0 1.0 0.0 0.0 0.0
65.439913 78.74868015 0.0 0.0 0.0 0.0 1.0 0.0 0.0 0.0
60.439913 78.74868015 0.0 0.0 0.0 0.0 1.0 0.0 0.0 0.0
55.439913 78.74868015 0.0 0.0 0.0 0.0 1.0 0.0 0.0 0.0
50.439913 78.74868015 0.0 0.0 0.0 0.0 1.0 0.0 0.0 0.0
45.439913 78.74868015 0.0 0.0 0.0 0.0 1.0 0.0 0.0 0.0
40.439913 78.74868015 0.0 0.0 0.0 1.0 0.0 0.0 0.0 0.0
35.439913 83.74868015 0.0 0.0 0.0 0.0 1.0 0.0 0.0 0.0
30.439913 83.74868015 0.0 0.0 0.0 1.0 0.0 0.0 0.0 0.0
25.439913 88.74868015 0.0 0.0 0.0 0.0 1.0 0.0 0.0 0.0
20.439913 88.74868015 0.0 0.0 0.0 1.0 0.0 0.0 0.0 0.0
15.439913 93.74868015 0.0 0.0 0.0 0.0 0.0 1.0 0.0 0.0
