41.40903849 94.79850125 0.0 0.0 0.0 0.0 0.0 0.0 0.0 1.0
46.40903849 89.79850125 0.0 0.0 0.0 0.0 0.0 0.0 0.0 1.0
51.40903849 84.79850125 0.0 0.0 0.0 0.0 0.0 0.0 1.0 0.0
51.40903849 79.79850125 0.0 0.0 0.0 0.0 0.0 0.0 1.0 0.0
51.40903849 74.79850125 0.0 0.0 0.0 0.0 0.0 0.0 1.0 0.0
51.40903849 69.79850125 0.0 0.0 0.0 0.0 0.0 0.0 1.0 0.0
51.40903849 64.79850125 0.0 0.0 0.0 0.0 0.0 0.0 0.0 1.0
56.40903849 59.79850125 0.0 0.0 0.0 0.0 0.0 0.0 1.0 0.0
56.40903849 54.79850125 0.0 0.0 0.0 0.0 0.0 0.0 0.0 1.0
61.40903849 49.79850125 0.0 0.0 0.0 0.0 0.0 0.0 1.0 0.0
61.40903849 44.79850125 0.0 0.0 0.0 0.0 0.0 0.0 0.0 1.0
66.40903849 39.79850125 0.0 0.0 0.0 0.0 0.0 0.0 1.0 0.0
66.40903849 34.79850125 0.0 0.0 0.0 0.0 0.0 0.0 0.0 1.0
71.40903849 29.79850125 0.0 0.0 0.0 0.0 0.0 0.0 1.0 0.0
71.40903849 24.79850125 0.0 0.0 0.0 0.0 0.0 0.0 0.0 1.0
76.40903849 19.79850125 0.0 0.0 0.0 0.0 0.0 1.0 0.0 0.0
