84.48836072 16.11970063 0.0 1.0 0.0 0.0 0.0 0.0 0.0 0.0
89.48836072 21.11970063 0.0 0.0 0.0 1.0 0.0 0.0 0.0 0.0
84.48836072 26.11970063 0.0 0.0 1.0 0.0 0.0 0.0 0.0 0.0
84.48836072 31.11970063 0.0 0.0 0.0 1.0 0.0 0.0 0.0 0.0
79.48836072 36.11970063 0.0 0.0 0.0 1.0 0.0 0.0 0.0 0.0
74.48836072 41.11970063 0.0 0.0 0.0 1.0 0.0 0.0 0.0 0.0
69.48836072 46.11970063 0.0 0.0 0.0 1.0 0.0 0.0 0.0 0.0
64.48836072 51.11970063 0.0 0.0 0.0 0.0 1.0 0.0 0.0 0.0
59.48836072 51.11970063 0.0 0.0 0.0 0.0 1.0 0.0 0.0 0.0
54.48836072 51.11970063 0.0 0.0 0.0 0.0 1.0 0.0 0.0 0.0
49.48836072 51.11970063 0.0 0.0 0.0 0.0 1.0 0.0 0.0 0.0
44.48836072 51.11970063 0.0 0.0 0.0 0.0 1.0 0.0 0.0 0.0
39.48836072 51.11970063 0.0 0.0 0.0 1.0 0.0 0.0 0.0 0.0
34.48836072 56.11970063 0.0 0.0 0.0 1.0 0.0 0.0 0.0 0.0
29.48836072 61.11970063 0.0 0.0 1.0 0.0 0.0 0.0 0.0 0.0
29.48836072 66.11970063 0.0 0.0 1.0 0.0 0.0 0.0 0.0 0.0
29.48836072 71.11970063 0.0 0.0 1.0 0.0 0.0 0.0 0.0 0.0
29.48836072 76.11970063 0.0 0.0 1.0 0.0 0.0 0.0 0.0 0.0
29.48836072 81.11970063 0.0 1.0 0.0 0.0 0.0 0.0 0.0 0.0
