70.20329175 73.06290277 0.0 0.0 0.0 0.0 0.0 0.0 0.0 1.0
75.20329175 68.06290277 0.0 0.0 0.0 0.0 0.0 0.0 0.0 1.0
80.20329175 63.06290277 0.0 0.0 0.0 0.0 0.0 0.0 0.0 1.0
85.20329175 58.06290277 0.0 0.0 0.0 0.0 0.0 0.0 0.0 1.0
90.20329175 53.06290277 0.0 0.0 0.0 0.0 0.0 0.0 1.0 0.0
90.20329175 48.06290277 0.0 0.0 0.0 0.0 0.0 0.0 1.0 0.0
90.20329175 43.06290277 0.0 0.0 0.0 0.0 0.0 0.0 1.0 0.0
90.20329175 38.06290277 0.0 0.0 0.0 0.0 0.0 0.0 1.0 0.0
90.20329175 33.06290277 0.0 0.0 0.0 0.0 0.0 0.0 1.0 0.0
90.20329175 28.06290277 0.0 0.0 0.0 0.0 0.0 0.0 1.0 0.0
90.20329175 23.06290277 0.0 0.0 0.0 0.0 0.0 0.0 1.0 0.0
90.20329175 18.06290277 0.0 0.0 0.0 0.0 0.0 0.0 0.0 1.0
