93.92521609 15.90870098 0.0 0.0 0.0 1.0 0.0 0.0 0.0 0.0
88.92521609 20.90870098 0.0 0.0 0.0 1.0 0.0 0.0 0.0 0.0
83.92521609 25.90870098 0.0 0.0 0.0 1.0 0.0 0.0 0.0 0.0
78.92521609 30.90870098 0.0 0.0 0.0 1.0 0.0 0.0 0.0 0.0
73.92521609 35.90870098 0.0 0.0 0.0 1.0 0.0 0.0 0.0 0.0
68.92521609 40.90870098 0.0 0.0 1.0 0.0 0.0 0.0 0.0 0.0
68.92521609 45.90870098 0.0 0.0 1.0 0.0 0.0 0.0 0.0 0.0
68.92521609 50.90870098 0.0 0.0 0.0 1.0 0.0 0.0 0.0 0.0
63.92521609 55.90870098 0.0 0.0 0.0 1.0 0.0 0.0 0.0 0.0
58.92521609 60.90870098 0.0 0.0 0.0 0.0 1.0 0.0 0.0 0.0
53.92521609 60.90870098 0.0 0.0 0.0 0.0 1.0 0.0 0.0 0.0
48.92521609 60.90870098 0.0 0.0 0.0 0.0 0.0 1.0 0.0 0.0
43.92521609 55.90870098 0.0 0.0 0.0 0.0 0.0 1.0 0.0 0.0
38.92521609 50.90870098 0.0 0.0 0.0 0.0 0.0 1.0 0.0 0.0
33.92521609 45.90870098 0.0 0.0 0.0 0.0 0.0 1.0 0.0 0.0
28.92521609 40.90870098 0.0 0.0 0.0 0.0 0.0 1.0 0.0 0.0
23.92521609 35.90870098 0.0 0.0 0.0 0.0 0.0 1.0 0.0 0.0
18.92521609 30.90870098 0.0 0.0 0.0 0.0 0.0 1.0 0.0 0.0
13.92521609 25.90870098 0.0 0.0 0.0 0.0 0.0 1.0 0.0 0.0
8.92521609 20.90870098 0.0 0.0 0.0 0.0 0.0 0.0 1.0 0.0
8.92521609 15.90870098 0.0 0.0 0.0 0.0 0.0 1.0 0.0 0.0
3.92521609 10.90870098 0.0 0.0 0.0 0.0 0.0 1.0 0.0 0.0
