9.84605747 85.68671778 0.0 0.0 0.0 0.0 0.0 0.0 0.0 1.0
14.84605747 80.68671778 0.0 0.0 0.0 0.0 0.0 0.0 0.0 1.0
19.84605747 75.68671778 0.0 0.0 0.0 0.0 0.0 0.0 0.0 1.0
24.84605747 70.68671778 0.0 0.0 0.0 0.0 0.0 0.0 0.0 1.0
29.84605747 65.68671778 0.0 0.0 0.0 0.0 0.0 0.0 0.0 1.0
34.84605747 60.68671778 0.0 0.0 0.0 0.0 0.0 0.0 0.0 1.0
39.84605747 55.68671778 0.0 0.0 0.0 0.0 0.0 0.0 0.0 1.0
44.84605747 50.68671778 0.0 0.0 0.0 0.0 0.0 0.0 0.0 1.0
49.84605747 45.68671778 0.0 0.0 0.0 0.0 0.0 0.0 1.0 0.0
49.84605747 40.68671778 0.0 0.0 0.0 0.0 0.0 0.0 1.0 0.0
49.84605747 35.68671778 0.0 0.0 0.0 0.0 0.0 0.0 1.0 0.0
49.84605747 30.68671778 0.0 0.0 0.0 0.0 0.0 0.0 1.0 0.0
49.84605747 25.68671778 0.0 0.0 0.0 0.0 0.0 1.0 0.0 0.0
44.84605747 20.68671778 0.0 0.0 0.0 0.0 0.0 0.0 1.0 0.0
44.84605747 15.68671778 0.0 0.0 0.0 0.0 0.0 0.0 1.0 0.0
44.84605747 10.68671778 0.0 0.0 0.0 0.0 0.0 0.0 0.0 1.0
49.84605747 5.68671778 0.0 0.0 0.0 0.0 0.0 0.0 0.0 1.0
54.84605747 0.68671778 1.0 0.0 0.0 0.0 0.0 0.0 0.0 0.0
59.84605747 0.68671778 1.0 0.0 0.0 0.0 0.0 0.0 0.0 0.0
64.84605747 0.68671778 1.0 0.0 0.0 0.0 0.0 0.0 0.0 0.0
69.84605747 0.68671778 1.0 0.0 0.0 0.0 0.0 0.0 0.0 0.0
74.84605747 0.68671778 0.0 1.0 0.0 0.0 0.0 0.0 0.0 0.0
79.84605747 5.68671778 0.0 1.0 0.0 0.0 0.0 0.0 0.0 0.0
84.84605747 10.68671778 0.0 0.0 0.0 0.0 0.0 0.0 0.0 1.0
