74.47716886 1.02297505 0.0 0.0 1.0 0.0 0.0 0.0 0.0 0.0
74.47716886 6.02297505 0.0 0.0 1.0 0.0 0.0 0.0 0.0 0.0
74.47716886 11.02297505 0.0 0.0 1.0 0.0 0.0 0.0 0.0 0.0
74.47716886 16.02297505 0.0 0.0 1.0 0.0 0.0 0.0 0.0 0.0
74.47716886 21.02297505 0.0 0.0 1.0 0.0 0.0 0.0 0.0 0.0
74.47716886 26.02297505 0.0 0.0 1.0 0.0 0.0 0.0 0.0 0.0
74.47716886 31.02297505 0.0 0.0 1.0 0.0 0.0 0.0 0.0 0.0
74.47716886 36.02297505 0.0 0.0 1.0 0.0 0.0 0.0 0.0 0.0
74.47716886 41.02297505 0.0 0.0 1.0 0.0 0.0 0.0 0.0 0.0
74.47716886 46.02297505 0.0 0.0 0.0 1.0 0.0 0.0 0.0 0.0
69.47716886 51.02297505 0.0 0.0 1.0 0.0 0.0 0.0 0.0 0.0
69.47716886 56.02297505 0.0 0.0 1.0 0.0 0.0 0.0 0.0 0.0
69.47716886 61.02297505 0.0 0.0 1.0 0.0 0.0 0.0 0.0 0.0
69.47716886 66.02297505 0.0 1.0 0.0 0.0 0.0 0.0 0.0 0.0
74.47716886 71.02297505 0.0 1.0 0.0 0.0 0.0 0.0 0.0 0.0
79.47716886 76.02297505 0.0 1.0 0.0 0.0 0.0 0.0 0.0 0.0
