96.21271356 86.55514097 0.0 0.0 0.0 0.0 0.0 1.0 0.0 0.0
91.21271356 81.55514097 0.0 0.0 0.0 0.0 0.0 1.0 0.0 0.0
86.21271356 76.55514097 0.0 0.0 0.0 0.0 0.0 1.0 0.0 0.0
81.21271356 71.55514097 0.0 0.0 0.0 0.0 0.0 1.0 0.0 0.0
76.21271356 66.55514097 0.0 0.0 0.0 0.0 1.0 0.0 0.0 0.0
71.21271356 66.55514097 0.0 0.0 0.0 0.0 0.0 1.0 0.0 0.0
66.21271356 61.55514097 0.0 0.0 0.0 0.0 0.0 1.0 0.0 0.0
61.21271356 56.55514097 0.0 0.0 0.0 0.0 0.0 0.0 1.0 0.0
61.21271356 51.55514097 0.0 0.0 0.0 0.0 0.0 1.0 0.0 0.0
56.21271356 46.55514097 0.0 0.0 0.0 0.0 0.0 1.0 0.0 0.0
51.21271356 41.55514097 0.0 0.0 0.0 0.0 0.0 1.0 0.0 0.0
46.21271356 36.55514097 0.0 0.0 0.0 0.0 0.0 1.0 0.0 0.0
41.21271356 31.55514097 0.0 0.0 0.0 0.0 0.0 1.0 0.0 0.0
36.21271356 26.55514097 0.0 0.0 0.0 0.0 0.0 1.0 0.0 0.0
31.21271356 21.55514097 0.0 0.0 0.0 0.0 1.0 0.0 0.0 0.0
26.21271356 21.55514097 0.0 0.0 0.0 0.0 0.0 1.0 0.0 0.0
