37.82140675 96.47544748 0.0 0.0 0.0 0.0 0.0 0.0 0.0 1.0
42.82140675 91.47544748 0.0 0.0 0.0 0.0 0.0 0.0 0.0 1.0
47.82140675 86.47544748 0.0 0.0 0.0 0.0 0.0 0.0 0.0 1.0
52.82140675 81.47544748 0.0 0.0 0.0 0.0 0.0 0.0 1.0 0.0
52.82140675 76.47544748 0.0 0.0 0.0 0.0 0.0 0.0 1.0 0.0
52.82140675 71.47544748 0.0 0.0 0.0 0.0 0.0 0.0 1.0 0.0
52.82140675 66.47544748 0.0 0.0 0.0 0.0 0.0 0.0 1.0 0.0
52.82140675 61.47544748 0.0 0.0 0.0 0.0 0.0 0.0 1.0 0.0
52.82140675 56.47544748 0.0 0.0 0.0 0.0 0.0 0.0 1.0 0.0
52.82140675 51.47544748 0.0 0.0 0.0 0.0 0.0 0.0 0.0 1.0
57.82140675 46.47544748 0.0 0.0 0.0 0.0 0.0 0.0 0.0 1.0
62.82140675 41.47544748 0.0 0.0 0.0 0.0 0.0 0.0 0.0 1.0
67.82140675 36.47544748 0.0 0.0 0.0 0.0 0.0 0.0 0.0 1.0
72.82140675 31.47544748 1.0 0.0 0.0 0.0 0.0 0.0 0.0 0.0
77.82140675 31.47544748 0.0 0.0 0.0 0.0 0.0 0.0 0.0 1.0
82.82140675 26.47544748 0.0 0.0 0.0 0.0 0.0 0.0 0.0 1.0
87.82140675 21.47544748 0.0 0.0 0.0 0.0 0.0 0.0 0.0 1.0
92.82140675 16.47544748 0.0 0.0 0.0 0.0 0.0 0.0 1.0 0.0
92.82140675 11.47544748 0.0 0.0 0.0 0.0 0.0 0.0 0.0 1.0
