97.95398633 78.60026675 0.0 0.0 0.0 0.0 0.0 1.0 0.0 0.0
92.95398633 73.60026675 0.0 0.0 0.0 0.0 1.0 0.0 0.0 0.0
87.95398633 73.60026675 0.0 0.0 0.0 0.0 0.0 1.0 0.0 0.0
82.95398633 68.60026675 0.0 0.0 0.0 0.0 0.0 1.0 0.0 0.0
77.95398633 63.60026675 0.0 0.0 0.0 0.0 0.0 1.0 0.0 0.0
72.95398633 58.60026675 0.0 0.0 0.0 0.0 0.0 1.0 0.0 0.0
67.95398633 53.60026675 0.0 0.0 0.0 0.0 0.0 1.0 0.0 0.0
62.95398633 48.60026675 0.0 0.0 0.0 0.0 0.0 1.0 0.0 0.0
57.95398633 43.60026675 0.0 0.0 0.0 0.0 0.0 1.0 0.0 0.0
52.95398633 38.60026675 0.0 0.0 0.0 0.0 0.0 1.0 0.0 0.0
47.95398633 33.60026675 0.0 0.0 0.0 0.0 0.0 1.0 0.0 0.0
42.95398633 28.60026675 0.0 0.0 0.0 0.0 1.0 0.0 0.0 0.0
37.95398633 28.60026675 0.0 0.0 0.0 1.0 0.0 0.0 0.0 0.0
32.95398633 33.60026675 0.0 0.0 0.0 0.0 1.0 0.0 0.0 0.0
27.95398633 33.60026675 0.0 0.0 0.0 1.0 0.0 0.0 0.0 0.0
22.95398633 38.60026675 0.0 0.0 0.0 1.0 0.0 0.0 0.0 0.0
17.95398633 43.60026675 0.0 0.0 0.0 1.0 0.0 0.0 0.0 0.0
12.95398633 48.60026675 0.0 0.0 0.0 1.0 0.0 0.0 0.0 0.0
