88.50508993 58.28153126 0.0 0.0 0.0 0.0 1.0 0.0 0.0 0.0
83.50508993 58.28153126 0.0 0.0 0.0 0.0 1.0 0.0 0.0 0.0
78.50508993 58.28153126 0.0 0.0 0.0 0.0 1.0 0.0 0.0 0.0
73.50508993 58.28153126 0.0 0.0 0.0 0.0 1.0 0.0 0.0 0.0
68.50508993 58.28153126 0.0 0.0 0.0 0.0 1.0 0.0 0.0 0.0
63.50508993 58.28153126 0.0 0.0 0.0 0.0 1.0 0.0 0.0 0.0
58.50508993 58.28153126 0.0 0.0 0.0 0.0 1.0 0.0 0.0 0.0
53.50508993 58.28153126 0.0 0.0 0.0 0.0 1.0 0.0 0.0 0.0
48.50508993 58.28153126 0.0 0.0 0.0 0.0 0.0 1.0 0.0 0.0
43.50508993 53.28153126 0.0 0.0 0.0 0.0 0.0 1.0 0.0 0.0
38.50508993 48.28153126 0.0 0.0 0.0 0.0 1.0 0.0 0.0 0.0
33.50508993 48.28153126 0.0 0.0 0.0 0.0 1.0 0.0 0.0 0.0
28.50508993 48.28153126 0.0 0.0 0.0 0.0 1.0 0.0 0.0 0.0
23.50508993 48.28153126 0.0 0.0 0.0 1.0 0.0 0.0 0.0 0.0
18.50508993 53.28153126 0.0 0.0 0.0 1.0 0.0 0.0 0.0 0.0
13.50508993 58.28153126 0.0 0.0 0.0 1.0 0.0 0.0 0.0 0.0
8.50508993 63.28153126 0.0 0.0 0.0 1.0 0.0 0.0 0.0 0.0
