34.47098086 7.95949991 0.0 1.0 0.0 0.0 0.0 0.0 0.0 0.0
39.47098086 12.95949991 0.0 1.0 0.0 0.0 0.0 0.0 0.0 0.0
44.47098086 17.95949991 0.0 1.0 0.0 0.0 0.0 0.0 0.0 0.0
49.47098086 22.95949991 0.0 1.0 0.0 0.0 0.0 0.0 0.0 0.0
54.47098086 27.95949991 0.0 1.0 0.0 0.0 0.0 0.0 0.0 0.0
59.47098086 32.95949991 0.0 0.0 1.0 0.0 0.0 0.0 0.0 0.0
59.47098086 37.95949991 0.0 1.0 0.0 0.0 0.0 0.0 0.0 0.0
64.47098086 42.95949991 0.0 1.0 0.0 0.0 0.0 0.0 0.0 0.0
69.47098086 47.95949991 0.0 1.0 0.0 0.0 0.0 0.0 0.0 0.0
74.47098086 52.95949991 0.0 1.0 0.0 0.0 0.0 0.0 0.0 0.0
79.47098086 57.95949991 0.0 1.0 0.0 0.0 0.0 0.0 0.0 0.0
84.47098086 62.95949991 0.0 1.0 0.0 0.0 0.0 0.0 0.0 0.0
89.47098086 67.95949991 0.0 1.0 0.0 0.0 0.0 0.0 0.0 0.0
