37.48033887 94.67693786 0.0 0.0 0.0 0.0 0.0 0.0 1.0 0.0
37.48033887 89.67693786 0.0 0.0 0.0 0.0 0.0 0.0 1.0 0.0
37.48033887 84.67693786 0.0 0.0 0.0 0.0 0.0 0.0 1.0 0.0
37.48033887 79.67693786 0.0 0.0 0.0 0.0 0.0 1.0 0.0 0.0
32.48033887 74.67693786 0.0 0.0 0.0 0.0 0.0 1.0 0.0 0.0
27.48033887 69.67693786 0.0 0.0 0.0 0.0 0.0 0.0 1.0 0.0
27.48033887 64.67693786 0.0 0.0 0.0 0.0 0.0 0.0 1.0 0.0
27.48033887 59.67693786 0.0 0.0 0.0 0.0 0.0 0.0 1.0 0.0
27.48033887 54.67693786 0.0 0.0 0.0 0.0 0.0 0.0 1.0 0.0
27.48033887 49.67693786 0.0 0.0 0.0 0.0 0.0 0.0 1.0 0.0
27.48033887 44.67693786 0.0 0.0 0.0 0.0 0.0 0.0 1.0 0.0
27.48033887 39.67693786 0.0 0.0 0.0 0.0 0.0 0.0 1.0 0.0
27.48033887 34.67693786 0.0 0.0 0.0 0.0 0.0 0.0 1.0 0.0
27.48033887 29.67693786 0.0 0.0 0.0 0.0 0.0 0.0 1.0 0.0
27.48033887 24.67693786 0.0 0.0 0.0 0.0 0.0 0.0 1.0 0.0
27.48033887 19.67693786 0.0 0.0 0.0 0.0 0.0 0.0 1.0 0.0
27.48033887 14.67693786 0.0 0.0 0.0 0.0 0.0 1.0 0.0 0.0
22.48033887 9.67693786 0.0 0.0 0.0 0.0 0.0 0.0 1.0 0.0
22.48033887 4.67693786 0.0 0.0 0.0 0.0 0.0 1.0 0.0 0.0
