28.03535067 10.9422185 0.0 0.0 1.0 0.0 0.0 0.0 0.0 0.0
28.03535067 15.9422185 0.0 0.0 1.0 0.0 0.0 0.0 0.0 0.0
28.03535067 20.9422185 0.0 0.0 1.0 0.0 0.0 0.0 0.0 0.0
28.03535067 25.9422185 0.0 0.0 1.0 0.0 0.0 0.0 0.0 0.0
28.03535067 30.9422185 0.0 0.0 0.0 1.0 0.0 0.0 0.0 0.0
23.03535067 35.9422185 0.0 0.0 1.0 0.0 0.0 0.0 0.0 0.0
23.03535067 40.9422185 0.0 0.0 1.0 0.0 0.0 0.0 0.0 0.0
23.03535067 45.9422185 0.0 0.0 1.0 0.0 0.0 0.0 0.0 0.0
23.03535067 50.9422185 0.0 1.0 0.0 0.0 0.0 0.0 0.0 0.0
28.03535067 55.9422185 0.0 0.0 1.0 0.0 0.0 0.0 0.0 0.0
28.03535067 60.9422185 0.0 1.0 0.0 0.0 0.0 0.0 0.0 0.0
33.03535067 65.9422185 0.0 1.0 0.0 0.0 0.0 0.0 0.0 0.0
38.03535067 70.9422185 0.0 1.0 0.0 0.0 0.0 0.0 0.0 0.0
43.03535067 75.9422185 1.0 0.0 0.0 0.0 0.0 0.0 0.0 0.0
48.03535067 75.9422185 1.0 0.0 0.0 0.0 0.0 0.0 0.0 0.0
53.03535067 75.9422185 0.0 1.0 0.0 0.0 0.0 0.0 0.0 0.0
58.03535067 80.9422185 1.0 0.0 0.0 0.0 0.0 0.0 0.0 0.0
63.03535067 80.9422185 0.0 1.0 0.0 0.0 0.0 0.0 0.0 0.0
68.03535067 85.9422185 0.0 1.0 0.0 0.0 0.0 0.0 0.0 0.0
73.03535067 90.9422185 1.0 0.0 0.0 0.0 0.0 0.0 0.0 0.0
78.03535067 90.9422185 1.0 0.0 0.0 0.0 0.0 0.0 0.0 0.0
83.03535067 90.9422185 0.0 1.0 0.0 0.0 0.0 0.0 0.0 0.0
88.03535067 95.9422185 0.0 1.0 0.0 0.0 0.0 0.0 0.0 0.0
