98.69379098 87.13892321 0.0 0.0 0.0 0.0 1.0 0.0 0.0 0.0
93.69379098 87.13892321 0.0 0.0 0.0 0.0 1.0 0.0 0.0 0.0
88.69379098 87.13892321 0.0 0.0 0.0 0.0 1.0 0.0 0.0 0.0
83.69379098 87.13892321 0.0 0.0 0.0 0.0 1.0 0.0 0.0 0.0
78.69379098 87.13892321 0.0 0.0 0.0 0.0 1.0 0.0 0.0 0.0
73.69379098 87.13892321 0.0 0.0 0.0 0.0 1.0 0.0 0.0 0.0
68.69379098 87.13892321 0.0 0.0 0.0 0.0 1.0 0.0 0.0 0.0
63.69379098 87.13892321 0.0 0.0 0.0 0.0 1.0 0.0 0.0 0.0
58.69379098 87.13892321 0.0 0.0 0.0 0.0 1.0 0.0 0.0 0.0
53.69379098 87.13892321 0.0 0.0 0.0 0.0 0.0 1.0 0.0 0.0
48.69379098 82.13892321 0.0 0.0 0.0 0.0 1.0 0.0 0.0 0.0
43.69379098 82.13892321 0.0 0.0 0.0 0.0 0.0 1.0 0.0 0.0
38.69379098 77.13892321 0.0 0.0 0.0 0.0 1.0 0.0 0.0 0.0
33.69379098 77.13892321 0.0 0.0 0.0 0.0 1.0 0.0 0.0 0.0
28.69379098 77.13892321 0.0 0.0 0.0 0.0 1.0 0.0 0.0 0.0
23.69379098 77.13892321 0.0 0.0 0.0 0.0 0.0 1.0 0.0 0.0
18.69379098 72.13892321 0.0 0.0 0.0 0.0 0.0 1.0 0.0 0.0
