84.39587806 97.81070067 0.0 0.0 0.0 0.0 0.0 1.0 0.0 0.0
79.39587806 92.81070067 0.0 0.0 0.0 0.0 0.0 1.0 0.0 0.0
74.39587806 87.81070067 0.0 0.0 0.0 0.0 0.0 1.0 0.0 0.0
69.39587806 82.81070067 0.0 0.0 0.0 0.0 0.0 0.0 1.0 0.0
69.39587806 77.81070067 0.0 0.0 0.0 0.0 0.0 0.0 1.0 0.0
69.39587806 72.81070067 0.0 0.0 0.0 0.0 0.0 1.0 0.0 0.0
64.39587806 67.81070067 0.0 0.0 0.0 0.0 0.0 1.0 0.0 0.0
59.39587806 62.81070067 0.0 0.0 0.0 0.0 0.0 1.0 0.0 0.0
54.39587806 57.81070067 0.0 0.0 0.0 0.0 0.0 0.0 1.0 0.0
54.39587806 52.81070067 0.0 0.0 0.0 0.0 0.0 0.0 1.0 0.0
54.39587806 47.81070067 0.0 0.0 0.0 0.0 0.0 0.0 1.0 0.0
54.39587806 42.81070067 0.0 0.0 0.0 0.0 0.0 1.0 0.0 0.0
49.39587806 37.81070067 0.0 0.0 0.0 0.0 0.0 0.0 1.0 0.0
49.39587806 32.81070067 0.0 0.0 0.0 0.0 0.0 1.0 0.0 0.0
44.39587806 27.81070067 0.0 0.0 0.0 0.0 0.0 1.0 0.0 0.0
39.39587806 22.81070067 0.0 0.0 0.0 0.0 0.0 1.0 0.0 0.0
34.39587806 17.81070067 0.0 0.0 0.0 0.0 0.0 1.0 0.0 0.0
29.39587806 12.81070067 0.0 0.0 0.0 0.0 0.0 1.0 0.0 0.0
24.39587806 7.81070067 0.0 0.0 0.0 0.0 0.0 1.0 0.0 0.0
19.39587806 2.81070067 0.0 0.0 0.0 0.0 0.0 0.0 0.0 1.0
