96.30966778 66.99005261 0.0 0.0 0.0 0.0 1.0 0.0 0.0 0.0
91.30966778 66.99005261 0.0 0.0 0.0 0.0 1.0 0.0 0.0 0.0
86.30966778 66.99005261 0.0 0.0 0.0 0.0 1.0 0.0 0.0 0.0
81.30966778 66.99005261 0.0 0.0 0.0 1.0 0.0 0.0 0.0 0.0
76.30966778 71.99005261 0.0 0.0 0.0 1.0 0.0 0.0 0.0 0.0
71.30966778 76.99005261 0.0 0.0 0.0 1.0 0.0 0.0 0.0 0.0
66.30966778 81.99005261 0.0 0.0 0.0 0.0 1.0 0.0 0.0 0.0
61.30966778 81.99005261 0.0 0.0 0.0 1.0 0.0 0.0 0.0 0.0
56.30966778 86.99005261 0.0 0.0 0.0 0.0 1.0 0.0 0.0 0.0
51.30966778 86.99005261 0.0 0.0 0.0 0.0 1.0 0.0 0.0 0.0
46.30966778 86.99005261 0.0 0.0 0.0 0.0 1.0 0.0 0.0 0.0
41.30966778 86.99005261 0.0 0.0 0.0 0.0 1.0 0.0 0.0 0.0
36.30966778 86.99005261 0.0 0.0 0.0 0.0 1.0 0.0 0.0 0.0
31.30966778 86.99005261 0.0 0.0 0.0 0.0 1.0 0.0 0.0 0.0
26.30966778 86.99005261 0.0 0.0 0.0 0.0 0.0 1.0 0.0 0.0
21.30966778 81.99005261 0.0 0.0 0.0 0.0 0.0 1.0 0.0 0.0
