61.0204526 6.40583136 0.0 0.0 0.0 1.0 0.0 0.0 0.0 0.0
56.0204526 11.40583136 0.0 0.0 0.0 1.0 0.0 0.0 0.0 0.0
51.0204526 16.40583136 0.0 0.0 0.0 1.0 0.0 0.0 0.0 0.0
46.0204526 21.40583136 0.0 0.0 0.0 1.0 0.0 0.0 0.0 0.0
41.0204526 26.40583136 0.0 0.0 0.0 1.0 0.0 0.0 0.0 0.0
36.0204526 31.40583136 0.0 0.0 0.0 1.0 0.0 0.0 0.0 0.0
31.0204526 36.40583136 0.0 0.0 1.0 0.0 0.0 0.0 0.0 0.0
31.0204526 41.40583136 0.0 0.0 1.0 0.0 0.0 0.0 0.0 0.0
31.0204526 46.40583136 0.0 0.0 1.0 0.0 0.0 0.0 0.0 0.0
31.0204526 51.40583136 0.0 0.0 1.0 0.0 0.0 0.0 0.0 0.0
31.0204526 56.40583136 0.0 0.0 0.0 1.0 0.0 0.0 0.0 0.0
26.0204526 61.40583136 0.0 0.0 0.0 1.0 0.0 0.0 0.0 0.0
21.0204526 66.40583136 0.0 0.0 0.0 1.0 0.0 0.0 0.0 0.0
16.0204526 71.40583136 0.0 0.0 0.0 1.0 0.0 0.0 0.0 0.0
11.0204526 76.40583136 0.0 0.0 0.0 1.0 0.0 0.0 0.0 0.0
6.0204526 81.40583136 0.0 0.0 0.0 1.0 0.0 0.0 0.0 0.0
