6.90905829 3.83476964 0.0 1.0 0.0 0.0 0.0 0.0 0.0 0.0
11.90905829 8.83476964 0.0 1.0 0.0 0.0 0.0 0.0 0.0 0.0
16.90905829 13.83476964 0.0 0.0 1.0 0.0 0.0 0.0 0.0 0.0
16.90905829 18.83476964 0.0 0.0 1.0 0.0 0.0 0.0 0.0 0.0
16.90905829 23.83476964 0.0 0.0 1.0 0.0 0.0 0.0 0.0 0.0
16.90905829 28.83476964 0.0 0.0 1.0 0.0 0.0 0.0 0.0 0.0
16.90905829 33.83476964 0.0 1.0 0.0 0.0 0.0 0.0 0.0 0.0
21.90905829 38.83476964 0.0 1.0 0.0 0.0 0.0 0.0 0.0 0.0
26.90905829 43.83476964 1.0 0.0 0.0 0.0 0.0 0.0 0.0 0.0
31.90905829 43.83476964 1.0 0.0 0.0 0.0 0.0 0.0 0.0 0.0
36.90905829 43.83476964 1.0 0.0 0.0 0.0 0.0 0.0 0.0 0.0
41.90905829 43.83476964 0.0 0.0 0.0 0.0 0.0 0.0 0.0 1.0
46.90905829 38.83476964 1.0 0.0 0.0 0.0 0.0 0.0 0.0 0.0
51.90905829 38.83476964 0.0 0.0 0.0 0.0 0.0 0.0 0.0 1.0
56.90905829 33.83476964 1.0 0.0 0.0 0.0 0.0 0.0 0.0 0.0
61.90905829 33.83476964 0.0 0.0 0.0 0.0 0.0 0.0 0.0 1.0
66.90905829 28.83476964 1.0 0.0 0.0 0.0 0.0 0.0 0.0 0.0
71.90905829 28.83476964 0.0 0.0 0.0 0.0 0.0 0.0 0.0 1.0
76.90905829 23.83476964 1.0 0.0 0.0 0.0 0.0 0.0 0.0 0.0
81.90905829 23.83476964 1.0 0.0 0.0 0.0 0.0 0.0 0.0 0.0
86.90905829 23.83476964 0.0 0.0 0.0 0.0 0.0 0.0 0.0 1.0
91.90905829 18.83476964 1.0 0.0 0.0 0.0 0.0 0.0 0.0 0.0
96.90905829 18.83476964 0.0 0.0 0.0 0.0 0.0 0.0 0.0 1.0
