8.82714242 14.53797264 0.0 1.0 0.0 0.0 0.0 0.0 0.0 0.0
13.82714242 19.53797264 0.0 1.0 0.0 0.0 0.0 0.0 0.0 0.0
18.82714242 24.53797264 0.0 1.0 0.0 0.0 0.0 0.0 0.0 0.0
23.82714242 29.53797264 1.0 0.0 0.0 0.0 0.0 0.0 0.0 0.0
28.82714242 29.53797264 1.0 0.0 0.0 0.0 0.0 0.0 0.0 0.0
33.82714242 29.53797264 1.0 0.0 0.0 0.0 0.0 0.0 0.0 0.0
38.82714242 29.53797264 1.0 0.0 0.0 0.0 0.0 0.0 0.0 0.0
43.82714242 29.53797264 0.0 1.0 0.0 0.0 0.0 0.0 0.0 0.0
48.82714242 34.53797264 1.0 0.0 0.0 0.0 0.0 0.0 0.0 0.0
53.82714242 34.53797264 0.0 1.0 0.0 0.0 0.0 0.0 0.0 0.0
58.82714242 39.53797264 0.0 1.0 0.0 0.0 0.0 0.0 0.0 0.0
63.82714242 44.53797264 0.0 1.0 0.0 0.0 0.0 0.0 0.0 0.0
68.82714242 49.53797264 1.0 0.0 0.0 0.0 0.0 0.0 0.0 0.0
73.82714242 49.53797264 1.0 0.0 0.0 0.0 0.0 0.0 0.0 0.0
78.82714242 49.53797264 0.0 1.0 0.0 0.0 0.0 0.0 0.0 0.0
83.82714242 54.53797264 0.0 1.0 0.0 0.0 0.0 0.0 0.0 0.0
88.82714242 59.53797264 0.0 0.0 1.0 0.0 0.0 0.0 0.0 0.0
88.82714242 64.53797264 0.0 0.0 1.0 0.0 0.0 0.0 0.0 0.0
88.82714242 69.53797264 0.0 0.0 1.0 0.0 0.0 0.0 0.0 0.0
88.82714242 74.53797264 0.0 0.0 0.0 1.0 0.0 0.0 0.0 0.0
83.82714242 79.53797264 0.0 0.0 0.0 1.0 0.0 0.0 0.0 0.0
78.82714242 84.53797264 0.0 0.0 0.0 0.0 1.0 0.0 0.0 0.0
73.82714242 84.53797264 0.0 0.0 0.0 0.0 1.0 0.0 0.0 0.0
68.82714242 84.53797264 0.0 0.0 0.0 0.0 1.0 0.0 0.0 0.0
63.82714242 84.53797264 0.0 0.0 0.0 0.0 1.0 0.0 0.0 0.0
58.82714242 84.53797264 0.0 0.0 0.0 0.0 1.0 0.0 0.0 0.0
53.82714242 84.53797264 0.0 0.0 0.0 1.0 0.0 0.0 0.0 0.0
