4.27111541 28.62182545 0.0 1.0 0.0 0.0 0.0 0.0 0.0 0.0
9.27111541 33.62182545 1.0 0.0 0.0 0.0 0.0 0.0 0.0 0.0
14.27111541 33.62182545 1.0 0.0 0.0 0.0 0.0 0.0 0.0 0.0
19.27111541 33.62182545 1.0 0.0 0.0 0.0 0.0 0.0 0.0 0.0
24.27111541 33.62182545 1.0 0.0 0.0 0.0 0.0 0.0 0.0 0.0
29.27111541 33.62182545 1.0 0.0 0.0 0.0 0.0 0.0 0.0 0.0
34.27111541 33.62182545 1.0 0.0 0.0 0.0 0.0 0.0 0.0 0.0
39.27111541 33.62182545 1.0 0.0 0.0 0.0 0.0 0.0 0.0 0.0
44.27111541 33.62182545 1.0 0.0 0.0 0.0 0.0 0.0 0.0 0.0
49.27111541 33.62182545 0.0 0.0 0.0 0.0 0.0 0.0 0.0 1.0
54.27111541 28.62182545 1.0 0.0 0.0 0.0 0.0 0.0 0.0 0.0
59.27111541 28.62182545 1.0 0.0 0.0 0.0 0.0 0.0 0.0 0.0
64.27111541 28.62182545 0.0 0.0 0.0 0.0 0.0 0.0 0.0 1.0
69.27111541 23.62182545 1.0 0.0 0.0 0.0 0.0 0.0 0.0 0.0
74.27111541 23.62182545 0.0 0.0 0.0 0.0 0.0 0.0 0.0 1.0
79.27111541 18.62182545 1.0 0.0 0.0 0.0 0.0 0.0 0.0 0.0
84.27111541 18.62182545 0.0 0.0 0.0 0.0 0.0 0.0 0.0 1.0
89.27111541 13.62182545 0.0 0.0 0.0 0.0 0.0 0.0 0.0 1.0
