90.62853637 24.69074755 0.0 0.0 0.0 1.0 0.0 0.0 0.0 0.0
85.62853637 29.69074755 0.0 0.0 0.0 1.0 0.0 0.0 0.0 0.0
80.62853637 34.69074755 0.0 0.0 0.0 1.0 0.0 0.0 0.0 0.0
75.62853637 39.69074755 0.0 0.0 0.0 1.0 0.0 0.0 0.0 0.0
70.62853637 44.69074755 0.0 0.0 0.0 1.0 0.0 0.0 0.0 0.0
65.62853637 49.69074755 0.0 0.0 0.0 1.0 0.0 0.0 0.0 0.0
60.62853637 54.69074755 0.0 0.0 0.0 0.0 1.0 0.0 0.0 0.0
55.62853637 54.69074755 0.0 0.0 0.0 0.0 1.0 0.0 0.0 0.0
50.62853637 54.69074755 0.0 0.0 0.0 1.0 0.0 0.0 0.0 0.0
45.62853637 59.69074755 0.0 0.0 0.0 0.0 1.0 0.0 0.0 0.0
40.62853637 59.69074755 0.0 0.0 0.0 1.0 0.0 0.0 0.0 0.0
35.62853637 64.69074755 0.0 0.0 0.0 1.0 0.0 0.0 0.0 0.0
30.62853637 69.69074755 0.0 0.0 0.0 0.0 1.0 0.0 0.0 0.0
25.62853637 69.69074755 0.0 0.0 0.0 0.0 1.0 0.0 0.0 0.0
20.62853637 69.69074755 0.0 0.0 0.0 1.0 0.0 0.0 0.0 0.0
15.62853637 74.69074755 0.0 0.0 0.0 0.0 1.0 0.0 0.0 0.0
10.62853637 74.69074755 0.0 0.0 0.0 1.0 0.0 0.0 0.0 0.0
