83.18829834 58.73808361 0.0 0.0 0.0 0.0 0.0 1.0 0.0 0.0
78.18829834 53.73808361 0.0 0.0 0.0 0.0 0.0 1.0 0.0 0.0
73.18829834 48.73808361 0.0 0.0 0.0 0.0 0.0 1.0 0.0 0.0
68.18829834 43.73808361 0.0 0.0 0.0 0.0 0.0 1.0 0.0 0.0
63.18829834 38.73808361 0.0 0.0 0.0 0.0 0.0 1.0 0.0 0.0
58.18829834 33.73808361 0.0 0.0 0.0 0.0 1.0 0.0 0.0 0.0
53.18829834 33.73808361 0.0 0.0 0.0 0.0 1.0 0.0 0.0 0.0
48.18829834 33.73808361 0.0 0.0 0.0 0.0 0.0 1.0 0.0 0.0
43.18829834 28.73808361 0.0 0.0 0.0 0.0 1.0 0.0 0.0 0.0
38.18829834 28.73808361 0.0 0.0 0.0 0.0 0.0 1.0 0.0 0.0
33.18829834 23.73808361 0.0 0.0 0.0 0.0 1.0 0.0 0.0 0.0
28.18829834 23.73808361 0.0 0.0 0.0 0.0 0.0 1.0 0.0 0.0
23.18829834 18.73808361 0.0 0.0 0.0 0.0 1.0 0.0 0.0 0.0
18.18829834 18.73808361 0.0 0.0 0.0 0.0 0.0 1.0 0.0 0.0
13.18829834 13.73808361 0.0 0.0 0.0 0.0 0.0 1.0 0.0 0.0
