99.31246331 33.79173401 0.0 0.0 0.0 1.0 0.0 0.0 0.0 0.0
94.31246331 38.79173401 0.0 0.0 0.0 1.0 0.0 0.0 0.0 0.0
89.31246331 43.79173401 0.0 0.0 0.0 0.0 1.0 0.0 0.0 0.0
84.31246331 43.79173401 0.0 0.0 0.0 0.0 1.0 0.0 0.0 0.0
79.31246331 43.79173401 0.0 0.0 0.0 1.0 0.0 0.0 0.0 0.0
74.31246331 48.79173401 0.0 0.0 0.0 1.0 0.0 0.0 0.0 0.0
69.31246331 53.79173401 0.0 0.0 0.0 1.0 0.0 0.0 0.0 0.0
64.31246331 58.79173401 0.0 0.0 0.0 1.0 0.0 0.0 0.0 0.0
59.31246331 63.79173401 0.0 0.0 0.0 1.0 0.0 0.0 0.0 0.0
54.31246331 68.79173401 0.0 0.0 0.0 1.0 0.0 0.0 0.0 0.0
49.31246331 73.79173401 0.0 0.0 0.0 1.0 0.0 0.0 0.0 0.0
44.31246331 78.79173401 0.0 0.0 0.0 0.0 1.0 0.0 0.0 0.0
39.31246331 78.79173401 0.0 0.0 0.0 1.0 0.0 0.0 0.0 0.0
34.31246331 83.79173401 0.0 0.0 0.0 0.0 1.0 0.0 0.0 0.0
29.31246331 83.79173401 0.0 0.0 0.0 0.0 1.0 0.0 0.0 0.0
24.31246331 83.79173401 0.0 0.0 0.0 1.0 0.0 0.0 0.0 0.0
19.31246331 88.79173401 0.0 0.0 0.0 1.0 0.0 0.0 0.0 0.0
