90.95949377 59.53950638 0.0 0.0 1.0 0.0 0.0 0.0 0.0 0.0
90.95949377 64.53950638 0.0 0.0 1.0 0.0 0.0 0.0 0.0 0.0
90.95949377 69.53950638 0.0 0.0 1.0 0.0 0.0 0.0 0.0 0.0
90.95949377 74.53950638 0.0 0.0 1.0 0.0 0.0 0.0 0.0 0.0
90.95949377 79.53950638 0.0 0.0 0.0 1.0 0.0 0.0 0.0 0.0
85.95949377 84.53950638 0.0 0.0 1.0 0.0 0.0 0.0 0.0 0.0
85.95949377 89.53950638 0.0 0.0 0.0 1.0 0.0 0.0 0.0 0.0
80.95949377 94.53950638 0.0 0.0 0.0 0.0 1.0 0.0 0.0 0.0
75.95949377 94.53950638 0.0 0.0 0.0 0.0 1.0 0.0 0.0 0.0
70.95949377 94.53950638 0.0 0.0 0.0 0.0 1.0 0.0 0.0 0.0
65.95949377 94.53950638 0.0 0.0 0.0 0.0 1.0 0.0 0.0 0.0
60.95949377 94.53950638 0.0 0.0 0.0 0.0 1.0 0.0 0.0 0.0
55.95949377 94.53950638 0.0 0.0 0.0 0.0 1.0 0.0 0.0 0.0
50.95949377 94.53950638 0.0 0.0 0.0 0.0 1.0 0.0 0.0 0.0
45.95949377 94.53950638 0.0 0.0 0.0 0.0 0.0 1.0 0.0 0.0
40.95949377 89.53950638 0.0 0.0 0.0 0.0 1.0 0.0 0.0 0.0
35.95949377 89.53950638 0.0 0.0 0.0 0.0 0.0 1.0 0.0 0.0
30.95949377 84.53950638 0.0 0.0 0.0 0.0 1.0 0.0 0.0 0.0
25.95949377 84.53950638 0.0 0.0 0.0 0.0 0.0 1.0 0.0 0.0
