12.54205397 77.02894429 1.0 0.0 0.0 0.0 0.0 0.0 0.0 0.0
17.54205397 77.02894429 1.0 0.0 0.0 0.0 0.0 0.0 0.0 0.0
22.54205397 77.02894429 1.0 0.0 0.0 0.0 0.0 0.0 0.0 0.0
27.54205397 77.02894429 1.0 0.0 0.0 0.0 0.0 0.0 0.0 0.0
32.54205397 77.02894429 1.0 0.0 0.0 0.0 0.0 0.0 0.0 0.0
37.54205397 77.02894429 1.0 0.0 0.0 0.0 0.0 0.0 0.0 0.0
42.54205397 77.02894429 1.0 0.0 0.0 0.0 0.0 0.0 0.0 0.0
47.54205397 77.02894429 1.0 0.0 0.0 0.0 0.0 0.0 0.0 0.0
52.54205397 77.02894429 1.0 0.0 0.0 0.0 0.0 0.0 0.0 0.0
57.54205397 77.02894429 0.0 1.0 0.0 0.0 0.0 0.0 0.0 0.0
62.54205397 82.02894429 1.0 0.0 0.0 0.0 0.0 0.0 0.0 0.0
67.54205397 82.02894429 1.0 0.0 0.0 0.0 0.0 0.0 0.0 0.0
72.54205397 82.02894429 1.0 0.0 0.0 0.0 0.0 0.0 0.0 0.0
77.54205397 82.02894429 0.0 0.0 0.0 0.0 0.0 0.0 0.0 1.0
82.54205397 77.02894429 0.0 0.0 0.0 0.0 0.0 0.0 0.0 1.0
87.54205397 72.02894429 0.0 0.0 0.0 0.0 0.0 0.0 1.0 0.0
87.54205397 67.02894429 0.0 0.0 0.0 0.0 0.0 0.0 1.0 0.0
87.54205397 62.02894429 0.0 0.0 0.0 0.0 0.0 0.0 1.0 0.0
87.54205397 57.02894429 0.0 0.0 0.0 0.0 0.0 0.0 1.0 0.0
87.54205397 52.02894429 0.0 0.0 0.0 0.0 0.0 0.0 1.0 0.0
87.54205397 47.02894429 0.0 0.0 0.0 0.0 0.0 0.0 1.0 0.0
87.54205397 42.02894429 0.0 0.0 0.0 0.0 0.0 0.0 0.0 1.0
