2.02680696 58.44174244 1.0 0.0 0.0 0.0 0.0 0.0 0.0 0.0
7.02680696 58.44174244 1.0 0.0 0.0 0.0 0.0 0.0 0.0 0.0
12.02680696 58.44174244 1.0 0.0 0.0 0.0 0.0 0.0 0.0 0.0
17.02680696 58.44174244 1.0 0.0 0.0 0.0 0.0 0.0 0.0 0.0
22.02680696 58.44174244 1.0 0.0 0.0 0.0 0.0 0.0 0.0 0.0
27.02680696 58.44174244 0.0 0.0 0.0 0.0 0.0 0.0 0.0 1.0
32.02680696 53.44174244 1.0 0.0 0.0 0.0 0.0 0.0 0.0 0.0
37.02680696 53.44174244 1.0 0.0 0.0 0.0 0.0 0.0 0.0 0.0
42.02680696 53.44174244 1.0 0.0 0.0 0.0 0.0 0.0 0.0 0.0
47.02680696 53.44174244 1.0 0.0 0.0 0.0 0.0 0.0 0.0 0.0
52.02680696 53.44174244 1.0 0.0 0.0 0.0 0.0 0.0 0.0 0.0
57.02680696 53.44174244 0.0 1.0 0.0 0.0 0.0 0.0 0.0 0.0
62.02680696 58.44174244 1.0 0.0 0.0 0.0 0.0 0.0 0.0 0.0
67.02680696 58.44174244 1.0 0.0 0.0 0.0 0.0 0.0 0.0 0.0
72.02680696 58.44174244 0.0 1.0 0.0 0.0 0.0 0.0 0.0 0.0
77.02680696 63.44174244 0.0 1.0 0.0 0.0 0.0 0.0 0.0 0.0
82.02680696 68.44174244 0.0 0.0 0.0 0.0 0.0 0.0 0.0 1.0
