80.55788436 99.89438262 0.0 0.0 0.0 0.0 0.0 0.0 1.0 0.0
80.55788436 94.89438262 0.0 0.0 0.0 0.0 0.0 0.0 1.0 0.0
80.55788436 89.89438262 0.0 0.0 0.0 0.0 0.0 0.0 1.0 0.0
80.55788436 84.89438262 0.0 0.0 0.0 0.0 0.0 0.0 1.0 0.0
80.55788436 79.89438262 0.0 0.0 0.0 0.0 0.0 0.0 1.0 0.0
80.55788436 74.89438262 0.0 0.0 0.0 0.0 0.0 1.0 0.0 0.0
75.55788436 69.89438262 0.0 0.0 0.0 0.0 0.0 0.0 1.0 0.0
75.55788436 64.89438262 0.0 0.0 0.0 0.0 0.0 0.0 1.0 0.0
75.55788436 59.89438262 0.0 0.0 0.0 0.0 0.0 0.0 1.0 0.0
75.55788436 54.89438262 0.0 0.0 0.0 0.0 0.0 0.0 1.0 0.0
75.55788436 49.89438262 0.0 0.0 0.0 0.0 0.0 0.0 0.0 1.0
80.55788436 44.89438262 0.0 0.0 0.0 0.0 0.0 0.0 1.0 0.0
80.55788436 39.89438262 0.0 0.0 0.0 0.0 0.0 0.0 1.0 0.0
80.55788436 34.89438262 0.0 0.0 0.0 0.0 0.0 0.0 1.0 0.0
80.55788436 29.89438262 0.0 0.0 0.0 0.0 0.0 0.0 1.0 0.0
80.55788436 24.89438262 0.0 0.0 0.0 0.0 0.0 0.0 1.0 0.0
80.55788436 19.89438262 0.0 0.0 0.0 0.0 0.0 0.0 1.0 0.0
80.55788436 14.89438262 0.0 0.0 0.0 0.0 0.0 0.0 0.0 1.0
