68.1646576 84.60308969 0.0 0.0 0.0 0.0 0.0 0.0 1.0 0.0
68.1646576 79.60308969 0.0 0.0 0.0 0.0 0.0 0.0 1.0 0.0
68.1646576 74.60308969 0.0 0.0 0.0 0.0 0.0 0.0 1.0 0.0
68.1646576 69.60308969 0.0 0.0 0.0 0.0 0.0 1.0 0.0 0.0
63.1646576 64.60308969 0.0 0.0 0.0 0.0 0.0 1.0 0.0 0.0
58.1646576 59.60308969 0.0 0.0 0.0 0.0 0.0 1.0 0.0 0.0
53.1646576 54.60308969 0.0 0.0 0.0 0.0 0.0 0.0 1.0 0.0
53.1646576 49.60308969 0.0 0.0 0.0 0.0 0.0 0.0 1.0 0.0
53.1646576 44.60308969 0.0 0.0 0.0 0.0 0.0 1.0 0.0 0.0
48.1646576 39.60308969 0.0 0.0 0.0 0.0 0.0 1.0 0.0 0.0
43.1646576 34.60308969 0.0 0.0 0.0 0.0 1.0 0.0 0.0 0.0
38.1646576 34.60308969 0.0 0.0 0.0 0.0 1.0 0.0 0.0 0.0
33.1646576 34.60308969 0.0 0.0 0.0 0.0 1.0 0.0 0.0 0.0
28.1646576 34.60308969 0.0 0.0 0.0 1.0 0.0 0.0 0.0 0.0
23.1646576 39.60308969 0.0 0.0 0.0 1.0 0.0 0.0 0.0 0.0
18.1646576 44.60308969 0.0 0.0 0.0 1.0 0.0 0.0 0.0 0.0
