95.95637396 8.69132616 0.0 0.0 0.0 1.0 0.0 0.0 0.0 0.0
90.95637396 13.69132616 0.0 0.0 0.0 1.0 0.0 0.0 0.0 0.0
85.95637396 18.69132616 0.0 0.0 0.0 1.0 0.0 0.0 0.0 0.0
80.95637396 23.69132616 0.0 0.0 0.0 1.0 0.0 0.0 0.0 0.0
75.95637396 28.69132616 0.0 0.0 0.0 1.0 0.0 0.0 0.0 0.0
70.95637396 33.69132616 0.0 0.0 0.0 1.0 0.0 0.0 0.0 0.0
65.95637396 38.69132616 0.0 0.0 1.0 0.0 0.0 0.0 0.0 0.0
65.95637396 43.69132616 0.0 0.0 0.0 1.0 0.0 0.0 0.0 0.0
60.95637396 48.69132616 0.0 0.0 0.0 0.0 1.0 0.0 0.0 0.0
55.95637396 48.69132616 0.0 0.0 0.0 1.0 0.0 0.0 0.0 0.0
50.95637396 53.69132616 0.0 0.0 0.0 1.0 0.0 0.0 0.0 0.0
45.95637396 58.69132616 0.0 0.0 0.0 1.0 0.0 0.0 0.0 0.0
