11.11418023 54.50718852 1.0 0.0 0.0 0.0 0.0 0.0 0.0 0.0
16.11418023 54.50718852 1.0 0.0 0.0 0.0 0.0 0.0 0.0 0.0
21.11418023 54.50718852 1.0 0.0 0.0 0.0 0.0 0.0 0.0 0.0
26.11418023 54.50718852 1.0 0.0 0.0 0.0 0.0 0.0 0.0 0.0
31.11418023 54.50718852 1.0 0.0 0.0 0.0 0.0 0.0 0.0 0.0
36.11418023 54.50718852 1.0 0.0 0.0 0.0 0.0 0.0 0.0 0.0
41.11418023 54.50718852 0.0 0.0 0.0 0.0 0.0 0.0 0.0 1.0
46.11418023 49.50718852 1.0 0.0 0.0 0.0 0.0 0.0 0.0 0.0
51.11418023 49.50718852 0.0 0.0 0.0 0.0 0.0 0.0 0.0 1.0
56.11418023 44.50718852 1.0 0.0 0.0 0.0 0.0 0.0 0.0 0.0
61.11418023 44.50718852 1.0 0.0 0.0 0.0 0.0 0.0 0.0 0.0
66.11418023 44.50718852 0.0 0.0 0.0 0.0 0.0 0.0 0.0 1.0
71.11418023 39.50718852 1.0 0.0 0.0 0.0 0.0 0.0 0.0 0.0
76.11418023 39.50718852 0.0 0.0 0.0 0.0 0.0 0.0 0.0 1.0
81.11418023 34.50718852 0.0 0.0 0.0 0.0 0.0 0.0 0.0 1.0
