40.51067859 92.57008703 0.0 0.0 0.0 1.0 0.0 0.0 0.0 0.0
35.51067859 97.57008703 0.0 0.0 0.0 0.0 1.0 0.0 0.0 0.0
30.51067859 97.57008703 0.0 0.0 0.0 0.0 0.0 1.0 0.0 0.0
25.51067859 92.57008703 0.0 0.0 0.0 0.0 0.0 1.0 0.0 0.0
20.51067859 87.57008703 0.0 0.0 0.0 0.0 0.0 1.0 0.0 0.0
15.51067859 82.57008703 0.0 0.0 0.0 0.0 0.0 0.0 1.0 0.0
15.51067859 77.57008703 0.0 0.0 0.0 0.0 0.0 0.0 1.0 0.0
15.51067859 72.57008703 0.0 0.0 0.0 0.0 0.0 0.0 1.0 0.0
15.51067859 67.57008703 0.0 0.0 0.0 0.0 0.0 0.0 1.0 0.0
15.51067859 62.57008703 0.0 0.0 0.0 0.0 0.0 0.0 1.0 0.0
15.51067859 57.57008703 0.0 0.0 0.0 0.0 0.0 0.0 0.0 1.0
20.51067859 52.57008703 0.0 0.0 0.0 0.0 0.0 0.0 1.0 0.0
20.51067859 47.57008703 0.0 0.0 0.0 0.0 0.0 0.0 0.0 1.0
25.51067859 42.57008703 0.0 0.0 0.0 0.0 0.0 0.0 1.0 0.0
25.51067859 37.57008703 0.0 0.0 0.0 0.0 0.0 0.0 1.0 0.0
25.51067859 32.57008703 0.0 0.0 0.0 0.0 0.0 0.0 1.0 0.0
25.51067859 27.57008703 0.0 0.0 0.0 0.0 0.0 1.0 0.0 0.0
20.51067859 22.57008703 0.0 0.0 0.0 0.0 0.0 0.0 1.0 0.0
20.51067859 17.57008703 0.0 0.0 0.0 0.0 0.0 0.0 1.0 0.0
20.51067859 12.57008703 0.0 0.0 0.0 0.0 0.0 1.0 0.0 0.0
15.51067859 7.57008703 0.0 0.0 0.0 0.0 0.0 1.0 0.0 0.0
