89.65158904 19.21686023 0.0 0.0 0.0 1.0 0.0 0.0 0.0 0.0
84.65158904 24.21686023 0.0 0.0 0.0 1.0 0.0 0.0 0.0 0.0
79.65158904 29.21686023 0.0 0.0 0.0 1.0 0.0 0.0 0.0 0.0
74.65158904 34.21686023 0.0 0.0 1.0 0.0 0.0 0.0 0.0 0.0
74.65158904 39.21686023 0.0 0.0 1.0 0.0 0.0 0.0 0.0 0.0
74.65158904 44.21686023 0.0 0.0 1.0 0.0 0.0 0.0 0.0 0.0
74.65158904 49.21686023 0.0 0.0 0.0 1.0 0.0 0.0 0.0 0.0
69.65158904 54.21686023 0.0 0.0 1.0 0.0 0.0 0.0 0.0 0.0
69.65158904 59.21686023 0.0 0.0 0.0 1.0 0.0 0.0 0.0 0.0
64.65158904 64.21686023 0.0 0.0 0.0 0.0 1.0 0.0 0.0 0.0
59.65158904 64.21686023 0.0 0.0 0.0 0.0 1.0 0.0 0.0 0.0
54.65158904 64.21686023 0.0 0.0 0.0 0.0 1.0 0.0 0.0 0.0
49.65158904 64.21686023 0.0 0.0 0.0 0.0 1.0 0.0 0.0 0.0
44.65158904 64.21686023 0.0 0.0 0.0 0.0 1.0 0.0 0.0 0.0
39.65158904 64.21686023 0.0 0.0 0.0 0.0 1.0 0.0 0.0 0.0
34.65158904 64.21686023 0.0 0.0 0.0 0.0 1.0 0.0 0.0 0.0
29.65158904 64.21686023 0.0 0.0 0.0 1.0 0.0 0.0 0.0 0.0
