83.45286198 76.7865952 0.0 0.0 0.0 0.0 0.0 0.0 1.0 0.0
83.45286198 71.7865952 0.0 0.0 0.0 0.0 0.0 0.0 0.0 1.0
88.45286198 66.7865952 0.0 0.0 0.0 0.0 0.0 0.0 0.0 1.0
93.45286198 61.7865952 0.0 0.0 0.0 0.0 0.0 0.0 0.0 1.0
98.45286198 56.7865952 0.0 0.0 0.0 0.0 0.0 0.0 1.0 0.0
98.45286198 51.7865952 0.0 0.0 0.0 0.0 0.0 1.0 0.0 0.0
93.45286198 46.7865952 0.0 0.0 0.0 0.0 0.0 1.0 0.0 0.0
88.45286198 41.7865952 0.0 0.0 0.0 0.0 0.0 1.0 0.0 0.0
83.45286198 36.7865952 0.0 0.0 0.0 0.0 0.0 1.0 0.0 0.0
78.45286198 31.7865952 0.0 0.0 0.0 0.0 0.0 1.0 0.0 0.0
73.45286198 26.7865952 0.0 0.0 0.0 0.0 0.0 1.0 0.0 0.0
68.45286198 21.7865952 0.0 0.0 0.0 0.0 0.0 1.0 0.0 0.0
63.45286198 16.7865952 0.0 0.0 0.0 0.0 1.0 0.0 0.0 0.0
58.45286198 16.7865952 0.0 0.0 0.0 0.0 0.0 1.0 0.0 0.0
53.45286198 11.7865952 0.0 0.0 0.0 0.0 1.0 0.0 0.0 0.0
48.45286198 11.7865952 0.0 0.0 0.0 0.0 1.0 0.0 0.0 0.0
43.45286198 11.7865952 0.0 0.0 0.0 0.0 1.0 0.0 0.0 0.0
38.45286198 11.7865952 0.0 0.0 0.0 0.0 1.0 0.0 0.0 0.0
33.45286198 11.7865952 0.0 0.0 0.0 0.0 1.0 0.0 0.0 0.0
28.45286198 11.7865952 0.0 0.0 0.0 0.0 0.0 1.0 0.0 0.0
23.45286198 6.7865952 0.0 0.0 0.0 0.0 1.0 0.0 0.0 0.0
18.45286198 6.7865952 0.0 0.0 0.0 0.0 0.0 1.0 0.0 0.0
