93.97945027 77.00757407 0.0 0.0 0.0 0.0 0.0 1.0 0.0 0.0
88.97945027 72.00757407 0.0 0.0 0.0 0.0 0.0 1.0 0.0 0.0
83.97945027 67.00757407 0.0 0.0 0.0 0.0 0.0 0.0 1.0 0.0
83.97945027 62.00757407 0.0 0.0 0.0 0.0 0.0 0.0 1.0 0.0
83.97945027 57.00757407 0.0 0.0 0.0 0.0 0.0 1.0 0.0 0.0
78.97945027 52.00757407 0.0 0.0 0.0 0.0 0.0 1.0 0.0 0.0
73.97945027 47.00757407 0.0 0.0 0.0 0.0 0.0 1.0 0.0 0.0
68.97945027 42.00757407 0.0 0.0 0.0 0.0 1.0 0.0 0.0 0.0
63.97945027 42.00757407 0.0 0.0 0.0 0.0 1.0 0.0 0.0 0.0
58.97945027 42.00757407 0.0 0.0 0.0 0.0 1.0 0.0 0.0 0.0
53.97945027 42.00757407 0.0 0.0 0.0 1.0 0.0 0.0 0.0 0.0
48.97945027 47.00757407 0.0 0.0 0.0 1.0 0.0 0.0 0.0 0.0
43.97945027 52.00757407 0.0 0.0 0.0 1.0 0.0 0.0 0.0 0.0
38.97945027 57.00757407 0.0 0.0 0.0 1.0 0.0 0.0 0.0 0.0
33.97945027 62.00757407 0.0 0.0 0.0 0.0 1.0 0.0 0.0 0.0
28.97945027 62.00757407 0.0 0.0 0.0 1.0 0.0 0.0 0.0 0.0
23.97945027 67.00757407 0.0 0.0 0.0 0.0 1.0 0.0 0.0 0.0
18.97945027 67.00757407 0.0 0.0 0.0 1.0 0.0 0.0 0.0 0.0
13.97945027 72.00757407 0.0 0.0 0.0 0.0 1.0 0.0 0.0 0.0
8.97945027 72.00757407 0.0 0.0 0.0 1.0 0.0 0.0 0.0 0.0
