2.85350876 14.36776762 0.0 1.0 0.0 0.0 0.0 0.0 0.0 0.0
7.85350876 19.36776762 0.0 1.0 0.0 0.0 0.0 0.0 0.0 0.0
12.85350876 24.36776762 0.0 1.0 0.0 0.0 0.0 0.0 0.0 0.0
17.85350876 29.36776762 0.0 1.0 0.0 0.0 0.0 0.0 0.0 0.0
22.85350876 34.36776762 1.0 0.0 0.0 0.0 0.0 0.0 0.0 0.0
27.85350876 34.36776762 1.0 0.0 0.0 0.0 0.0 0.0 0.0 0.0
32.85350876 34.36776762 1.0 0.0 0.0 0.0 0.0 0.0 0.0 0.0
37.85350876 34.36776762 1.0 0.0 0.0 0.0 0.0 0.0 0.0 0.0
42.85350876 34.36776762 0.0 1.0 0.0 0.0 0.0 0.0 0.0 0.0
47.85350876 39.36776762 1.0 0.0 0.0 0.0 0.0 0.0 0.0 0.0
52.85350876 39.36776762 0.0 1.0 0.0 0.0 0.0 0.0 0.0 0.0
57.85350876 44.36776762 0.0 1.0 0.0 0.0 0.0 0.0 0.0 0.0
62.85350876 49.36776762 0.0 1.0 0.0 0.0 0.0 0.0 0.0 0.0
67.85350876 54.36776762 0.0 1.0 0.0 0.0 0.0 0.0 0.0 0.0
72.85350876 59.36776762 1.0 0.0 0.0 0.0 0.0 0.0 0.0 0.0
77.85350876 59.36776762 0.0 1.0 0.0 0.0 0.0 0.0 0.0 0.0
82.85350876 64.36776762 1.0 0.0 0.0 0.0 0.0 0.0 0.0 0.0
87.85350876 64.36776762 0.0 1.0 0.0 0.0 0.0 0.0 0.0 0.0
