90.19695478 11.16911448 0.0 0.0 0.0 0.0 1.0 0.0 0.0 0.0
85.19695478 11.16911448 0.0 0.0 0.0 0.0 1.0 0.0 0.0 0.0
80.19695478 11.16911448 0.0 0.0 0.0 0.0 1.0 0.0 0.0 0.0
75.19695478 11.16911448 0.0 0.0 0.0 0.0 1.0 0.0 0.0 0.0
70.19695478 11.16911448 0.0 0.0 0.0 0.0 1.0 0.0 0.0 0.0
65.19695478 11.16911448 0.0 0.0 0.0 0.0 1.0 0.0 0.0 0.0
60.19695478 11.16911448 0.0 0.0 0.0 0.0 1.0 0.0 0.0 0.0
55.19695478 11.16911448 0.0 0.0 0.0 0.0 0.0 1.0 0.0 0.0
50.19695478 6.16911448 0.0 0.0 0.0 0.0 1.0 0.0 0.0 0.0
45.19695478 6.16911448 0.0 0.0 0.0 0.0 1.0 0.0 0.0 0.0
40.19695478 6.16911448 0.0 0.0 0.0 0.0 1.0 0.0 0.0 0.0
35.19695478 6.16911448 0.0 0.0 0.0 0.0 1.0 0.0 0.0 0.0
30.19695478 6.16911448 0.0 0.0 0.0 0.0 1.0 0.0 0.0 0.0
25.19695478 6.16911448 0.0 0.0 0.0 0.0 1.0 0.0 0.0 0.0
20.19695478 6.16911448 0.0 0.0 0.0 0.0 1.0 0.0 0.0 0.0
15.19695478 6.16911448 0.0 0.0 0.0 0.0 1.0 0.0 0.0 0.0
10.19695478 6.16911448 0.0 0.0 0.0 0.0 0.0 1.0 0.0 0.0
