76.73992951 99.46477804 0.0 0.0 0.0 0.0 0.0 1.0 0.0 0.0
71.73992951 94.46477804 0.0 0.0 0.0 0.0 0.0 1.0 0.0 0.0
66.73992951 89.46477804 0.0 0.0 0.0 0.0 0.0 0.0 1.0 0.0
66.73992951 84.46477804 0.0 0.0 0.0 0.0 0.0 1.0 0.0 0.0
61.73992951 79.46477804 0.0 0.0 0.0 0.0 0.0 0.0 1.0 0.0
61.73992951 74.46477804 0.0 0.0 0.0 0.0 0.0 1.0 0.0 0.0
56.73992951 69.46477804 0.0 0.0 0.0 0.0 0.0 1.0 0.0 0.0
51.73992951 64.46477804 0.0 0.0 0.0 0.0 0.0 1.0 0.0 0.0
46.73992951 59.46477804 0.0 0.0 0.0 0.0 0.0 1.0 0.0 0.0
41.73992951 54.46477804 0.0 0.0 0.0 0.0 0.0 0.0 1.0 0.0
41.73992951 49.46477804 0.0 0.0 0.0 0.0 0.0 0.0 1.0 0.0
41.73992951 44.46477804 0.0 0.0 0.0 0.0 0.0 0.0 1.0 0.0
41.73992951 39.46477804 0.0 0.0 0.0 0.0 0.0 0.0 1.0 0.0
41.73992951 34.46477804 0.0 0.0 0.0 0.0 0.0 0.0 1.0 0.0
41.73992951 29.46477804 0.0 0.0 0.0 0.0 0.0 0.0 1.0 0.0
41.73992951 24.46477804 0.0 0.0 0.0 0.0 0.0 1.0 0.0 0.0
