96.91043668 0.31897491 0.0 0.0 0.0 0.0 1.0 0.0 0.0 0.0
91.91043668 0.31897491 0.0 0.0 0.0 0.0 1.0 0.0 0.0 0.0
86.91043668 0.31897491 0.0 0.0 0.0 0.0 1.0 0.0 0.0 0.0
81.91043668 0.31897491 0.0 0.0 0.0 0.0 1.0 0.0 0.0 0.0
76.91043668 0.31897491 0.0 0.0 0.0 0.0 1.0 0.0 0.0 0.0
71.91043668 0.31897491 0.0 0.0 0.0 0.0 1.0 0.0 0.0 0.0
66.91043668 0.31897491 0.0 0.0 0.0 0.0 1.0 0.0 0.0 0.0
61.91043668 0.31897491 0.0 0.0 0.0 1.0 0.0 0.0 0.0 0.0
56.91043668 5.31897491 0.0 0.0 0.0 1.0 0.0 0.0 0.0 0.0
51.91043668 10.31897491 0.0 0.0 0.0 1.0 0.0 0.0 0.0 0.0
46.91043668 15.31897491 0.0 0.0 0.0 1.0 0.0 0.0 0.0 0.0
41.91043668 20.31897491 0.0 0.0 0.0 1.0 0.0 0.0 0.0 0.0
36.91043668 25.31897491 0.0 0.0 0.0 0.0 1.0 0.0 0.0 0.0
31.91043668 25.31897491 0.0 0.0 0.0 0.0 1.0 0.0 0.0 0.0
26.91043668 25.31897491 0.0 0.0 0.0 0.0 1.0 0.0 0.0 0.0
21.91043668 25.31897491 0.0 0.0 0.0 0.0 0.0 1.0 0.0 0.0
16.91043668 20.31897491 0.0 0.0 0.0 0.0 0.0 1.0 0.0 0.0
11.91043668 15.31897491 0.0 0.0 0.0 0.0 0.0 0.0 1.0 0.0
11.91043668 10.31897491 0.0 0.0 0.0 0.0 0.0 0.0 1.0 0.0
11.91043668 5.31897491 0.0 0.0 0.0 0.0 0.0 1.0 0.0 0.0
