19.53159465 5.33838938 0.0 0.0 1.0 0.0 0.0 0.0 0.0 0.0
19.53159465 10.33838938 0.0 0.0 1.0 0.0 0.0 0.0 0.0 0.0
19.53159465 15.33838938 0.0 1.0 0.0 0.0 0.0 0.0 0.0 0.0
24.53159465 20.33838938 0.0 1.0 0.0 0.0 0.0 0.0 0.0 0.0
29.53159465 25.33838938 0.0 1.0 0.0 0.0 0.0 0.0 0.0 0.0
34.53159465 30.33838938 0.0 1.0 0.0 0.0 0.0 0.0 0.0 0.0
39.53159465 35.33838938 0.0 1.0 0.0 0.0 0.0 0.0 0.0 0.0
44.53159465 40.33838938 0.0 1.0 0.0 0.0 0.0 0.0 0.0 0.0
49.53159465 45.33838938 0.0 0.0 1.0 0.0 0.0 0.0 0.0 0.0
49.53159465 50.33838938 0.0 1.0 0.0 0.0 0.0 0.0 0.0 0.0
54.53159465 55.33838938 0.0 0.0 0.0 1.0 0.0 0.0 0.0 0.0
49.53159465 60.33838938 0.0 0.0 1.0 0.0 0.0 0.0 0.0 0.0
49.53159465 65.33838938 0.0 0.0 0.0 1.0 0.0 0.0 0.0 0.0
44.53159465 70.33838938 0.0 0.0 0.0 1.0 0.0 0.0 0.0 0.0
