95.31105025 4.82702712 0.0 0.0 0.0 1.0 0.0 0.0 0.0 0.0
90.31105025 9.82702712 0.0 0.0 0.0 1.0 0.0 0.0 0.0 0.0
85.31105025 14.82702712 0.0 0.0 0.0 1.0 0.0 0.0 0.0 0.0
80.31105025 19.82702712 0.0 0.0 1.0 0.0 0.0 0.0 0.0 0.0
80.31105025 24.82702712 0.0 0.0 1.0 0.0 0.0 0.0 0.0 0.0
80.31105025 29.82702712 0.0 0.0 1.0 0.0 0.0 0.0 0.0 0.0
80.31105025 34.82702712 0.0 0.0 1.0 0.0 0.0 0.0 0.0 0.0
80.31105025 39.82702712 0.0 0.0 1.0 0.0 0.0 0.0 0.0 0.0
80.31105025 44.82702712 0.0 0.0 1.0 0.0 0.0 0.0 0.0 0.0
80.31105025 49.82702712 0.0 0.0 1.0 0.0 0.0 0.0 0.0 0.0
80.31105025 54.82702712 0.0 0.0 1.0 0.0 0.0 0.0 0.0 0.0
80.31105025 59.82702712 0.0 0.0 1.0 0.0 0.0 0.0 0.0 0.0
80.31105025 64.82702712 0.0 0.0 1.0 0.0 0.0 0.0 0.0 0.0
80.31105025 69.82702712 0.0 0.0 0.0 1.0 0.0 0.0 0.0 0.0
75.31105025 74.82702712 0.0 0.0 0.0 1.0 0.0 0.0 0.0 0.0
70.31105025 79.82702712 0.0 0.0 0.0 0.0 1.0 0.0 0.0 0.0
65.31105025 79.82702712 0.0 0.0 0.0 0.0 1.0 0.0 0.0 0.0
60.31105025 79.82702712 0.0 0.0 0.0 0.0 1.0 0.0 0.0 0.0
55.31105025 79.82702712 0.0 0.0 0.0 0.0 1.0 0.0 0.0 0.0
50.31105025 79.82702712 0.0 0.0 0.0 0.0 1.0 0.0 0.0 0.0
45.31105025 79.82702712 0.0 0.0 0.0 0.0 0.0 1.0 0.0 0.0
40.31105025 74.82702712 0.0 0.0 0.0 0.0 1.0 0.0 0.0 0.0
35.31105025 74.82702712 0.0 0.0 0.0 0.0 0.0 1.0 0.0 0.0
30.31105025 69.82702712 0.0 0.0 0.0 0.0 1.0 0.0 0.0 0.0
25.31105025 69.82702712 0.0 0.0 0.0 0.0 0.0 1.0 0.0 0.0
20.31105025 64.82702712 0.0 0.0 0.0 0.0 0.0 1.0 0.0 0.0
