64.28153509 25.87972718 0.0 0.0 1.0 0.0 0.0 0.0 0.0 0.0
64.28153509 30.87972718 0.0 0.0 1.0 0.0 0.0 0.0 0.0 0.0
64.28153509 35.87972718 0.0 1.0 0.0 0.0 0.0 0.0 0.0 0.0
69.28153509 40.87972718 0.0 0.0 1.0 0.0 0.0 0.0 0.0 0.0
69.28153509 45.87972718 0.0 0.0 1.0 0.0 0.0 0.0 0.0 0.0
69.28153509 50.87972718 0.0 0.0 1.0 0.0 0.0 0.0 0.0 0.0
69.28153509 55.87972718 0.0 0.0 0.0 1.0 0.0 0.0 0.0 0.0
64.28153509 60.87972718 0.0 0.0 0.0 0.0 1.0 0.0 0.0 0.0
59.28153509 60.87972718 0.0 0.0 0.0 1.0 0.0 0.0 0.0 0.0
54.28153509 65.87972718 0.0 0.0 0.0 0.0 0.0 1.0 0.0 0.0
49.28153509 60.87972718 0.0 0.0 0.0 0.0 1.0 0.0 0.0 0.0
44.28153509 60.87972718 0.0 0.0 0.0 0.0 0.0 1.0 0.0 0.0
39.28153509 55.87972718 0.0 0.0 0.0 0.0 0.0 1.0 0.0 0.0
34.28153509 50.87972718 0.0 0.0 0.0 0.0 0.0 1.0 0.0 0.0
29.28153509 45.87972718 0.0 0.0 0.0 0.0 0.0 1.0 0.0 0.0
24.28153509 40.87972718 0.0 0.0 0.0 0.0 0.0 1.0 0.0 0.0
19.28153509 35.87972718 0.0 0.0 0.0 0.0 0.0 0.0 1.0 0.0
19.28153509 30.87972718 0.0 0.0 0.0 0.0 0.0 1.0 0.0 0.0
14.28153509 25.87972718 0.0 0.0 0.0 0.0 0.0 1.0 0.0 0.0
