93.11943925 47.58410628 0.0 0.0 0.0 1.0 0.0 0.0 0.0 0.0
88.11943925 52.58410628 0.0 0.0 0.0 1.0 0.0 0.0 0.0 0.0
83.11943925 57.58410628 0.0 0.0 0.0 1.0 0.0 0.0 0.0 0.0
78.11943925 62.58410628 0.0 0.0 0.0 1.0 0.0 0.0 0.0 0.0
73.11943925 67.58410628 0.0 0.0 0.0 1.0 0.0 0.0 0.0 0.0
68.11943925 72.58410628 0.0 0.0 0.0 0.0 1.0 0.0 0.0 0.0
63.11943925 72.58410628 0.0 0.0 0.0 1.0 0.0 0.0 0.0 0.0
58.11943925 77.58410628 0.0 0.0 0.0 0.0 1.0 0.0 0.0 0.0
53.11943925 77.58410628 0.0 0.0 0.0 1.0 0.0 0.0 0.0 0.0
48.11943925 82.58410628 0.0 0.0 0.0 1.0 0.0 0.0 0.0 0.0
43.11943925 87.58410628 0.0 0.0 0.0 1.0 0.0 0.0 0.0 0.0
38.11943925 92.58410628 0.0 0.0 0.0 0.0 1.0 0.0 0.0 0.0
33.11943925 92.58410628 0.0 0.0 0.0 1.0 0.0 0.0 0.0 0.0
28.11943925 97.58410628 0.0 0.0 0.0 0.0 1.0 0.0 0.0 0.0
23.11943925 97.58410628 0.0 0.0 0.0 0.0 1.0 0.0 0.0 0.0
18.11943925 97.58410628 0.0 0.0 0.0 0.0 0.0 1.0 0.0 0.0
