97.75185552 65.17522226 0.0 0.0 0.0 0.0 1.0 0.0 0.0 0.0
92.75185552 65.17522226 0.0 0.0 0.0 0.0 0.0 1.0 0.0 0.0
87.75185552 60.17522226 0.0 0.0 0.0 0.0 1.0 0.0 0.0 0.0
82.75185552 60.17522226 0.0 0.0 0.0 0.0 1.0 0.0 0.0 0.0
77.75185552 60.17522226 0.0 0.0 0.0 0.0 1.0 0.0 0.0 0.0
72.75185552 60.17522226 0.0 0.0 0.0 0.0 1.0 0.0 0.0 0.0
67.75185552 60.17522226 0.0 0.0 0.0 0.0 1.0 0.0 0.0 0.0
62.75185552 60.17522226 0.0 0.0 0.0 0.0 1.0 0.0 0.0 0.0
57.75185552 60.17522226 0.0 0.0 0.0 0.0 1.0 0.0 0.0 0.0
52.75185552 60.17522226 0.0 0.0 0.0 0.0 1.0 0.0 0.0 0.0
47.75185552 60.17522226 0.0 0.0 0.0 0.0 1.0 0.0 0.0 0.0
42.75185552 60.17522226 0.0 0.0 0.0 0.0 1.0 0.0 0.0 0.0
37.75185552 60.17522226 0.0 0.0 0.0 0.0 1.0 0.0 0.0 0.0
32.75185552 60.17522226 0.0 0.0 0.0 0.0 1.0 0.0 0.0 0.0
27.75185552 60.17522226 0.0 0.0 0.0 0.0 1.0 0.0 0.0 0.0
22.75185552 60.17522226 0.0 0.0 0.0 1.0 0.0 0.0 0.0 0.0
