89.02545734 12.67759908 0.0 0.0 0.0 0.0 1.0 0.0 0.0 0.0
84.02545734 12.67759908 0.0 0.0 0.0 0.0 1.0 0.0 0.0 0.0
79.02545734 12.67759908 0.0 0.0 0.0 0.0 1.0 0.0 0.0 0.0
74.02545734 12.67759908 0.0 0.0 0.0 0.0 1.0 0.0 0.0 0.0
69.02545734 12.67759908 0.0 0.0 0.0 1.0 0.0 0.0 0.0 0.0
64.02545734 17.67759908 0.0 0.0 0.0 1.0 0.0 0.0 0.0 0.0
59.02545734 22.67759908 0.0 0.0 0.0 1.0 0.0 0.0 0.0 0.0
54.02545734 27.67759908 0.0 0.0 0.0 1.0 0.0 0.0 0.0 0.0
49.02545734 32.67759908 0.0 0.0 0.0 1.0 0.0 0.0 0.0 0.0
44.02545734 37.67759908 0.0 0.0 0.0 1.0 0.0 0.0 0.0 0.0
39.02545734 42.67759908 0.0 0.0 0.0 0.0 1.0 0.0 0.0 0.0
34.02545734 42.67759908 0.0 0.0 0.0 0.0 1.0 0.0 0.0 0.0
29.02545734 42.67759908 0.0 0.0 0.0 0.0 1.0 0.0 0.0 0.0
24.02545734 42.67759908 0.0 0.0 0.0 0.0 0.0 1.0 0.0 0.0
19.02545734 37.67759908 0.0 0.0 0.0 0.0 0.0 1.0 0.0 0.0
14.02545734 32.67759908 0.0 0.0 0.0 0.0 0.0 0.0 1.0 0.0
14.02545734 27.67759908 0.0 0.0 0.0 0.0 0.0 0.0 1.0 0.0
14.02545734 22.67759908 0.0 0.0 0.0 0.0 0.0 0.0 1.0 0.0
14.02545734 17.67759908 0.0 0.0 0.0 0.0 0.0 0.0 1.0 0.0
14.02545734 12.67759908 0.0 0.0 0.0 0.0 0.0 1.0 0.0 0.0
