93.80470272 56.35612987 0.0 1.0 0.0 0.0 0.0 0.0 0.0 0.0
98.80470272 61.35612987 0.0 0.0 1.0 0.0 0.0 0.0 0.0 0.0
98.80470272 66.35612987 0.0 0.0 1.0 0.0 0.0 0.0 0.0 0.0
98.80470272 71.35612987 0.0 0.0 1.0 0.0 0.0 0.0 0.0 0.0
98.80470272 76.35612987 0.0 0.0 1.0 0.0 0.0 0.0 0.0 0.0
98.80470272 81.35612987 0.0 0.0 1.0 0.0 0.0 0.0 0.0 0.0
98.80470272 86.35612987 0.0 0.0 0.0 1.0 0.0 0.0 0.0 0.0
93.80470272 91.35612987 0.0 0.0 0.0 0.0 1.0 0.0 0.0 0.0
88.80470272 91.35612987 0.0 0.0 0.0 0.0 1.0 0.0 0.0 0.0
83.80470272 91.35612987 0.0 0.0 0.0 0.0 1.0 0.0 0.0 0.0
78.80470272 91.35612987 0.0 0.0 0.0 0.0 0.0 1.0 0.0 0.0
73.80470272 86.35612987 0.0 0.0 0.0 0.0 0.0 1.0 0.0 0.0
68.80470272 81.35612987 0.0 0.0 0.0 0.0 1.0 0.0 0.0 0.0
63.80470272 81.35612987 0.0 0.0 0.0 0.0 0.0 1.0 0.0 0.0
58.80470272 76.35612987 0.0 0.0 0.0 0.0 1.0 0.0 0.0 0.0
53.80470272 76.35612987 0.0 0.0 0.0 0.0 0.0 1.0 0.0 0.0
48.80470272 71.35612987 0.0 0.0 0.0 0.0 1.0 0.0 0.0 0.0
43.80470272 71.35612987 0.0 0.0 0.0 0.0 0.0 1.0 0.0 0.0
38.80470272 66.35612987 0.0 0.0 0.0 0.0 1.0 0.0 0.0 0.0
33.80470272 66.35612987 0.0 0.0 0.0 0.0 0.0 1.0 0.0 0.0
28.80470272 61.35612987 0.0 0.0 0.0 0.0 1.0 0.0 0.0 0.0
23.80470272 61.35612987 0.0 0.0 0.0 0.0 0.0 1.0 0.0 0.0
