3.95596214 18.57234795 0.0 1.0 0.0 0.0 0.0 0.0 0.0 0.0
8.95596214 23.57234795 0.0 1.0 0.0 0.0 0.0 0.0 0.0 0.0
13.95596214 28.57234795 0.0 1.0 0.0 0.0 0.0 0.0 0.0 0.0
18.95596214 33.57234795 0.0 1.0 0.0 0.0 0.0 0.0 0.0 0.0
23.95596214 38.57234795 0.0 1.0 0.0 0.0 0.0 0.0 0.0 0.0
28.95596214 43.57234795 0.0 1.0 0.0 0.0 0.0 0.0 0.0 0.0
33.95596214 48.57234795 0.0 1.0 0.0 0.0 0.0 0.0 0.0 0.0
38.95596214 53.57234795 0.0 1.0 0.0 0.0 0.0 0.0 0.0 0.0
43.95596214 58.57234795 0.0 1.0 0.0 0.0 0.0 0.0 0.0 0.0
48.95596214 63.57234795 0.0 1.0 0.0 0.0 0.0 0.0 0.0 0.0
53.95596214 68.57234795 0.0 1.0 0.0 0.0 0.0 0.0 0.0 0.0
58.95596214 73.57234795 0.0 1.0 0.0 0.0 0.0 0.0 0.0 0.0
63.95596214 78.57234795 0.0 1.0 0.0 0.0 0.0 0.0 0.0 0.0
68.95596214 83.57234795 0.0 1.0 0.0 0.0 0.0 0.0 0.0 0.0
73.95596214 88.57234795 0.0 1.0 0.0 0.0 0.0 0.0 0.0 0.0
78.95596214 93.57234795 0.0 1.0 0.0 0.0 0.0 0.0 0.0 0.0
83.95596214 98.57234795 1.0 0.0 0.0 0.0 0.0 0.0 0.0 0.0
88.95596214 98.57234795 1.0 0.0 0.0 0.0 0.0 0.0 0.0 0.0
93.95596214 98.57234795 0.0 0.0 0.0 0.0 0.0 0.0 0.0 1.0
