28.66828219 97.46495122
33.66828219 92.46495122
38.66828219 87.46495122
43.66828219 87.46495122
48.66828219 82.46495122
48.66828219 77.46495122
53.66828219 72.46495122
53.66828219 67.46495122
53.66828219 62.46495122
53.66828219 57.46495122
53.66828219 52.46495122
53.66828219 47.46495122
53.66828219 42.46495122
53.66828219 37.46495122
53.66828219 32.46495122
53.66828219 27.46495122
58.66828219 22.46495122
53.66828219 17.46495122
53.66828219 12.46495122
48.66828219 7.46495122
43.66828219 7.46495122
38.66828219 2.46495122
35.41091389 3.62295252
