98.93542277 73.31223803
93.93542277 73.31223803
88.93542277 73.31223803
83.93542277 73.31223803
78.93542277 73.31223803
73.93542277 73.31223803
68.93542277 73.31223803
63.93542277 73.31223803
58.93542277 68.31223803
53.93542277 63.31223803
48.93542277 58.31223803
43.93542277 53.31223803
38.93542277 53.31223803
33.93542277 53.31223803
28.93542277 53.31223803
23.93542277 58.31223803
18.93542277 63.31223803
13.93542277 63.31223803
8.93542277 68.31223803
3.93542277 73.31223803
4.05647573 75.37445821
