68.21493067 99.01388828
68.21493067 94.01388828
68.21493067 89.01388828
68.21493067 84.01388828
68.21493067 79.01388828
73.21493067 74.01388828
78.21493067 69.01388828
83.21493067 64.01388828
83.21493067 59.01388828
83.21493067 54.01388828
78.21493067 49.01388828
73.21493067 44.01388828
68.21493067 39.01388828
63.21493067 34.01388828
58.21493067 29.01388828
58.21493067 24.01388828
53.21493067 19.01388828
53.21493067 14.01388828
53.21493067 9.01388828
48.76067329 5.00373626
