9.3083994 48.18410573
14.3083994 48.18410573
19.3083994 48.18410573
24.3083994 48.18410573
29.3083994 48.18410573
34.3083994 48.18410573
39.3083994 48.18410573
44.3083994 48.18410573
49.3083994 48.18410573
54.3083994 48.18410573
59.3083994 43.18410573
64.3083994 43.18410573
69.3083994 43.18410573
74.3083994 48.18410573
79.3083994 53.18410573
79.3083994 58.18410573
79.3083994 63.18410573
79.3083994 68.18410573
74.3083994 73.18410573
74.3083994 78.18410573
70.87661599 81.96630272
