2.48282352 80.54531546
7.48282352 75.54531546
12.48282352 70.54531546
17.48282352 65.54531546
22.48282352 60.54531546
27.48282352 55.54531546
32.48282352 50.54531546
37.48282352 50.54531546
42.48282352 50.54531546
47.48282352 50.54531546
52.48282352 50.54531546
57.48282352 50.54531546
62.48282352 50.54531546
67.48282352 45.54531546
72.48282352 40.54531546
72.48282352 35.54531546
72.48282352 30.54531546
72.48282352 25.54531546
77.48282352 20.54531546
82.48282352 15.54531546
87.48282352 15.54531546
92.48282352 15.54531546
97.48282352 15.54531546
99.85407107 18.55749363
