4.1567598 1.54214264
9.1567598 6.54214264
14.1567598 11.54214264
19.1567598 16.54214264
19.1567598 21.54214264
19.1567598 26.54214264
19.1567598 31.54214264
19.1567598 36.54214264
19.1567598 41.54214264
24.1567598 46.54214264
29.1567598 51.54214264
34.1567598 56.54214264
39.1567598 61.54214264
44.1567598 66.54214264
49.1567598 71.54214264
54.1567598 71.54214264
59.1567598 71.54214264
64.1567598 76.54214264
69.1567598 76.54214264
74.1567598 81.54214264
79.1567598 81.54214264
84.1567598 86.54214264
89.1567598 86.54214264
94.1567598 91.54214264
98.10626609 91.68053493
