84.81443901 12.10030499
79.81443901 7.10030499
74.81443901 7.10030499
69.81443901 7.10030499
64.81443901 7.10030499
59.81443901 7.10030499
54.81443901 12.10030499
54.81443901 17.10030499
49.81443901 22.10030499
49.81443901 27.10030499
49.81443901 32.10030499
49.81443901 37.10030499
49.81443901 42.10030499
49.81443901 47.10030499
49.81443901 52.10030499
49.81443901 57.10030499
49.81443901 62.10030499
49.81443901 67.10030499
44.81443901 72.10030499
44.81443901 77.10030499
39.81443901 82.10030499
39.10458253 88.88194267
