51.93333945 99.02638164
51.93333945 94.02638164
51.93333945 89.02638164
46.93333945 84.02638164
41.93333945 79.02638164
36.93333945 74.02638164
31.93333945 69.02638164
26.93333945 64.02638164
26.93333945 59.02638164
26.93333945 54.02638164
26.93333945 49.02638164
26.93333945 44.02638164
26.93333945 39.02638164
21.93333945 34.02638164
16.93333945 29.02638164
16.93333945 24.02638164
16.93333945 19.02638164
16.93333945 14.02638164
21.93333945 9.02638164
23.1491035 8.92397883
