8.13848032 3.16501781
13.13848032 8.16501781
18.13848032 13.16501781
23.13848032 18.16501781
28.13848032 18.16501781
33.13848032 18.16501781
38.13848032 18.16501781
43.13848032 18.16501781
48.13848032 18.16501781
53.13848032 18.16501781
58.13848032 23.16501781
63.13848032 28.16501781
63.13848032 33.16501781
63.13848032 38.16501781
63.13848032 43.16501781
68.13848032 48.16501781
73.13848032 53.16501781
78.13848032 58.16501781
78.13848032 63.16501781
78.13848032 68.16501781
78.13848032 73.16501781
78.13848032 78.16501781
73.13848032 83.16501781
68.13848032 88.16501781
63.13848032 88.16501781
58.13848032 88.16501781
53.13848032 88.16501781
48.13848032 88.16501781
43.13848032 88.16501781
38.13848032 88.16501781
32.24202377 87.39314339
