15.75506409 4.44775913
20.75506409 9.44775913
20.75506409 14.44775913
20.75506409 19.44775913
20.75506409 24.44775913
20.75506409 29.44775913
20.75506409 34.44775913
20.75506409 39.44775913
20.75506409 44.44775913
20.75506409 49.44775913
20.75506409 54.44775913
25.75506409 59.44775913
25.75506409 64.44775913
25.75506409 69.44775913
25.75506409 74.44775913
30.75506409 79.44775913
30.75506409 84.44775913
35.75506409 89.44775913
40.75506409 89.44775913
45.75506409 89.44775913
50.75506409 89.44775913
55.75506409 84.44775913
60.75506409 79.44775913
60.75506409 74.44775913
65.75506409 69.44775913
65.75506409 64.44775913
70.75506409 59.44775913
70.75506409 54.44775913
75.75506409 49.44775913
75.75506409 44.44775913
75.75506409 39.44775913
80.75506409 34.44775913
80.75506409 29.44775913
85.75506409 24.44775913
85.75506409 19.44775913
88.37405671 16.55749493
