3.8187549 81.23050964
8.8187549 76.23050964
13.8187549 71.23050964
13.8187549 66.23050964
13.8187549 61.23050964
13.8187549 56.23050964
18.8187549 51.23050964
18.8187549 46.23050964
23.8187549 41.23050964
28.8187549 41.23050964
33.8187549 41.23050964
38.8187549 41.23050964
43.8187549 41.23050964
48.8187549 41.23050964
53.8187549 41.23050964
58.8187549 36.23050964
63.8187549 36.23050964
68.8187549 36.23050964
73.8187549 41.23050964
78.8187549 46.23050964
78.8187549 51.23050964
78.8187549 56.23050964
78.8187549 61.23050964
78.8187549 66.23050964
78.8187549 71.23050964
79.19334624 75.25213117
