99.91852688 31.96196437
94.91852688 31.96196437
89.91852688 36.96196437
84.91852688 36.96196437
79.91852688 41.96196437
74.91852688 41.96196437
69.91852688 41.96196437
64.91852688 41.96196437
59.91852688 46.96196437
54.91852688 51.96196437
49.91852688 51.96196437
44.91852688 51.96196437
39.91852688 51.96196437
34.91852688 51.96196437
29.91852688 51.96196437
24.91852688 51.96196437
19.91852688 51.96196437
14.91852688 56.96196437
9.91852688 61.96196437
9.91852688 66.96196437
11.75662294 70.70287879
