1.2569359 98.28662942
6.2569359 93.28662942
11.2569359 88.28662942
16.2569359 83.28662942
21.2569359 78.28662942
26.2569359 78.28662942
31.2569359 78.28662942
36.2569359 78.28662942
41.2569359 78.28662942
46.2569359 78.28662942
51.2569359 73.28662942
56.2569359 68.28662942
61.2569359 63.28662942
61.2569359 58.28662942
66.2569359 53.28662942
66.2569359 48.28662942
71.2569359 43.28662942
71.2569359 38.28662942
76.2569359 33.28662942
76.2569359 28.28662942
81.2569359 23.28662942
80.64798307 20.0466327
