99.76636325 42.35473617
94.76636325 47.35473617
89.76636325 52.35473617
84.76636325 57.35473617
79.76636325 62.35473617
74.76636325 62.35473617
69.76636325 67.35473617
64.76636325 67.35473617
59.76636325 72.35473617
54.76636325 72.35473617
49.76636325 77.35473617
44.76636325 77.35473617
39.76636325 77.35473617
34.76636325 82.35473617
29.76636325 82.35473617
24.76636325 82.35473617
19.76636325 82.35473617
14.76636325 87.35473617
9.76636325 92.35473617
7.63221695 94.19526495
