0 0 0 0 0 0 0 0 0 0 0 0 0 0 0 0 0 0 0 0 0 0 0 0 0 0 0 0 0 0 0 0 0 0 0 0 0 0 0 0 0 0 0 0 0 0 0 0 0 0 0 0 0 0 0 0 0 0 0 0 0 0 0 0 0 0 0 0 0 0 0 0 0 0 0 0 0 0 0 0 0 0 0 0 0 0 0 0 0 0 0 0 0 0 0 0 0 0 0 0 0 
0 0 0 0 0 0 0 0 0 0 0 0 0 0 0 0 0 0 0 0 0 0 0 0 0 0 0 0 0 0 0 0 0 0 0 0 0 0 0 0 0 0 0 0 0 0 0 0 0 0 0 0 0 0 0 0 0 0 0 0 0 0 0 0 0 0 0 0 0 0 0 0 0 0 0 0 0 0 0 0 0 0 0 0 0 0 0 0 0 0 0 0 0 0 0 0 0 0 0 0 0 
0 0 0 0 0 0 0 0 0 0 0 0 0 0 0 0 0 0 0 0 0 0 0 0 0 0 0 0 0 0 0 0 0 0 0 0 0 0 0 0 0 0 0 0 0 0 0 0 0 0 0 0 0 0 0 0 0 0 0 0 0 0 0 0 0 0 0 0 0 0 0 0 0 0 0 0 0 0 0 0 0 0 0 0 0 0 0 0 0 0 0 0 0 0 0 0 0 0 0 0 0 
0 0 0 0 0 0 0 0 0 0 0 0 0 0 0 0 0 0 0 0 0 0 0 0 0 0 0 0 0 0 0 0 0 0 0 0 0 0 0 0 0 0 0 0 0 0 0 0 0 0 0 0 0 0 0 0 0 0 0 0 0 0 0 0 0 0 0 0 0 0 0 0 0 0 0 0 0 0 0 0 0 0 0 0 0 0 0 0 0 0 0 0 0 0 0 0 0 0 0 0 0 
0 0 0 0 0 0 0 0 0 0 0 0 0 0 0 0 0 0 0 0 0 0 0 0 0 0 0 0 0 0 0 0 0 0 0 0 0 0 0 0 0 0 0 0 0 0 0 0 0 0 0 0 0 0 0 0 0 0 0 0 0 0 0 0 0 0 0 0 0 0 0 0 0 0 0 0 0 0 0 0 0 0 0 0 0 0 0 0 0 0 0 0 0 0 0 0 0 0 0 0 0 
0 0 0 0 0 0 0 0 0 0 0 0 0 0 0 0 0 0 0 0 0 0 0 0 0 0 0 0 0 0 0 0 0 0 0 0 0 0 0 0 0 0 0 0 0 0 0 0 0 0 0 0 0 0 0 0 0 0 0 0 0 0 0 0 0 0 0 0 0 0 0 0 0 0 0 0 0 0 0 0 0 0 0 0 0 0 0 0 0 0 0 0 0 0 0 0 0 0 0 0 0 
0 0 0 0 0 0 0 0 0 0 0 0 0 0 0 0 0 0 0 0 0 0 0 0 0 0 0 0 0 0 0 0 0 0 0 0 0 0 0 0 0 0 0 0 0 0 0 0 0 0 0 0 0 0 0 0 0 0 0 0 0 0 0 0 0 0 0 0 0 0 0 0 0 0 0 0 0 0 0 0 0 0 0 0 0 0 0 0 0 0 0 0 0 0 0 0 0 0 0 0 0 
0 0 0 0 0 0 0 0 0 0 0 0 0 0 0 0 0 0 0 0 0 0 0 0 0 0 0 0 0 0 0 0 0 0 0 0 0 0 0 0 0 0 0 0 0 0 0 0 0 0 0 0 0 0 0 0 0 0 0 0 0 0 0 0 0 0 0 0 0 0 0 0 0 0 0 0 0 0 0 0 0 0 0 0 0 0 0 0 0 0 0 0 0 0 0 0 0 0 0 0 0 
0 0 0 0 0 0 0 0 0 0 0 0 0 0 0 0 0 0 0 0 0 0 0 0 0 0 0 0 0 0 0 0 0 0 0 0 0 0 0 0 0 0 0 0 0 0 0 0 0 0 0 0 0 0 0 0 0 0 0 0 0 0 0 0 0 0 0 0 0 0 0 0 0 0 0 0 0 0 0 0 0 0 0 0 0 0 0 0 0 0 0 0 0 0 0 0 0 0 0 0 0 
0 0 0 0 0 0 0 0 0 0 0 0 0 0 0 0 0 0 0 0 0 0 0 0 0 0 0 0 0 0 0 0 0 0 0 0 0 0 0 0 0 0 0 0 0 0 0 0 0 0 0 0 0 0 0 0 0 0 0 0 0 0 0 0 0 0 0 0 0 0 0 0 0 0 0 0 0 0 0 0 0 0 0 0 0 0 0 0 0 0 0 0 0 0 0 0 0 0 0 0 0 
0 0 0 0 0 0 0 0 0 0 0 0 0 0 0 0 0 0 0 0 0 0 0 0 0 0 0 0 0 0 0 0 0 0 0 0 0 0 0 0 0 0 0 0 0 0 0 0 0 0 0 0 0 0 0 0 0 0 0 0 0 0 0 0 0 0 0 0 0 0 0 0 0 0 0 0 0 0 0 0 0 0 0 0 0 0 0 0 0 0 0 0 0 0 0 0 0 0 0 0 0 
0 0 0 0 0 0 0 0 0 0 0 0 0 0 0 0 0 0 0 0 0 0 0 0 0 0 0 0 0 0 0 0 0 0 0 0 0 0 0 0 0 0 0 0 0 0 0 0 0 0 0 0 0 0 0 0 0 0 0 0 0 0 0 0 0 0 0 0 0 0 0 0 0 0 0 0 0 0 0 0 0 0 0 0 0 0 0 0 0 0 0 0 0 0 0 0 0 0 0 0 0 
0 0 0 0 0 0 0 0 0 0 0 0 0 0 0 0 0 0 0 0 0 0 0 0 0 0 0 0 0 0 0 0 0 0 0 0 0 0 0 0 0 0 0 0 0 0 0 0 0 0 0 0 0 0 0 0 0 0 0 0 0 0 0 0 0 0 0 0 0 0 0 0 0 0 0 0 0 0 0 0 0 0 0 0 0 0 0 0 0 0 0 0 0 0 0 0 0 0 0 0 0 
0 0 0 0 0 0 0 0 0 0 0 0 0 0 0 0 0 0 0 0 0 0 0 0 0 0 0 0 0 0 0 0 0 0 0 0 0 0 0 0 0 0 0 0 0 0 0 0 0 0 0 0 0 0 0 0 0 0 0 0 0 0 0 0 0 0 0 0 0 0 0 0 0 0 0 0 0 0 0 0 0 0 0 0 0 0 0 0 0 0 0 0 0 0 0 0 0 0 0 0 0 
0 0 0 0 0 0 0 0 0 0 0 0 0 0 0 0 0 0 0 0 0 0 0 0 0 0 0 0 0 0 0 0 0 0 0 0 0 0 0 0 0 0 0 0 0 0 0 0 0 0 0 0 0 0 0 0 0 0 0 0 0 0 0 0 0 0 0 0 0 0 0 0 0 0 0 0 0 0 0 0 0 0 0 0 0 0 0 0 0 0 0 0 0 0 0 0 0 0 0 0 0 
0 0 0 0 0 0 0 0 0 0 0 0 0 0 0 0 0 0 0 0 0 0 0 0 0 0 0 0 0 0 0 0 0 0 0 0 0 0 0 0 0 0 0 0 0 0 0 0 0 0 0 0 0 0 0 0 0 0 0 0 0 0 0 0 0 0 0 0 0 0 0 0 0 0 0 0 0 0 0 0 0 0 0 0 0 0 0 0 0 0 0 0 0 0 0 0 0 0 0 0 0 
0 0 0 0 0 0 0 0 0 0 0 0 0 0 0 0 0 0 0 0 0 0 0 0 0 0 0 0 0 0 0 0 0 0 0 0 0 0 0 0 0 0 0 0 0 0 0 0 0 0 0 0 0 0 0 0 0 0 0 0 0 0 0 0 0 0 0 0 0 0 0 0 0 0 0 0 0 0 0 0 0 0 0 0 0 0 0 0 0 0 0 0 0 0 0 0 0 0 0 0 0 
0 0 0 0 0 0 0 0 0 0 0 0 0 0 0 0 0 0 0 0 0 0 0 0 0 0 0 0 0 0 0 0 0 0 0 0 0 0 0 0 0 0 0 0 0 0 0 0 0 0 0 0 0 0 0 0 0 0 0 0 0 0 0 0 0 0 0 0 0 0 0 0 0 0 0 0 0 0 0 0 0 0 0 0 0 0 0 0 0 0 0 0 0 0 0 0 0 0 0 0 0 
0 0 0 0 0 0 0 0 0 0 0 0 0 0 0 0 0 0 0 0 0 0 0 0 0 0 0 0 0 0 0 0 0 0 0 0 0 0 0 0 0 0 0 0 0 0 0 0 0 0 0 0 0 0 0 0 0 0 0 0 0 0 0 0 0 0 0 0 0 0 0 0 0 0 0 0 0 0 0 0 0 0 0 0 0 0 0 0 0 0 0 0 0 0 0 0 0 0 0 0 0 
0 0 0 0 0 0 0 0 0 0 0 0 0 0 0 0 0 0 0 0 0 0 0 0 0 0 0 0 0 0 0 0 0 0 0 0 0 0 0 0 0 0 0 0 0 0 0 0 0 0 0 0 0 0 0 0 0 0 0 0 0 0 0 0 0 0 0 0 0 0 0 0 0 0 0 0 0 0 0 0 0 0 0 0 0 0 0 0 0 0 0 0 0 0 0 0 0 0 0 0 0 
0 0 0 0 0 0 0 0 0 0 0 0 0 0 0 0 0 0 0 0 0 0 0 0 0 0 0 0 0 0 0 0 0 0 0 0 0 0 0 0 0 0 0 0 0 0 0 0 0 0 0 0 0 0 0 0 0 0 0 0 0 0 0 0 0 0 0 0 0 0 0 0 0 0 0 0 0 0 0 0 0 0 0 0 0 0 0 0 0 0 0 0 0 0 0 0 0 0 0 0 0 
0 0 0 0 0 0 0 0 0 0 0 0 0 0 0 0 0 0 0 0 0 0 0 0 0 0 0 0 0 0 0 0 0 0 0 0 0 0 0 0 0 0 0 0 0 0 0 0 0 0 0 0 0 0 0 0 0 0 0 0 0 0 0 0 0 0 0 0 0 0 0 0 0 0 0 0 0 0 0 0 0 0 0 0 0 0 0 0 0 0 0 0 0 0 0 0 0 0 0 0 0 
0 0 0 0 0 0 0 0 0 0 0 0 0 0 0 0 0 0 0 0 0 0 0 0 0 0 0 0 0 0 0 0 0 0 0 0 0 0 0 0 0 0 0 0 0 0 0 0 0 0 0 0 0 0 0 0 0 0 0 0 0 0 0 0 0 0 0 0 0 0 0 0 0 0 0 0 0 0 0 0 0 0 0 0 0 0 0 0 0 0 0 0 0 0 0 0 0 0 0 0 0 
0 0 0 0 0 0 0 0 0 0 0 0 0 0 0 0 0 0 0 0 0 0 0 0 0 0 0 0 0 0 0 0 0 0 0 0 0 0 0 0 0 0 0 0 0 0 0 0 0 0 0 0 0 0 0 0 0 0 0 0 0 0 0 0 0 0 0 0 0 0 0 0 0 0 0 0 0 0 0 0 0 0 0 0 0 0 0 0 0 0 0 0 0 0 0 0 0 0 0 0 0 
0 0 0 0 0 0 0 0 0 0 0 0 0 0 0 0 0 0 0 0 0 0 0 0 0 0 0 0 0 0 0 0 0 0 0 0 0 0 0 0 0 0 0 0 0 0 0 0 0 0 0 0 0 0 0 0 0 0 0 0 0 0 0 0 0 0 0 0 0 0 0 0 0 0 0 0 0 0 0 0 0 0 0 0 0 0 0 0 0 0 0 0 0 0 0 0 0 0 0 0 0 
0 0 0 0 0 0 0 0 0 0 0 0 0 0 0 0 0 0 0 0 0 0 0 0 0 0 0 0 0 0 0 0 0 0 0 0 0 0 0 0 0 0 0 0 0 0 0 0 0 0 0 0 0 0 0 0 0 0 0 0 0 0 0 0 0 0 0 0 0 0 0 0 0 0 0 0 0 0 0 0 0 0 0 0 0 0 0 0 0 0 0 0 0 0 0 0 0 0 0 0 0 
0 0 0 0 0 0 0 0 0 0 0 0 0 0 0 0 0 0 0 0 0 0 0 0 0 0 0 0 0 0 0 0 0 0 0 0 0 0 0 0 0 0 0 0 0 0 0 0 0 0 0 0 0 0 0 0 0 0 0 0 0 0 0 0 0 0 0 0 0 0 0 0 0 0 0 0 0 0 0 0 0 0 0 0 0 0 0 0 0 0 0 0 0 0 0 0 0 0 0 0 0 
0 0 0 0 0 0 0 0 0 0 0 0 0 0 0 0 0 0 0 0 0 0 0 0 0 0 0 0 0 0 0 0 0 0 0 0 0 0 0 0 0 0 0 0 0 0 0 0 0 0 0 0 0 0 0 0 0 0 0 0 0 0 0 0 0 0 0 0 0 0 0 0 0 0 0 0 0 0 0 0 0 0 0 0 0 0 0 0 0 0 0 0 0 0 0 0 0 0 0 0 0 
0 0 0 0 0 0 0 0 0 0 0 0 0 0 0 0 0 0 0 0 0 0 0 0 0 0 0 0 0 0 0 0 0 0 0 0 0 0 0 0 0 0 0 0 0 0 0 0 0 0 0 0 0 0 0 0 0 0 0 0 0 0 0 0 0 0 0 0 0 0 0 0 0 0 0 0 0 0 0 0 0 0 0 0 0 0 0 0 0 0 0 0 0 0 0 0 0 0 0 0 0 
0 0 0 0 0 0 0 0 0 0 0 0 0 0 0 0 0 0 0 0 0 0 0 0 0 0 0 0 0 0 0 0 0 0 0 0 0 0 0 0 0 0 0 0 0 0 0 0 0 0 0 0 0 0 0 0 0 0 0 0 0 0 0 0 0 0 0 0 0 0 0 0 0 0 0 0 0 0 0 0 0 0 0 0 0 0 0 0 0 0 0 0 0 0 0 0 0 0 0 0 0 
0 0 0 0 0 0 0 0 0 0 0 0 0 0 0 0 0 0 0 0 0 0 0 0 0 0 0 0 0 0 0 0 0 0 0 0 0 0 0 0 0 0 0 0 0 0 0 0 0 0 0 0 0 0 0 0 0 0 0 0 0 0 0 0 0 0 0 0 0 0 0 0 0 0 0 0 0 0 0 0 0 0 0 0 0 0 0 0 0 0 0 0 0 0 0 0 0 0 0 0 0 
0 0 0 0 0 0 0 0 0 0 0 0 0 0 0 0 0 0 0 0 0 0 0 0 0 0 0 0 0 0 0 0 0 0 0 0 0 0 0 0 0 0 0 0 0 0 0 0 0 0 0 0 0 0 0 0 0 0 0 0 0 0 0 0 0 0 0 0 0 0 0 0 0 0 0 0 0 0 0 0 0 0 0 0 0 0 0 0 0 0 0 0 0 0 0 0 0 0 0 0 0 
0 0 0 0 0 0 0 0 0 0 0 0 0 0 0 0 0 0 0 0 0 0 0 0 0 0 0 0 0 0 0 0 0 0 0 0 0 0 0 0 0 0 0 0 0 0 0 0 0 0 0 0 0 0 0 0 0 0 0 0 0 0 0 0 0 0 0 0 0 0 0 0 0 0 0 0 0 0 0 0 0 0 0 0 0 0 0 0 0 0 0 0 0 0 0 0 0 0 0 0 0 
0 0 0 0 0 0 0 0 0 0 0 0 0 0 0 0 0 0 0 0 0 0 0 0 0 0 0 0 0 0 0 0 0 0 0 0 0 0 0 0 0 0 0 0 0 0 0 0 0 0 0 0 0 0 0 0 0 0 0 0 0 0 0 0 0 0 0 0 0 0 0 0 0 0 0 0 0 0 0 0 0 0 0 0 0 0 0 0 0 0 0 0 0 0 0 0 0 0 0 0 0 
0 0 0 0 0 0 0 0 0 0 0 0 0 0 0 0 0 0 0 0 0 0 0 0 0 0 0 0 0 0 0 0 0 0 0 0 0 0 0 0 0 0 0 0 0 0 0 0 0 0 0 0 0 0 0 0 0 0 0 0 0 0 0 0 0 0 0 0 0 0 0 0 0 0 0 0 0 0 0 0 0 0 0 0 0 0 0 0 0 0 0 0 0 0 0 0 0 0 0 0 0 
0 0 0 0 0 0 0 0 0 0 0 0 0 0 0 0 0 0 0 0 0 0 0 0 0 0 0 0 0 0 0 0 0 0 0 0 0 0 0 0 0 0 0 0 0 0 0 0 0 0 0 0 0 0 0 0 0 0 0 0 0 0 0 0 0 0 0 0 0 0 0 0 0 0 0 0 0 0 0 0 0 0 0 0 0 0 0 0 0 0 0 0 0 0 0 0 0 0 0 0 0 
0 0 0 0 0 0 0 0 0 0 0 0 0 0 0 0 0 0 0 0 0 0 0 0 0 0 0 0 0 0 0 0 0 0 0 0 0 0 0 0 0 0 0 0 0 0 0 0 0 0 0 0 0 0 0 0 0 0 0 0 0 0 0 0 0 0 0 0 0 0 0 0 0 0 0 0 0 0 0 0 0 0 0 0 0 0 0 0 0 0 0 0 0 0 0 0 0 0 0 0 0 
0 0 0 0 0 0 0 0 0 0 0 0 0 0 0 0 0 0 0 0 0 0 0 0 0 0 0 0 0 0 0 0 0 0 0 0 0 0 0 0 0 0 0 0 0 0 0 0 0 0 0 0 0 0 0 0 0 0 0 0 0 0 0 0 0 0 0 0 0 0 0 0 0 0 0 0 0 0 0 0 0 0 0 0 0 0 0 0 0 0 0 0 0 0 0 0 0 0 0 0 0 
0 0 0 0 0 0 0 0 0 0 0 0 0 0 0 0 0 0 0 0 0 0 0 0 0 0 0 0 0 0 0 0 0 0 0 0 0 0 0 0 0 0 0 0 0 0 0 0 0 0 0 0 0 0 0 0 0 0 0 0 0 0 0 0 0 0 0 0 0 0 0 0 0 0 0 0 0 0 0 0 0 0 0 0 0 0 0 0 0 0 0 0 0 0 0 0 0 0 0 0 0 
0 0 0 0 0 0 0 0 0 0 0 0 0 0 0 0 0 0 0 0 0 0 0 0 0 0 0 0 0 0 0 0 0 0 0 0 0 0 0 0 0 0 0 0 0 0 0 0 0 0 0 0 0 0 0 0 0 0 0 0 0 0 0 0 0 0 0 0 0 0 0 0 0 0 0 0 0 0 0 0 0 0 0 0 0 0 0 0 0 0 0 0 0 0 0 0 0 0 0 0 0 
0 0 0 0 0 0 0 0 0 0 0 0 0 0 0 0 0 0 0 0 0 0 0 0 0 0 0 0 0 0 0 0 0 0 0 0 0 0 0 0 0 0 0 0 0 0 0 0 0 0 0 0 0 0 0 0 0 0 0 0 0 0 0 0 0 0 0 0 0 0 0 0 0 0 0 0 0 0 0 0 0 0 0 0 0 0 0 0 0 0 0 0 0 0 0 0 0 0 0 0 0 
0 0 0 0 0 0 0 0 0 0 0 0 0 0 0 0 0 0 0 0 0 0 0 0 0 0 0 0 0 0 0 0 0 0 0 0 0 0 0 0 0 0 0 0 0 0 0 0 0 0 0 0 0 0 0 0 0 0 0 0 0 0 0 0 0 0 0 0 0 0 0 0 0 0 0 0 0 0 0 0 0 0 0 0 0 0 0 0 0 0 0 0 0 0 0 0 0 0 0 0 0 
0 0 0 0 0 0 0 0 0 0 0 0 0 0 0 0 0 0 0 0 0 0 0 0 0 0 0 0 0 0 0 0 0 0 0 0 0 0 0 0 0 0 0 0 0 0 0 0 0 0 0 0 0 0 0 0 0 0 0 0 0 0 0 0 0 0 0 0 0 0 0 0 0 0 0 0 0 0 0 0 0 0 0 0 0 0 0 0 0 0 0 0 0 0 0 0 0 0 0 0 0 
0 0 0 0 0 0 0 0 0 0 0 0 0 0 0 0 0 0 0 0 0 0 0 0 0 0 0 0 0 0 0 0 0 0 0 0 0 0 0 0 0 0 0 0 0 0 0 0 0 0 0 0 0 0 0 0 0 0 0 0 0 0 0 0 0 0 0 0 0 0 0 0 0 0 0 0 0 0 0 0 0 0 0 0 0 0 0 0 0 0 0 0 0 0 0 0 0 0 0 0 0 
0 0 0 0 0 0 0 0 0 0 0 0 0 0 0 0 0 0 0 0 0 0 0 0 0 0 0 0 0 0 0 0 0 0 0 0 0 0 0 0 0 0 0 0 0 0 0 0 0 0 0 0 0 0 0 0 0 0 0 0 0 0 0 0 0 0 0 0 0 0 0 0 0 0 0 0 0 0 0 0 0 0 0 0 0 0 0 0 0 0 0 0 0 0 0 0 0 0 0 0 0 
0 0 0 0 0 0 0 0 0 0 0.112777919212327 0.123678609826136 0.130593477825267 0.132962105062322 0.130593477825267 0.123678609826136 0.112777919212327 0 0 0 0 0 0 0 0 0 0 0 0 0 0 0 0 0 0 0 0 0 0 0 0 0 0 0 0 0 0 0 0 0 0 0 0 0 0 0 0 0 0 0 0 0 0 0 0 0 0 0 0 0 0 0 0 0 0 0 0 0 0 0 0 0 0 0 0 0 0 0 0 0 0 0 0 0 0 0 0 0 0 0 0 
0 0 0 0 0 0 0 0.117045882094697 0.142760243146809 0.166748048259259 0.187320781306818 0.203065827506706 0.212937405501937 0.216298957454005 0.212937405501937 0.203065827506706 0.187320781306818 0.166748048259259 0.142760243146809 0.117045882094697 0 0 0 0 0 0 0 0 0 0 0 0 0 0 0 0 0 0 0 0 0 0 0 0 0 0 0 0 0 0 0 0 0 0 0 0 0 0 0 0 0 0 0 0 0 0 0 0 0 0 0 0 0 0 0 0 0 0 0 0 0 0 0 0 0 0 0 0 0 0 0 0 0 0 0 0 0 0 0 0 0 
0 0 0 0 0 0.114896663488234 0.150453860515103 0.187320781306818 0.223128737274178 0.255621144923586 0.282864955257186 0.303358786600548 0.316058606295582 0.320357870715484 0.316058606295582 0.303358786600548 0.282864955257186 0.255621144923586 0.223128737274178 0.187320781306818 0.150453860515103 0.114896663488234 0 0 0 0 0 0 0 0 0 0 0 0 0 0 0 0 0 0 0 0 0 0 0 0 0 0 0 0 0 0 0 0 0 0 0 0 0 0 0 0 0 0 0 0 0 0 0 0 0 0 0 0 0 0 0 0 0 0 0 0 0 0 0 0 0 0 0 0 0 0 0 0 0 0 0 0 0 0 0 
0.122500346009132 0.138146313254769 0.15020501740057 0.157802808411957 0.160396673849307 0.178295347961765 0.226596981963692 0.274907029217262 0.320357870715484 0.360485317728838 0.393379544174952 0.417697558207423 0.432590140412183 0.437601639638911 0.432590140412183 0.417697558207423 0.393379544174952 0.360485317728838 0.320357870715484 0.274907029217262 0.226596981963692 0.178295347961765 0.132962105062322 0 0 0 0 0 0 0 0 0 0 0 0 0 0 0 0 0 0 0 0 0 0 0 0 0 0 0 0 0 0 0 0 0 0 0 0 0 0 0 0 0 0 0 0 0 0 0 0 0 0 0 0 0 0 0 0 0 0 0 0 0 0 0 0 0 0 0 0 0 0 0 0 0 0 0 0 0 0 
0.196963691966266 0.218884003289759 0.235508295282422 0.245869537322945 0.249387546707287 0.255621144923586 0.316058606295582 0.374410927033409 0.427601947804939 0.473288441843528 0.509890085097244 0.536470249431084 0.552550110523312 0.557927510483319 0.552550110523312 0.536470249431084 0.509890085097244 0.473288441843528 0.427601947804939 0.374410927033409 0.316058606295582 0.255621144923586 0.196661952148726 0.142760243146809 0 0 0 0 0 0 0 0 0 0 0 0 0 0 0 0 0 0 0 0 0 0 0 0 0 0 0 0 0 0 0 0 0 0 0 0 0 0 0 0 0 0 0 0 0 0 0 0 0 0 0 0 0 0 0 0 0 0 0 0 0 0 0 0 0 0 0 0 0 0 0 0 0 0 0 0 0 
0.290183565392887 0.31810179371863 0.338937284468122 0.351782706489923 0.356120302220687 0.351782706489923 0.41278236981315 0.478466215037724 0.536470249431084 0.584909984288916 0.622803198030451 0.64980792394711 0.665932309635736 0.671288506280403 0.665932309635736 0.64980792394711 0.622803198030451 0.584909984288916 0.536470249431084 0.478466215037724 0.41278236981315 0.34233792561265 0.270980017932272 0.203065827506706 0.142760243146809 0 0 0 0 0 0 0 0 0 0 0 0 0 0 0 0 0 0 0 0 0 0 0 0 0 0 0 0 0 0 0 0 0 0 0 0 0 0 0 0 0 0 0 0 0 0 0 0 0 0 0 0 0 0 0 0 0 0 0 0 0 0 0 0 0 0 0 0 0 0 0 0 0 0 0 0 
0.396354664594577 0.429024736817683 0.453012932125387 0.467639043476522 0.472550273284979 0.467639043476522 0.509890085097244 0.579503441380461 0.639021087279461 0.687288183098041 0.724096521486238 0.749793903980324 0.764916014773431 0.769901442873322 0.764916014773431 0.749793903980324 0.724096521486238 0.687288183098041 0.639021087279461 0.579503441380461 0.509890085097244 0.432590140412183 0.351350466229028 0.270980017932272 0.196661952148726 0.132962105062322 0 0 0 0 0 0 0 0 0 0 0 0 0 0 0 0 0 0 0 0 0 0 0 0 0 0 0 0 0 0 0 0 0 0 0 0 0 0 0 0 0 0 0 0 0 0 0 0 0 0 0 0 0 0 0 0 0 0 0 0 0 0 0 0 0 0 0 0 0 0 0 0 0 0 0 
0.507375641403699 0.542840976714897 0.56844692998418 0.583879880290187 0.589031570730014 0.583879880290187 0.601146567860472 0.671288506280403 0.7292808106982 0.774857596741818 0.808648748418409 0.831692565439143 0.845024190708666 0.849379965443433 0.845024190708666 0.831692565439143 0.808648748418409 0.774857596741818 0.7292808106982 0.671288506280403 0.601146567860472 0.520484800861251 0.432590140412183 0.34233792561265 0.255621144923586 0.178295347961765 0.114896663488234 0 0 0 0 0 0 0 0 0 0 0 0 0 0 0 0 0 0 0 0 0 0 0 0 0 0 0 0 0 0 0 0 0 0 0 0 0 0 0 0 0 0 0 0 0 0 0 0 0 0 0 0 0 0 0 0 0 0 0 0 0 0 0 0 0 0 0 0 0 0 0 0 0 0 
0.614812783019591 0.650833867361082 0.676379566235135 0.691585506795639 0.696629003925155 0.691585506795639 0.681967387303204 0.749793903980324 0.803924907075338 0.845024190708666 0.874525059483075 0.894084976620179 0.905164062264459 0.908742629852029 0.905164062264459 0.894084976620179 0.874525059483075 0.845024190708666 0.803924907075338 0.749793903980324 0.681967387303204 0.601146567860472 0.509890085097244 0.41278236981315 0.316058606295582 0.226596981963692 0.150453860515103 0 0 0 0 0 0 0 0 0 0 0 0 0 0 0 0 0 0 0 0 0 0 0 0 0 0 0 0 0 0 0 0 0 0 0 0 0 0 0 0 0 0 0 0 0 0 0 0 0 0 0 0 0 0 0 0 0 0 0 0 0 0 0 0 0 0 0 0 0 0 0 0 0 0 
0.711672460764708 0.746158786226335 0.770138121786953 0.784213372567573 0.788847981145606 0.784213372567573 0.770138121786953 0.813335512349839 0.862170020696252 0.897834419877782 0.92246333913879 0.938221700746449 0.946899464681021 0.949658443149579 0.946899464681021 0.938221700746449 0.92246333913879 0.897834419877782 0.862170020696252 0.813335512349839 0.749793903980324 0.671288506280403 0.579503441380461 0.478466215037724 0.374410927033409 0.274907029217262 0.187320781306818 0.117045882094697 0 0 0 0 0 0 0 0 0 0 0 0 0 0 0 0 0 0 0 0 0 0 0 0 0 0 0 0 0 0 0 0 0 0 0 0 0 0 0 0 0 0 0 0 0 0 0 0 0 0 0 0 0 0 0 0 0 0 0 0 0 0 0 0 0 0 0 0 0 0 0 0 0 
0.793452610653627 0.824775073546704 0.846065366649882 0.858357400416313 0.86236959462745 0.858357400416313 0.846065366649882 0.862170020696252 0.905164062264459 0.935197717999018 0.954972146605145 0.967036941305955 0.973417305012206 0.975397921274272 0.973417305012206 0.967036941305955 0.954972146605145 0.935197717999018 0.905164062264459 0.862170020696252 0.803924907075338 0.7292808106982 0.639021087279461 0.536470249431084 0.427601947804939 0.320357870715484 0.223128737274178 0.142760243146809 0 0 0 0 0 0 0 0 0 0 0 0 0 0 0 0 0 0 0 0 0 0 0 0 0 0 0 0 0 0 0 0 0 0 0 0 0 0 0 0 0 0 0 0 0 0 0 0 0 0 0 0 0 0 0 0 0 0 0 0 0 0 0 0 0 0 0 0 0 0 0 0 0 
0.858357400416313 0.885494202575771 0.903439627393044 0.91358800332705 0.916863476178001 0.91358800332705 0.903439627393044 0.897834419877782 0.935197717999018 0.960009439242539 0.975397921274272 0.984184154270883 0.988547805189069 0.989848833936131 0.988547805189069 0.984184154270883 0.975397921274272 0.960009439242539 0.935197717999018 0.897834419877782 0.845024190708666 0.774857596741818 0.687288183098041 0.584909984288916 0.473288441843528 0.360485317728838 0.255621144923586 0.166748048259259 0 0 0 0 0 0 0 0 0 0 0 0 0 0 0 0 0 0 0 0 0 0 0 0 0 0 0 0 0 0 0 0 0 0 0 0 0 0 0 0 0 0 0 0 0 0 0 0 0 0 0 0 0 0 0 0 0 0 0 0 0 0 0 0 0 0 0 0 0 0 0 0 0 
0.906875396615834 0.92941101300603 0.94380059837805 0.951714996072475 0.954229857097688 0.951714996072475 0.94380059837805 0.92941101300603 0.954972146605145 0.975397921274272 0.98716979479818 0.993287032356217 0.996022369116245 0.996776899590975 0.996022369116245 0.993287032356217 0.98716979479818 0.975397921274272 0.954972146605145 0.92246333913879 0.874525059483075 0.808648748418409 0.724096521486238 0.622803198030451 0.509890085097244 0.393379544174952 0.282864955257186 0.187320781306818 0.112777919212327 0 0 0 0 0 0 0 0 0 0 0 0 0 0 0 0 0 0 0 0 0 0 0 0 0 0 0 0 0 0 0 0 0 0 0 0 0 0 0 0 0 0 0 0 0.104414232687483 0.122500346009132 0.138146313254769 0.15020501740057 0.157802808411957 0.160396673849307 0.157802808411957 0.15020501740057 0.138146313254769 0.122500346009132 0.104414232687483 0 0 0 0 0 0 0 0 0 0 0 0 0 0 0 0 0 
0.941041033391122 0.959071486423003 0.970055160883945 0.97585862499548 0.977659437658666 0.97585862499548 0.970055160883945 0.959071486423003 0.967036941305955 0.984184154270883 0.993287032356217 0.997452490297822 0.99900410555794 0.999362513249446 0.99900410555794 0.997452490297822 0.993287032356217 0.984184154270883 0.967036941305955 0.938221700746449 0.894084976620179 0.831692565439143 0.749793903980324 0.64980792394711 0.536470249431084 0.417697558207423 0.303358786600548 0.203065827506706 0.123678609826136 0 0 0 0 0 0 0 0 0 0 0 0 0 0 0 0 0 0 0 0 0 0 0 0 0 0 0 0 0 0 0 0 0 0 0 0 0 0 0 0 0 0 0.114187040522402 0.142880037199683 0.171081827656088 0.196963691966266 0.218884003289759 0.235508295282422 0.245869537322945 0.249387546707287 0.245869537322945 0.235508295282422 0.218884003289759 0.196963691966266 0.171081827656088 0.142880037199683 0.114187040522402 0 0 0 0 0 0 0 0 0 0 0 0 0 0 0 
0.963658949267768 0.977659437658666 0.985643953597886 0.989606968642054 0.990788232197615 0.989606968642054 0.985643953597886 0.977659437658666 0.973417305012206 0.988547805189069 0.996022369116245 0.99900410555794 0.999840590199185 0.999960145167248 0.999840590199185 0.99900410555794 0.996022369116245 0.988547805189069 0.973417305012206 0.946899464681021 0.905164062264459 0.845024190708666 0.764916014773431 0.665932309635736 0.552550110523312 0.432590140412183 0.316058606295582 0.212937405501937 0.130593477825267 0 0 0 0 0 0 0 0 0 0 0 0 0 0 0 0 0 0 0 0 0 0 0 0 0 0 0 0 0 0 0 0 0 0 0 0 0 0 0 0 0.104414232687483 0.140498318567113 0.179424017477813 0.218884003289759 0.25651965189691 0.290183565392887 0.31810179371863 0.338937284468122 0.351782706489923 0.356120302220687 0.351782706489923 0.338937284468122 0.31810179371863 0.290183565392887 0.25651965189691 0.218884003289759 0.179424017477813 0.140498318567113 0.104414232687483 0 0 0 0 0 0 0 0 0 0 0 0 0 
0.977659437658666 0.988355652294795 0.99390923574253 0.996391503473435 0.99707611439146 0.996391503473435 0.99390923574253 0.988355652294795 0.977659437658666 0.989848833936131 0.996776899590975 0.999362513249446 0.999960145167248 1 0.999960145167248 0.999362513249446 0.996776899590975 0.989848833936131 0.975397921274272 0.949658443149579 0.908742629852029 0.849379965443433 0.769901442873322 0.671288506280403 0.557927510483319 0.437601639638911 0.320357870715484 0.216298957454005 0.132962105062322 0 0 0 0 0 0 0 0 0 0 0 0 0 0 0 0 0 0 0 0 0 0 0 0 0 0 0 0 0 0 0 0 0 0 0 0 0 0 0 0.116223524466467 0.160396673849307 0.209296475736806 0.260133618342505 0.30997382981019 0.356120302220687 0.396354664594577 0.429024736817683 0.453012932125387 0.467639043476522 0.472550273284979 0.467639043476522 0.453012932125387 0.429024736817683 0.396354664594577 0.356120302220687 0.30997382981019 0.260133618342505 0.209296475736806 0.160396673849307 0.116223524466467 0 0 0 0 0 0 0 0 0 0 0 0 
0.985643953597886 0.99390923574253 0.99768905971623 0.999096652550435 0.999421763586342 0.999096652550435 0.99768905971623 0.99390923574253 0.985643953597886 0.988547805189069 0.996022369116245 0.99900410555794 0.999840590199185 0.999960145167248 0.999840590199185 0.99900410555794 0.996022369116245 0.988547805189069 0.973417305012206 0.946899464681021 0.905164062264459 0.845024190708666 0.764916014773431 0.665932309635736 0.552550110523312 0.432590140412183 0.316058606295582 0.220836336046566 0.174384737139833 0.129032167400704 0 0 0.104812147829233 0.106920594631704 0.104812147829233 0 0 0 0 0 0 0 0 0 0 0 0 0 0 0 0 0 0 0 0 0 0 0 0 0 0 0 0 0 0 0 0 0.120379986521733 0.171081827656088 0.228761815026476 0.290183565392887 0.351782706489923 0.410217823497029 0.462745398320155 0.507375641403699 0.542840976714897 0.56844692998418 0.583879880290187 0.589031570730014 0.583879880290187 0.56844692998418 0.542840976714897 0.507375641403699 0.462745398320155 0.410217823497029 0.351782706489923 0.290183565392887 0.228761815026476 0.171081827656088 0.120379986521733 0 0 0 0 0 0 0 0 0 0 0 
0.989606968642054 0.996391503473435 0.999096652550435 0.999855409540007 0.999963850424861 0.999855409540007 0.999096652550435 0.996391503473435 0.989606968642054 0.984184154270883 0.993287032356217 0.997452490297822 0.99900410555794 0.999362513249446 0.99900410555794 0.997452490297822 0.993287032356217 0.984184154270883 0.967036941305955 0.938221700746449 0.894084976620179 0.831692565439143 0.749793903980324 0.64980792394711 0.536470249431084 0.4309247939071 0.385421610472514 0.330515821523994 0.269678742919249 0.207413768509558 0.15631514733855 0.170937996594823 0.180169320275932 0.183323525569634 0.180169320275932 0.170937996594823 0.15631514733855 0.137409722277032 0.115684923412261 0 0 0 0 0 0 0 0 0 0 0 0 0 0 0 0 0 0 0 0 0 0 0 0 0 0 0 0.116223524466467 0.171081827656088 0.235508295282422 0.305954880410522 0.378213454956085 0.448175122707347 0.512407727916729 0.56844692998418 0.614812783019591 0.650833867361082 0.676379566235135 0.691585506795639 0.696629003925155 0.691585506795639 0.676379566235135 0.650833867361082 0.614812783019591 0.56844692998418 0.512407727916729 0.448175122707347 0.378213454956085 0.305954880410522 0.235508295282422 0.171081827656088 0.116223524466467 0 0 0 0 0 0 0 0 0 0 
0.990788232197615 0.99707611439146 0.999421763586342 0.999963850424861 1 0.999963850424861 0.999421763586342 0.99707611439146 0.990788232197615 0.977659437658666 0.98716979479818 0.993287032356217 0.996022369116245 0.996776899590975 0.996022369116245 0.993287032356217 0.98716979479818 0.975397921274272 0.954972146605145 0.92246333913879 0.874525059483075 0.808648748418409 0.724096521486238 0.622803198030451 0.599341703750742 0.563312339004762 0.513415663919192 0.451075486675191 0.379110887283382 0.301966205404137 0.246792218905345 0.2666801364936 0.279078188626429 0.283287615124852 0.279078188626429 0.2666801364936 0.246792218905345 0.220595950308704 0.189748279998623 0.15631514733855 0.122612727168629 0 0 0 0 0 0 0 0 0 0 0 0 0 0 0 0 0 0 0 0 0 0 0 0 0.104414232687483 0.160396673849307 0.228761815026476 0.305954880410522 0.387233813910942 0.467639043476522 0.542840976714897 0.609655961399706 0.666187598955666 0.711672460764708 0.746158786226335 0.770138121786953 0.784213372567573 0.788847981145606 0.784213372567573 0.770138121786953 0.746158786226335 0.711672460764708 0.666187598955666 0.609655961399706 0.542840976714897 0.467639043476522 0.387233813910942 0.305954880410522 0.228761815026476 0.160396673849307 0.104414232687483 0 0 0 0 0 0 0 0 0 
0.989606968642054 0.996391503473435 0.999096652550435 0.999855409540007 0.999963850424861 0.999855409540007 0.999096652550435 0.996391503473435 0.989606968642054 0.97585862499548 0.975397921274272 0.984184154270883 0.988547805189069 0.989848833936131 0.988547805189069 0.984184154270883 0.975397921274272 0.960009439242539 0.935197717999018 0.897834419877782 0.845024190708666 0.774857596741818 0.748099103226458 0.741292464496538 0.720628906228449 0.685516059264436 0.635420390446752 0.570502297635273 0.492360316662318 0.404646899200858 0.355662416861082 0.380103984919807 0.395148915389532 0.400224375161453 0.395148915389532 0.380103984919807 0.355662416861082 0.32286183457838 0.283287615124852 0.239110844796065 0.193019032456538 0.147992000292804 0.106920594631704 0 0 0 0 0 0 0 0 0 0 0 0 0 0 0 0 0 0 0 0 0 0 0.140498318567113 0.209296475736806 0.290183565392887 0.378213454956085 0.467639043476522 0.553061902352397 0.630272969598577 0.696629003925155 0.751002753824508 0.793452610653627 0.824775073546704 0.846065366649882 0.858357400416313 0.86236959462745 0.858357400416313 0.846065366649882 0.824775073546704 0.793452610653627 0.751002753824508 0.696629003925155 0.630272969598577 0.553061902352397 0.467639043476522 0.378213454956085 0.290183565392887 0.209296475736806 0.140498318567113 0 0 0 0 0 0 0 0 0 
0.985643953597886 0.99390923574253 0.99768905971623 0.999096652550435 0.999421763586342 0.999096652550435 0.99768905971623 0.99390923574253 0.985643953597886 0.970055160883945 0.954972146605145 0.967036941305955 0.973417305012206 0.975397921274272 0.973417305012206 0.967036941305955 0.954972146605145 0.935197717999018 0.905164062264459 0.862170020696252 0.819525188934035 0.837665753786066 0.843562292621571 0.837665753786066 0.819525188934035 0.78792343075865 0.741292464496538 0.678413050833265 0.599341703750742 0.506370776476777 0.474104756668249 0.501565414362398 0.518249923508899 0.523841320028272 0.518249923508899 0.501565414362398 0.474104756668249 0.436544676604533 0.390103363731369 0.336709967050833 0.279078188626429 0.220595950308704 0.16497520084146 0.115684923412261 0 0 0 0 0 0 0 0 0 0 0 0 0 0 0 0 0 0 0 0 0.114187040522402 0.179424017477813 0.260133618342505 0.351782706489923 0.448175122707347 0.542840976714897 0.630272969598577 0.706673312887989 0.770138121786953 0.820403774867462 0.858357400416313 0.885494202575771 0.903439627393044 0.91358800332705 0.916863476178001 0.91358800332705 0.903439627393044 0.885494202575771 0.858357400416313 0.820403774867462 0.770138121786953 0.706673312887989 0.630272969598577 0.542840976714897 0.448175122707347 0.351782706489923 0.260133618342505 0.179424017477813 0.114187040522402 0 0 0 0 0 0 0 0 
0.977659437658666 0.988355652294795 0.99390923574253 0.996391503473435 0.99707611439146 0.996391503473435 0.99390923574253 0.988355652294795 0.977659437658666 0.959071486423003 0.92941101300603 0.938221700746449 0.946899464681021 0.949658443149579 0.946899464681021 0.938221700746449 0.92246333913879 0.897834419877782 0.862170020696252 0.866337904026611 0.892822829742286 0.907556242773421 0.912262624816315 0.907556242773421 0.892822829742286 0.866337904026611 0.825644960902086 0.768242837728334 0.692595282575667 0.599341703750742 0.591744034005843 0.620239698800861 0.637315772149669 0.642998044918572 0.637315772149669 0.620239698800861 0.591744034005843 0.551984532544251 0.501565414362398 0.441839534964326 0.375151121715154 0.304902286465511 0.235329104562611 0.170937996594823 0.115684923412261 0 0 0 0 0 0 0 0 0 0 0 0 0 0 0 0 0 0 0 0.142880037199683 0.218884003289759 0.30997382981019 0.410217823497029 0.512407727916729 0.609655961399706 0.696629003925155 0.770138121786953 0.829109716325087 0.874139766300504 0.906875396615834 0.92941101300603 0.94380059837805 0.951714996072475 0.954229857097688 0.951714996072475 0.94380059837805 0.92941101300603 0.906875396615834 0.874139766300504 0.829109716325087 0.770138121786953 0.696629003925155 0.609655961399706 0.512407727916729 0.410217823497029 0.30997382981019 0.218884003289759 0.142880037199683 0 0 0 0 0 0 0 0 
0.963658949267768 0.977659437658666 0.985643953597886 0.989606968642054 0.990788232197615 0.989606968642054 0.985643953597886 0.977659437658666 0.963658949267768 0.941041033391122 0.906875396615834 0.894084976620179 0.905164062264459 0.908742629852029 0.905164062264459 0.894084976620179 0.874525059483075 0.845024190708666 0.88771340782359 0.921356957472602 0.942152063951673 0.953231386473442 0.956682192461664 0.953231386473442 0.942152063951673 0.921356957472602 0.88771340782359 0.837665753786066 0.768242837728334 0.678413050833265 0.699277924895135 0.726827706033418 0.743087867008543 0.748456135621549 0.743087867008543 0.726827706033418 0.699277924895135 0.660000800008478 0.608841665714828 0.546333955216652 0.474104756668249 0.395148915389532 0.313809012198177 0.235329104562611 0.16497520084146 0.106920594631704 0 0 0 0 0 0 0 0 0 0 0 0 0 0 0 0 0 0.104414232687483 0.171081827656088 0.25651965189691 0.356120302220687 0.462745398320155 0.56844692998418 0.666187598955666 0.751002753824508 0.820403774867462 0.874139766300504 0.91358800332705 0.941041033391122 0.959071486423003 0.970055160883945 0.97585862499548 0.977659437658666 0.97585862499548 0.970055160883945 0.959071486423003 0.941041033391122 0.91358800332705 0.874139766300504 0.820403774867462 0.751002753824508 0.666187598955666 0.56844692998418 0.462745398320155 0.356120302220687 0.25651965189691 0.171081827656088 0.104414232687483 0 0 0 0 0 0 0 
0.941041033391122 0.959071486423003 0.970055160883945 0.97585862499548 0.977659437658666 0.97585862499548 0.970055160883945 0.959071486423003 0.941041033391122 0.91358800332705 0.874139766300504 0.831692565439143 0.845024190708666 0.849379965443433 0.845024190708666 0.831692565439143 0.825644960902086 0.88771340782359 0.930014636571424 0.956682192461664 0.972056081486504 0.979731293265429 0.982024778087707 0.979731293265429 0.972056081486504 0.956682192461664 0.930014636571424 0.88771340782359 0.825644960902086 0.753796605759244 0.790305353375862 0.815297561312005 0.82979072874981 0.834531383832544 0.82979072874981 0.815297561312005 0.790305353375862 0.753796605759244 0.704827540960449 0.642998044918572 0.568987735338826 0.485032337719083 0.395148915389532 0.304902286465511 0.220595950308704 0.147992000292804 0 0 0 0 0 0 0 0.105932590152189 0.119959298492964 0.129032167400704 0.132168997898845 0.129032167400704 0.119959298492964 0.105932590152189 0 0 0 0.122500346009132 0.196963691966266 0.290183565392887 0.396354664594577 0.507375641403699 0.614812783019591 0.711672460764708 0.793452610653627 0.858357400416313 0.906875396615834 0.941041033391122 0.963658949267768 0.977659437658666 0.985643953597886 0.989606968642054 0.990788232197615 0.989606968642054 0.985643953597886 0.977659437658666 0.963658949267768 0.941041033391122 0.906875396615834 0.858357400416313 0.793452610653627 0.711672460764708 0.614812783019591 0.507375641403699 0.396354664594577 0.290183565392887 0.196963691966266 0.122500346009132 0 0 0 0 0 0 0 
0.906875396615834 0.92941101300603 0.94380059837805 0.951714996072475 0.954229857097688 0.951714996072475 0.94380059837805 0.92941101300603 0.906875396615834 0.874139766300504 0.829109716325087 0.770138121786953 0.764916014773431 0.769901442873322 0.764916014773431 0.78792343075865 0.866337904026611 0.921356957472602 0.956682192461664 0.977304662219488 0.988097006136808 0.992939597787242 0.994277227520972 0.992939597787242 0.988097006136808 0.977304662219488 0.956682192461664 0.921356957472602 0.866337904026611 0.82979072874981 0.861949311456039 0.883336327614971 0.895472829736457 0.899396384789191 0.895472829736457 0.883336327614971 0.861949311456039 0.82979072874981 0.785191529141158 0.726827706033418 0.654341628001101 0.568987735338826 0.474104756668249 0.375151121715154 0.279078188626429 0.193019032456538 0.122612727168629 0 0 0 0.100692484575402 0.132168997898845 0.163021388703181 0.190399311582767 0.211824785804258 0.225436948126087 0.230100793631598 0.225436948126087 0.211824785804258 0.190399311582767 0.163021388703181 0.132168997898845 0.100692484575402 0.138146313254769 0.218884003289759 0.31810179371863 0.429024736817683 0.542840976714897 0.650833867361082 0.746158786226335 0.824775073546704 0.885494202575771 0.92941101300603 0.959071486423003 0.977659437658666 0.988355652294795 0.99390923574253 0.996391503473435 0.99707611439146 0.996391503473435 0.99390923574253 0.988355652294795 0.977659437658666 0.959071486423003 0.92941101300603 0.885494202575771 0.824775073546704 0.746158786226335 0.650833867361082 0.542840976714897 0.429024736817683 0.31810179371863 0.218884003289759 0.138146313254769 0 0 0 0 0 0 0 
0.858357400416313 0.885494202575771 0.903439627393044 0.91358800332705 0.916863476178001 0.91358800332705 0.903439627393044 0.885494202575771 0.858357400416313 0.820403774867462 0.770138121786953 0.706673312887989 0.665932309635736 0.671288506280403 0.720628906228449 0.819525188934035 0.892822829742286 0.942152063951673 0.972056081486504 0.988097006136808 0.995475581489367 0.998230206735349 0.998866971195051 0.998230206735349 0.995475581489367 0.988097006136808 0.972056081486504 0.942152063951673 0.892822829742286 0.887441818703273 0.91445524372832 0.931780343280334 0.941334338526321 0.944373889418294 0.941334338526321 0.931780343280334 0.91445524372832 0.887441818703273 0.848466718658151 0.795382229689234 0.726827706033418 0.642998044918572 0.546333955216652 0.441839534964326 0.336709967050833 0.239110844796065 0.15631514733855 0 0 0.129032167400704 0.174384737139833 0.220836336046566 0.264512403739173 0.301966205404137 0.330515821523994 0.348332566942387 0.354381957135243 0.348332566942387 0.330515821523994 0.301966205404137 0.264512403739173 0.220836336046566 0.174384737139833 0.15020501740057 0.235508295282422 0.338937284468122 0.453012932125387 0.56844692998418 0.676379566235135 0.770138121786953 0.846065366649882 0.903439627393044 0.94380059837805 0.970055160883945 0.985643953597886 0.99390923574253 0.99768905971623 0.999096652550435 0.999421763586342 0.999096652550435 0.99768905971623 0.99390923574253 0.985643953597886 0.970055160883945 0.94380059837805 0.903439627393044 0.846065366649882 0.770138121786953 0.676379566235135 0.56844692998418 0.453012932125387 0.338937284468122 0.235508295282422 0.15020501740057 0 0 0 0 0 0 0 
0.793452610653627 0.824775073546704 0.846065366649882 0.858357400416313 0.86236959462745 0.858357400416313 0.846065366649882 0.824775073546704 0.793452610653627 0.751002753824508 0.696629003925155 0.630272969598577 0.553061902352397 0.620999310052938 0.741292464496538 0.837665753786066 0.907556242773421 0.953231386473442 0.979731293265429 0.992939597787242 0.998230206735349 0.999716622367193 0.999929148062158 0.999716622367193 0.998230206735349 0.992939597787242 0.979731293265429 0.953231386473442 0.907556242773421 0.928453253817881 0.950230652626895 0.963541515953135 0.970588122809394 0.972776573374041 0.970588122809394 0.963541515953135 0.950230652626895 0.928453253817881 0.895472829736457 0.848466718658151 0.785191529141158 0.704827540960449 0.608841665714828 0.501565414362398 0.390103363731369 0.283287615124852 0.189748279998623 0.115684923412261 0.148718319959564 0.207413768509558 0.269678742919249 0.330515821523994 0.385421610472514 0.4309247939071 0.464700712742793 0.48539794290909 0.492360316662318 0.48539794290909 0.464700712742793 0.4309247939071 0.385421610472514 0.330515821523994 0.269678742919249 0.207413768509558 0.245869537322945 0.351782706489923 0.467639043476522 0.583879880290187 0.691585506795639 0.784213372567573 0.858357400416313 0.91358800332705 0.951714996072475 0.97585862499548 0.989606968642054 0.996391503473435 0.999096652550435 0.999855409540007 0.999963850424861 0.999855409540007 0.999096652550435 0.996391503473435 0.989606968642054 0.97585862499548 0.951714996072475 0.91358800332705 0.858357400416313 0.784213372567573 0.691585506795639 0.583879880290187 0.467639043476522 0.351782706489923 0.245869537322945 0.157802808411957 0 0 0 0 0 0 0 
0.711672460764708 0.746158786226335 0.770138121786953 0.784213372567573 0.788847981145606 0.784213372567573 0.770138121786953 0.746158786226335 0.711672460764708 0.666187598955666 0.609655961399706 0.542840976714897 0.492360316662318 0.628212978004615 0.748099103226458 0.843562292621571 0.912262624816315 0.956682192461664 0.982024778087707 0.994277227520972 0.998866971195051 0.999929148062158 1 0.999929148062158 0.998866971195051 0.994277227520972 0.982024778087707 0.956682192461664 0.928453253817881 0.95578600783865 0.972776573374041 0.982490559621666 0.987318464124346 0.988758356812193 0.987318464124346 0.982490559621666 0.972776573374041 0.95578600783865 0.928453253817881 0.887441818703273 0.82979072874981 0.753796605759244 0.660000800008478 0.551984532544251 0.436544676604533 0.32286183457838 0.220595950308704 0.155749842549783 0.225436948126087 0.301966205404137 0.379110887283382 0.451075486675191 0.513415663919192 0.563312339004762 0.599341703750742 0.620999310052938 0.628212978004615 0.620999310052938 0.599341703750742 0.563312339004762 0.513415663919192 0.451075486675191 0.379110887283382 0.301966205404137 0.249387546707287 0.356120302220687 0.472550273284979 0.589031570730014 0.696629003925155 0.788847981145606 0.86236959462745 0.916863476178001 0.954229857097688 0.977659437658666 0.990788232197615 0.99707611439146 0.999421763586342 0.999963850424861 1 0.999963850424861 0.999421763586342 0.99707611439146 0.990788232197615 0.977659437658666 0.954229857097688 0.916863476178001 0.86236959462745 0.788847981145606 0.696629003925155 0.589031570730014 0.472550273284979 0.356120302220687 0.249387546707287 0.160396673849307 0 0 0 0 0 0 0 
0.614812783019591 0.650833867361082 0.676379566235135 0.691585506795639 0.696629003925155 0.691585506795639 0.676379566235135 0.650833867361082 0.614812783019591 0.56844692998418 0.512407727916729 0.448175122707347 0.48539794290909 0.620999310052938 0.741292464496538 0.837665753786066 0.907556242773421 0.953231386473442 0.979731293265429 0.992939597787242 0.998230206735349 0.999716622367193 0.999929148062158 0.999716622367193 0.998230206735349 0.992939597787242 0.979731293265429 0.953231386473442 0.950230652626895 0.972776573374041 0.98579359648361 0.992564511281568 0.995593600836996 0.996429319971766 0.995593600836996 0.992564511281568 0.98579359648361 0.972776573374041 0.950230652626895 0.91445524372832 0.861949311456039 0.790305353375862 0.699277924895135 0.591744034005843 0.474104756668249 0.355662416861082 0.246792218905345 0.225436948126087 0.313210661355389 0.404646899200858 0.492360316662318 0.570502297635273 0.635420390446752 0.685516059264436 0.720628906228449 0.741292464496538 0.748099103226458 0.741292464496538 0.720628906228449 0.685516059264436 0.635420390446752 0.570502297635273 0.492360316662318 0.404646899200858 0.313210661355389 0.351782706489923 0.467639043476522 0.583879880290187 0.691585506795639 0.784213372567573 0.858357400416313 0.91358800332705 0.951714996072475 0.97585862499548 0.989606968642054 0.996391503473435 0.999096652550435 0.999855409540007 0.999963850424861 0.999855409540007 0.999096652550435 0.996391503473435 0.989606968642054 0.97585862499548 0.951714996072475 0.91358800332705 0.858357400416313 0.784213372567573 0.691585506795639 0.583879880290187 0.467639043476522 0.351782706489923 0.245869537322945 0.157802808411957 0 0 0 0 0 0 0 
0.507375641403699 0.542840976714897 0.56844692998418 0.583879880290187 0.589031570730014 0.583879880290187 0.56844692998418 0.542840976714897 0.507375641403699 0.462745398320155 0.410217823497029 0.351782706489923 0.464700712742793 0.599341703750742 0.720628906228449 0.819525188934035 0.892822829742286 0.942152063951673 0.972056081486504 0.988097006136808 0.995475581489367 0.998230206735349 0.998866971195051 0.998230206735349 0.995475581489367 0.988097006136808 0.972056081486504 0.942152063951673 0.963541515953135 0.982490559621666 0.992564511281568 0.997177663292007 0.998896575233025 0.999293667817605 0.998896575233025 0.997177663292007 0.992564511281568 0.982490559621666 0.963541515953135 0.931780343280334 0.883336327614971 0.815297561312005 0.726827706033418 0.620239698800861 0.501565414362398 0.380103984919807 0.2666801364936 0.301966205404137 0.404646899200858 0.506370776476777 0.599341703750742 0.678413050833265 0.741292464496538 0.78792343075865 0.819525188934035 0.837665753786066 0.843562292621571 0.837665753786066 0.819525188934035 0.78792343075865 0.741292464496538 0.678413050833265 0.599341703750742 0.506370776476777 0.404646899200858 0.338937284468122 0.453012932125387 0.56844692998418 0.676379566235135 0.770138121786953 0.846065366649882 0.903439627393044 0.94380059837805 0.970055160883945 0.985643953597886 0.99390923574253 0.99768905971623 0.999096652550435 0.999421763586342 0.999096652550435 0.99768905971623 0.99390923574253 0.985643953597886 0.970055160883945 0.94380059837805 0.903439627393044 0.846065366649882 0.770138121786953 0.676379566235135 0.56844692998418 0.453012932125387 0.338937284468122 0.235508295282422 0.15020501740057 0 0 0 0 0 0 0 
0.396354664594577 0.429024736817683 0.453012932125387 0.467639043476522 0.472550273284979 0.467639043476522 0.453012932125387 0.429024736817683 0.396354664594577 0.356120302220687 0.30997382981019 0.301966205404137 0.4309247939071 0.563312339004762 0.685516059264436 0.78792343075865 0.866337904026611 0.921356957472602 0.956682192461664 0.977304662219488 0.988097006136808 0.992939597787242 0.994277227520972 0.992939597787242 0.988097006136808 0.977304662219488 0.956682192461664 0.941334338526321 0.970588122809394 0.987318464124346 0.995593600836996 0.998896575233025 0.999823370162762 0.999955839615567 0.999823370162762 0.998896575233025 0.995593600836996 0.987318464124346 0.970588122809394 0.941334338526321 0.895472829736457 0.82979072874981 0.743087867008543 0.637315772149669 0.518249923508899 0.395148915389532 0.279078188626429 0.379110887283382 0.492360316662318 0.599341703750742 0.692595282575667 0.768242837728334 0.825644960902086 0.866337904026611 0.892822829742286 0.907556242773421 0.912262624816315 0.907556242773421 0.892822829742286 0.866337904026611 0.825644960902086 0.768242837728334 0.692595282575667 0.599341703750742 0.492360316662318 0.379110887283382 0.429024736817683 0.542840976714897 0.650833867361082 0.746158786226335 0.824775073546704 0.885494202575771 0.92941101300603 0.959071486423003 0.977659437658666 0.988355652294795 0.99390923574253 0.996391503473435 0.99707611439146 0.996391503473435 0.99390923574253 0.988355652294795 0.977659437658666 0.959071486423003 0.92941101300603 0.885494202575771 0.824775073546704 0.746158786226335 0.650833867361082 0.542840976714897 0.429024736817683 0.31810179371863 0.218884003289759 0.138146313254769 0 0 0 0 0 0 0 
0.290183565392887 0.31810179371863 0.338937284468122 0.351782706489923 0.356120302220687 0.351782706489923 0.338937284468122 0.31810179371863 0.290183565392887 0.25651965189691 0.218884003289759 0.264512403739173 0.385421610472514 0.513415663919192 0.635420390446752 0.741292464496538 0.825644960902086 0.88771340782359 0.930014636571424 0.956682192461664 0.972056081486504 0.979731293265429 0.982024778087707 0.979731293265429 0.972056081486504 0.956682192461664 0.930014636571424 0.944373889418294 0.972776573374041 0.988758356812193 0.996429319971766 0.999293667817605 0.999955839615567 1 0.999955839615567 0.999293667817605 0.996429319971766 0.988758356812193 0.972776573374041 0.944373889418294 0.899396384789191 0.834531383832544 0.748456135621549 0.642998044918572 0.523841320028272 0.400224375161453 0.330515821523994 0.451075486675191 0.570502297635273 0.678413050833265 0.768242837728334 0.837665753786066 0.88771340782359 0.921356957472602 0.942152063951673 0.953231386473442 0.956682192461664 0.953231386473442 0.942152063951673 0.921356957472602 0.88771340782359 0.837665753786066 0.768242837728334 0.678413050833265 0.570502297635273 0.451075486675191 0.396354664594577 0.507375641403699 0.614812783019591 0.711672460764708 0.793452610653627 0.858357400416313 0.906875396615834 0.941041033391122 0.963658949267768 0.977659437658666 0.985643953597886 0.989606968642054 0.990788232197615 0.989606968642054 0.985643953597886 0.977659437658666 0.963658949267768 0.941041033391122 0.906875396615834 0.858357400416313 0.793452610653627 0.711672460764708 0.614812783019591 0.507375641403699 0.396354664594577 0.290183565392887 0.196963691966266 0.122500346009132 0 0 0 0 0 0 0 
0.196963691966266 0.218884003289759 0.235508295282422 0.245869537322945 0.249387546707287 0.245869537322945 0.235508295282422 0.218884003289759 0.196963691966266 0.171081827656088 0.142880037199683 0.220836336046566 0.330515821523994 0.451075486675191 0.570502297635273 0.678413050833265 0.768242837728334 0.837665753786066 0.88771340782359 0.921356957472602 0.942152063951673 0.953231386473442 0.956682192461664 0.953231386473442 0.942152063951673 0.921356957472602 0.895472829736457 0.941334338526321 0.970588122809394 0.987318464124346 0.995593600836996 0.998896575233025 0.999823370162762 0.999955839615567 0.999823370162762 0.998896575233025 0.995593600836996 0.987318464124346 0.970588122809394 0.941334338526321 0.895472829736457 0.82979072874981 0.743087867008543 0.637315772149669 0.518249923508899 0.395148915389532 0.385421610472514 0.513415663919192 0.635420390446752 0.741292464496538 0.825644960902086 0.88771340782359 0.930014636571424 0.956682192461664 0.972056081486504 0.979731293265429 0.982024778087707 0.979731293265429 0.972056081486504 0.956682192461664 0.930014636571424 0.88771340782359 0.825644960902086 0.741292464496538 0.635420390446752 0.513415663919192 0.385421610472514 0.462745398320155 0.56844692998418 0.666187598955666 0.751002753824508 0.820403774867462 0.874139766300504 0.91358800332705 0.941041033391122 0.959071486423003 0.970055160883945 0.97585862499548 0.977659437658666 0.97585862499548 0.970055160883945 0.959071486423003 0.941041033391122 0.91358800332705 0.874139766300504 0.820403774867462 0.751002753824508 0.666187598955666 0.56844692998418 0.462745398320155 0.356120302220687 0.25651965189691 0.171081827656088 0.104414232687483 0 0 0 0 0 0 0 
0.122500346009132 0.138146313254769 0.15020501740057 0.157802808411957 0.160396673849307 0.157802808411957 0.15020501740057 0.138146313254769 0.122500346009132 0.104414232687483 0.100692484575402 0.174384737139833 0.269678742919249 0.379110887283382 0.492360316662318 0.599341703750742 0.692595282575667 0.768242837728334 0.825644960902086 0.866337904026611 0.892822829742286 0.907556242773421 0.912262624816315 0.907556242773421 0.892822829742286 0.866337904026611 0.883336327614971 0.931780343280334 0.963541515953135 0.982490559621666 0.992564511281568 0.997177663292007 0.998896575233025 0.999293667817605 0.998896575233025 0.997177663292007 0.992564511281568 0.982490559621666 0.963541515953135 0.931780343280334 0.883336327614971 0.815297561312005 0.726827706033418 0.620239698800861 0.501565414362398 0.380103984919807 0.4309247939071 0.563312339004762 0.685516059264436 0.78792343075865 0.866337904026611 0.921356957472602 0.956682192461664 0.977304662219488 0.988097006136808 0.992939597787242 0.994277227520972 0.992939597787242 0.988097006136808 0.977304662219488 0.956682192461664 0.921356957472602 0.866337904026611 0.78792343075865 0.685516059264436 0.563312339004762 0.4309247939071 0.410217823497029 0.512407727916729 0.609655961399706 0.696629003925155 0.770138121786953 0.829109716325087 0.874139766300504 0.906875396615834 0.92941101300603 0.94380059837805 0.951714996072475 0.954229857097688 0.951714996072475 0.94380059837805 0.92941101300603 0.906875396615834 0.874139766300504 0.829109716325087 0.770138121786953 0.696629003925155 0.609655961399706 0.512407727916729 0.410217823497029 0.30997382981019 0.218884003289759 0.142880037199683 0 0 0 0 0 0 0 0 
0 0 0 0 0 0 0 0 0 0 0 0.129032167400704 0.207413768509558 0.301966205404137 0.404646899200858 0.506370776476777 0.599341703750742 0.678413050833265 0.741292464496538 0.78792343075865 0.819525188934035 0.837665753786066 0.843562292621571 0.837665753786066 0.819525188934035 0.790305353375862 0.861949311456039 0.91445524372832 0.950230652626895 0.972776573374041 0.98579359648361 0.992564511281568 0.995593600836996 0.996429319971766 0.995593600836996 0.992564511281568 0.98579359648361 0.972776573374041 0.950230652626895 0.91445524372832 0.861949311456039 0.790305353375862 0.699277924895135 0.591744034005843 0.474104756668249 0.355662416861082 0.464700712742793 0.599341703750742 0.720628906228449 0.819525188934035 0.892822829742286 0.942152063951673 0.972056081486504 0.988097006136808 0.995475581489367 0.998230206735349 0.998866971195051 0.998230206735349 0.995475581489367 0.988097006136808 0.972056081486504 0.942152063951673 0.892822829742286 0.819525188934035 0.720628906228449 0.599341703750742 0.464700712742793 0.351782706489923 0.448175122707347 0.542840976714897 0.630272969598577 0.706673312887989 0.770138121786953 0.820403774867462 0.858357400416313 0.885494202575771 0.903439627393044 0.91358800332705 0.916863476178001 0.91358800332705 0.903439627393044 0.885494202575771 0.858357400416313 0.820403774867462 0.770138121786953 0.706673312887989 0.630272969598577 0.542840976714897 0.448175122707347 0.351782706489923 0.260133618342505 0.179424017477813 0.114187040522402 0 0 0 0 0 0 0 0 
0 0 0 0 0 0 0 0 0 0 0 0 0.148718319959564 0.225436948126087 0.313210661355389 0.404646899200858 0.492360316662318 0.570502297635273 0.635420390446752 0.685516059264436 0.720628906228449 0.741292464496538 0.748099103226458 0.741292464496538 0.720628906228449 0.753796605759244 0.82979072874981 0.887441818703273 0.928453253817881 0.95578600783865 0.972776573374041 0.982490559621666 0.987318464124346 0.988758356812193 0.987318464124346 0.982490559621666 0.972776573374041 0.95578600783865 0.928453253817881 0.887441818703273 0.82979072874981 0.753796605759244 0.660000800008478 0.551984532544251 0.436544676604533 0.348332566942387 0.48539794290909 0.620999310052938 0.741292464496538 0.837665753786066 0.907556242773421 0.953231386473442 0.979731293265429 0.992939597787242 0.998230206735349 0.999716622367193 0.999929148062158 0.999716622367193 0.998230206735349 0.992939597787242 0.979731293265429 0.953231386473442 0.907556242773421 0.837665753786066 0.741292464496538 0.620999310052938 0.48539794290909 0.348332566942387 0.378213454956085 0.467639043476522 0.553061902352397 0.630272969598577 0.696629003925155 0.751002753824508 0.793452610653627 0.824775073546704 0.846065366649882 0.858357400416313 0.86236959462745 0.858357400416313 0.846065366649882 0.824775073546704 0.793452610653627 0.751002753824508 0.696629003925155 0.630272969598577 0.553061902352397 0.467639043476522 0.378213454956085 0.290183565392887 0.209296475736806 0.140498318567113 0 0 0 0 0 0 0 0 0 
0 0 0 0 0 0 0 0 0 0 0 0 0 0.155749842549783 0.225436948126087 0.301966205404137 0.379110887283382 0.451075486675191 0.513415663919192 0.563312339004762 0.599341703750742 0.620999310052938 0.628212978004615 0.620999310052938 0.608841665714828 0.704827540960449 0.785191529141158 0.848466718658151 0.895472829736457 0.928453253817881 0.950230652626895 0.963541515953135 0.970588122809394 0.972776573374041 0.970588122809394 0.963541515953135 0.950230652626895 0.928453253817881 0.895472829736457 0.848466718658151 0.785191529141158 0.704827540960449 0.608841665714828 0.501565414362398 0.390103363731369 0.354381957135243 0.492360316662318 0.628212978004615 0.748099103226458 0.843562292621571 0.912262624816315 0.956682192461664 0.982024778087707 0.994277227520972 0.998866971195051 0.999929148062158 1 0.999929148062158 0.998866971195051 0.994277227520972 0.982024778087707 0.956682192461664 0.912262624816315 0.843562292621571 0.748099103226458 0.628212978004615 0.492360316662318 0.354381957135243 0.305954880410522 0.387233813910942 0.467639043476522 0.542840976714897 0.609655961399706 0.666187598955666 0.711672460764708 0.746158786226335 0.770138121786953 0.784213372567573 0.788847981145606 0.784213372567573 0.770138121786953 0.746158786226335 0.711672460764708 0.666187598955666 0.609655961399706 0.542840976714897 0.467639043476522 0.387233813910942 0.305954880410522 0.228761815026476 0.160396673849307 0.104414232687483 0 0 0 0 0 0 0 0 0 
0 0 0 0 0 0 0 0 0 0 0 0 0 0 0.148718319959564 0.207413768509558 0.269678742919249 0.330515821523994 0.385421610472514 0.4309247939071 0.464700712742793 0.48539794290909 0.492360316662318 0.48539794290909 0.546333955216652 0.642998044918572 0.726827706033418 0.795382229689234 0.848466718658151 0.887441818703273 0.91445524372832 0.931780343280334 0.941334338526321 0.944373889418294 0.941334338526321 0.931780343280334 0.91445524372832 0.887441818703273 0.848466718658151 0.795382229689234 0.726827706033418 0.642998044918572 0.546333955216652 0.441839534964326 0.336709967050833 0.348332566942387 0.48539794290909 0.620999310052938 0.741292464496538 0.837665753786066 0.907556242773421 0.953231386473442 0.979731293265429 0.992939597787242 0.998230206735349 0.999716622367193 0.999929148062158 0.999716622367193 0.998230206735349 0.992939597787242 0.979731293265429 0.953231386473442 0.907556242773421 0.837665753786066 0.741292464496538 0.620999310052938 0.48539794290909 0.348332566942387 0.235508295282422 0.305954880410522 0.378213454956085 0.448175122707347 0.512407727916729 0.56844692998418 0.614812783019591 0.650833867361082 0.676379566235135 0.691585506795639 0.696629003925155 0.691585506795639 0.676379566235135 0.650833867361082 0.614812783019591 0.56844692998418 0.512407727916729 0.448175122707347 0.378213454956085 0.305954880410522 0.235508295282422 0.171081827656088 0.116223524466467 0 0 0 0 0 0 0 0 0 0 
0 0 0 0 0 0 0 0 0 0 0 0 0 0 0 0.129032167400704 0.174384737139833 0.220836336046566 0.264512403739173 0.301966205404137 0.330515821523994 0.348332566942387 0.354381957135243 0.375151121715154 0.474104756668249 0.568987735338826 0.654341628001101 0.726827706033418 0.785191529141158 0.82979072874981 0.861949311456039 0.883336327614971 0.895472829736457 0.899396384789191 0.895472829736457 0.883336327614971 0.861949311456039 0.82979072874981 0.785191529141158 0.726827706033418 0.654341628001101 0.568987735338826 0.474104756668249 0.375151121715154 0.279078188626429 0.330515821523994 0.464700712742793 0.599341703750742 0.720628906228449 0.819525188934035 0.892822829742286 0.942152063951673 0.972056081486504 0.988097006136808 0.995475581489367 0.998230206735349 0.998866971195051 0.998230206735349 0.995475581489367 0.988097006136808 0.972056081486504 0.942152063951673 0.892822829742286 0.819525188934035 0.720628906228449 0.599341703750742 0.464700712742793 0.330515821523994 0.211824785804258 0.228761815026476 0.290183565392887 0.351782706489923 0.410217823497029 0.462745398320155 0.507375641403699 0.542840976714897 0.56844692998418 0.583879880290187 0.589031570730014 0.583879880290187 0.56844692998418 0.542840976714897 0.507375641403699 0.462745398320155 0.410217823497029 0.351782706489923 0.290183565392887 0.228761815026476 0.171081827656088 0.120379986521733 0 0 0 0 0 0 0 0 0 0 0 
0 0 0 0 0 0 0 0 0 0 0 0 0 0 0 0 0.100692484575402 0.132168997898845 0.163021388703181 0.190399311582767 0.211824785804258 0.225436948126087 0.230100793631598 0.304902286465511 0.395148915389532 0.485032337719083 0.568987735338826 0.642998044918572 0.704827540960449 0.753796605759244 0.790305353375862 0.815297561312005 0.82979072874981 0.834531383832544 0.82979072874981 0.815297561312005 0.790305353375862 0.753796605759244 0.704827540960449 0.642998044918572 0.568987735338826 0.485032337719083 0.395148915389532 0.304902286465511 0.220595950308704 0.301966205404137 0.4309247939071 0.563312339004762 0.685516059264436 0.78792343075865 0.866337904026611 0.921356957472602 0.956682192461664 0.977304662219488 0.988097006136808 0.992939597787242 0.994277227520972 0.992939597787242 0.988097006136808 0.977304662219488 0.956682192461664 0.921356957472602 0.866337904026611 0.78792343075865 0.685516059264436 0.563312339004762 0.4309247939071 0.301966205404137 0.190399311582767 0.160396673849307 0.209296475736806 0.260133618342505 0.30997382981019 0.356120302220687 0.396354664594577 0.429024736817683 0.453012932125387 0.467639043476522 0.472550273284979 0.467639043476522 0.453012932125387 0.429024736817683 0.396354664594577 0.356120302220687 0.30997382981019 0.260133618342505 0.209296475736806 0.160396673849307 0.116223524466467 0 0 0 0 0 0 0 0 0 0 0 0 
0 0 0 0 0 0 0 0 0 0 0 0 0 0 0 0 0 0 0 0.105932590152189 0.119959298492964 0.129032167400704 0.16497520084146 0.235329104562611 0.313809012198177 0.395148915389532 0.474104756668249 0.546333955216652 0.608841665714828 0.660000800008478 0.699277924895135 0.726827706033418 0.743087867008543 0.748456135621549 0.743087867008543 0.726827706033418 0.699277924895135 0.660000800008478 0.608841665714828 0.546333955216652 0.474104756668249 0.395148915389532 0.313809012198177 0.235329104562611 0.16497520084146 0.264512403739173 0.385421610472514 0.513415663919192 0.635420390446752 0.741292464496538 0.825644960902086 0.88771340782359 0.930014636571424 0.956682192461664 0.972056081486504 0.979731293265429 0.982024778087707 0.979731293265429 0.972056081486504 0.956682192461664 0.930014636571424 0.88771340782359 0.825644960902086 0.741292464496538 0.635420390446752 0.513415663919192 0.385421610472514 0.264512403739173 0.163021388703181 0.104414232687483 0.140498318567113 0.179424017477813 0.218884003289759 0.25651965189691 0.290183565392887 0.31810179371863 0.338937284468122 0.351782706489923 0.356120302220687 0.351782706489923 0.338937284468122 0.31810179371863 0.290183565392887 0.25651965189691 0.218884003289759 0.179424017477813 0.140498318567113 0.104414232687483 0 0 0 0 0 0 0 0 0 0 0 0 0 
0 0 0 0 0 0 0 0 0 0 0 0 0 0 0 0 0 0 0 0 0 0 0.115684923412261 0.170937996594823 0.235329104562611 0.304902286465511 0.375151121715154 0.441839534964326 0.501565414362398 0.551984532544251 0.591744034005843 0.620239698800861 0.637315772149669 0.642998044918572 0.637315772149669 0.620239698800861 0.591744034005843 0.551984532544251 0.501565414362398 0.441839534964326 0.375151121715154 0.304902286465511 0.235329104562611 0.170937996594823 0.132168997898845 0.220836336046566 0.330515821523994 0.451075486675191 0.570502297635273 0.678413050833265 0.768242837728334 0.837665753786066 0.88771340782359 0.921356957472602 0.942152063951673 0.953231386473442 0.956682192461664 0.953231386473442 0.942152063951673 0.921356957472602 0.88771340782359 0.837665753786066 0.768242837728334 0.678413050833265 0.570502297635273 0.451075486675191 0.330515821523994 0.220836336046566 0.132168997898845 0 0 0.114187040522402 0.142880037199683 0.171081827656088 0.196963691966266 0.218884003289759 0.235508295282422 0.245869537322945 0.249387546707287 0.245869537322945 0.235508295282422 0.218884003289759 0.196963691966266 0.171081827656088 0.142880037199683 0.114187040522402 0 0 0 0 0 0 0 0 0 0 0 0 0 0 0 
0 0 0 0 0 0 0 0 0 0 0 0 0 0 0 0 0 0 0 0 0 0 0 0.115684923412261 0.16497520084146 0.220595950308704 0.279078188626429 0.336709967050833 0.390103363731369 0.436544676604533 0.474104756668249 0.501565414362398 0.518249923508899 0.523841320028272 0.518249923508899 0.501565414362398 0.474104756668249 0.436544676604533 0.390103363731369 0.336709967050833 0.279078188626429 0.220595950308704 0.16497520084146 0.115684923412261 0.100692484575402 0.174384737139833 0.269678742919249 0.379110887283382 0.492360316662318 0.599341703750742 0.692595282575667 0.768242837728334 0.825644960902086 0.866337904026611 0.892822829742286 0.907556242773421 0.912262624816315 0.907556242773421 0.892822829742286 0.866337904026611 0.825644960902086 0.768242837728334 0.692595282575667 0.599341703750742 0.492360316662318 0.379110887283382 0.269678742919249 0.174384737139833 0.100692484575402 0 0 0 0 0.104414232687483 0.122500346009132 0.138146313254769 0.15020501740057 0.157802808411957 0.160396673849307 0.157802808411957 0.15020501740057 0.138146313254769 0.122500346009132 0.104414232687483 0 0 0 0 0 0 0 0 0 0 0 0 0 0 0 0 0 
0 0 0 0 0 0 0 0 0 0 0 0 0 0 0 0 0 0 0 0 0 0 0 0 0.106920594631704 0.147992000292804 0.193019032456538 0.239110844796065 0.283287615124852 0.32286183457838 0.355662416861082 0.380103984919807 0.395148915389532 0.400224375161453 0.395148915389532 0.380103984919807 0.355662416861082 0.32286183457838 0.283287615124852 0.239110844796065 0.193019032456538 0.147992000292804 0.106920594631704 0 0 0.129032167400704 0.207413768509558 0.301966205404137 0.404646899200858 0.506370776476777 0.599341703750742 0.678413050833265 0.741292464496538 0.78792343075865 0.819525188934035 0.837665753786066 0.843562292621571 0.837665753786066 0.819525188934035 0.78792343075865 0.741292464496538 0.678413050833265 0.599341703750742 0.506370776476777 0.404646899200858 0.301966205404137 0.207413768509558 0.129032167400704 0 0 0 0 0 0 0 0 0 0 0 0 0 0 0 0 0 0 0 0 0 0 0 0 0 0 0 0 0 0 0 0 0 
0 0 0 0 0 0 0 0 0 0 0 0 0 0 0 0 0 0 0 0 0 0 0 0 0 0 0.122612727168629 0.15631514733855 0.189748279998623 0.220595950308704 0.246792218905345 0.2666801364936 0.279078188626429 0.283287615124852 0.279078188626429 0.2666801364936 0.246792218905345 0.220595950308704 0.189748279998623 0.15631514733855 0.122612727168629 0 0 0 0 0 0.148718319959564 0.225436948126087 0.313210661355389 0.404646899200858 0.492360316662318 0.570502297635273 0.635420390446752 0.685516059264436 0.720628906228449 0.741292464496538 0.748099103226458 0.741292464496538 0.720628906228449 0.685516059264436 0.635420390446752 0.570502297635273 0.492360316662318 0.404646899200858 0.313210661355389 0.225436948126087 0.148718319959564 0 0 0 0 0 0 0 0 0 0 0 0 0 0 0 0 0 0 0 0 0 0 0 0 0 0 0 0 0 0 0 0 0 0 
0 0 0 0 0 0 0 0 0 0 0 0 0 0 0 0 0 0 0 0 0 0 0 0 0 0 0 0 0.115684923412261 0.137409722277032 0.15631514733855 0.170937996594823 0.180169320275932 0.183323525569634 0.180169320275932 0.170937996594823 0.15631514733855 0.137409722277032 0.115684923412261 0 0 0 0 0 0 0 0 0.155749842549783 0.225436948126087 0.301966205404137 0.379110887283382 0.451075486675191 0.513415663919192 0.563312339004762 0.599341703750742 0.620999310052938 0.628212978004615 0.620999310052938 0.599341703750742 0.563312339004762 0.513415663919192 0.451075486675191 0.379110887283382 0.301966205404137 0.225436948126087 0.155749842549783 0 0 0 0 0 0 0 0 0 0 0 0 0 0 0 0 0 0 0 0 0 0 0 0 0 0 0 0 0 0 0 0 0 0 0 
0 0 0 0 0 0 0 0 0 0 0 0 0 0 0 0 0 0 0 0 0 0 0 0 0 0 0 0 0 0 0 0 0.104812147829233 0.106920594631704 0.104812147829233 0 0 0 0 0 0 0 0 0 0 0 0 0 0.148718319959564 0.207413768509558 0.269678742919249 0.330515821523994 0.385421610472514 0.4309247939071 0.464700712742793 0.48539794290909 0.492360316662318 0.48539794290909 0.464700712742793 0.4309247939071 0.385421610472514 0.330515821523994 0.269678742919249 0.207413768509558 0.148718319959564 0 0 0 0 0 0 0 0 0 0 0 0 0 0 0 0 0 0 0 0 0 0 0 0 0 0 0 0 0 0 0 0 0 0 0 0 
0 0 0 0 0 0 0 0 0 0 0 0 0 0 0 0 0 0 0 0 0 0 0 0 0 0 0 0 0 0 0 0 0 0 0 0 0 0 0 0 0 0 0 0 0 0 0 0 0 0.129032167400704 0.174384737139833 0.220836336046566 0.264512403739173 0.301966205404137 0.330515821523994 0.348332566942387 0.354381957135243 0.348332566942387 0.330515821523994 0.301966205404137 0.264512403739173 0.220836336046566 0.174384737139833 0.129032167400704 0 0 0 0 0 0 0 0 0 0 0 0 0 0 0 0 0 0 0 0 0 0 0 0 0 0 0 0 0 0 0 0 0 0 0 0 0 
0 0 0 0 0 0 0 0 0 0 0 0 0 0 0 0 0 0 0 0 0 0 0 0 0 0 0 0 0 0 0 0 0 0 0 0 0 0 0 0 0 0 0 0 0 0 0 0 0 0 0.100692484575402 0.132168997898845 0.163021388703181 0.190399311582767 0.211824785804258 0.225436948126087 0.230100793631598 0.225436948126087 0.211824785804258 0.190399311582767 0.163021388703181 0.132168997898845 0.100692484575402 0 0 0 0 0 0 0 0 0 0 0 0 0 0 0 0 0 0 0 0 0 0 0 0 0 0 0 0 0 0 0 0 0 0 0 0 0 0 
0 0 0 0 0 0 0 0 0 0 0 0 0 0 0 0 0 0 0 0 0 0 0 0 0 0 0 0 0 0 0 0 0 0 0 0 0 0 0 0 0 0 0 0 0 0 0 0 0 0 0 0 0 0.105932590152189 0.119959298492964 0.129032167400704 0.132168997898845 0.129032167400704 0.119959298492964 0.105932590152189 0 0 0 0 0 0 0 0 0 0 0 0 0 0 0 0 0 0 0 0 0 0 0 0 0 0 0 0 0 0 0 0 0 0 0 0 0 0 0 0 0 
0 0 0 0 0 0 0 0 0 0 0 0 0 0 0 0 0 0 0 0 0 0 0 0 0 0 0 0 0 0 0 0 0 0 0 0 0 0 0 0 0 0 0 0 0 0 0 0 0 0 0 0 0 0 0 0 0 0 0 0 0 0 0 0 0 0 0 0 0 0 0 0 0 0 0 0 0 0 0 0 0 0 0 0 0 0 0 0 0 0 0 0 0 0 0 0 0 0 0 0 0 
0 0 0 0 0 0 0 0 0 0 0 0 0 0 0 0 0 0 0 0 0 0 0 0 0 0 0 0 0 0 0 0 0 0 0 0 0 0 0 0 0 0 0 0 0 0 0 0 0 0 0 0 0 0 0 0 0 0 0 0 0 0 0 0 0 0 0 0 0 0 0 0 0 0 0 0 0 0 0 0 0 0 0 0 0 0 0 0 0 0 0 0 0 0 0 0 0 0 0 0 0 
0 0 0 0 0 0 0 0 0 0 0 0 0 0 0 0 0 0 0 0 0 0 0 0 0 0 0 0 0 0 0 0 0 0 0 0 0 0 0 0 0 0 0 0 0 0 0 0 0 0 0 0 0 0 0 0 0 0 0 0 0 0 0 0 0 0 0 0 0 0 0 0 0 0 0 0 0 0 0 0 0 0 0 0 0 0 0 0 0 0 0 0 0 0 0 0 0 0 0 0 0 
0 0 0 0 0 0 0 0 0 0 0 0 0 0 0 0 0 0 0 0 0 0 0 0 0 0 0 0 0 0 0 0 0 0 0 0 0 0 0 0 0 0 0 0 0 0 0 0 0 0 0 0 0 0 0 0 0 0 0 0 0 0 0 0 0 0 0 0 0 0 0 0 0 0 0 0 0 0 0 0 0 0 0 0 0 0 0 0 0 0 0 0 0 0 0 0 0 0 0 0 0 
0 0 0 0 0 0 0 0 0 0 0 0 0 0 0 0 0 0 0 0 0 0 0 0 0 0 0 0 0 0 0 0 0 0 0 0 0 0 0 0 0 0 0 0 0 0 0 0 0 0 0 0 0 0 0 0 0 0 0 0 0 0 0 0 0 0 0 0 0 0 0 0 0 0 0 0 0 0 0 0 0 0 0 0 0 0 0 0 0 0 0 0 0 0 0 0 0 0 0 0 0 
0 0 0 0 0 0 0 0 0 0 0 0 0 0 0 0 0 0 0 0 0 0 0 0 0 0 0 0 0 0 0 0 0 0 0 0 0 0 0 0 0 0 0 0 0 0 0 0 0 0 0 0 0 0 0 0 0 0 0 0 0 0 0 0 0 0 0 0 0 0 0 0 0 0 0 0 0 0 0 0 0 0 0 0 0 0 0 0 0 0 0 0 0 0 0 0 0 0 0 0 0 
