82.09339473 58.45297913
82.09339473 63.45297913
82.09339473 68.45297913
82.09339473 73.45297913
82.09339473 78.45297913
77.09339473 83.45297913
77.09339473 88.45297913
72.09339473 88.45297913
67.09339473 93.45297913
62.09339473 93.45297913
57.09339473 93.45297913
52.09339473 93.45297913
47.09339473 98.45297913
42.09339473 98.45297913
37.09339473 98.45297913
32.09339473 98.45297913
27.09339473 93.45297913
22.09339473 88.45297913
22.09339473 83.45297913
22.09339473 78.45297913
22.09339473 73.45297913
22.09339473 68.45297913
22.09339473 63.45297913
22.09339473 58.45297913
27.09339473 53.45297913
27.46029903 48.3448209
