83.17270511 86.91821712
78.17270511 86.91821712
73.17270511 86.91821712
68.17270511 86.91821712
63.17270511 86.91821712
58.17270511 81.91821712
53.17270511 76.91821712
48.17270511 71.91821712
48.17270511 66.91821712
48.17270511 61.91821712
48.17270511 56.91821712
48.17270511 51.91821712
48.17270511 46.91821712
48.17270511 41.91821712
48.17270511 36.91821712
48.17270511 31.91821712
43.17270511 26.91821712
38.17270511 26.91821712
33.17270511 26.91821712
28.17270511 26.91821712
22.07672821 27.40285179
