34.69547622 6.07102332
34.69547622 11.07102332
34.69547622 16.07102332
34.69547622 21.07102332
34.69547622 26.07102332
34.69547622 31.07102332
34.69547622 36.07102332
34.69547622 41.07102332
34.69547622 46.07102332
39.69547622 51.07102332
39.69547622 56.07102332
44.69547622 61.07102332
49.69547622 66.07102332
54.69547622 66.07102332
59.69547622 71.07102332
64.69547622 71.07102332
69.69547622 76.07102332
74.69547622 76.07102332
79.69547622 76.07102332
84.69547622 81.07102332
89.69547622 81.07102332
91.60291366 83.95755942
