8.95031305 97.39373666
3.95031305 92.39373666
3.95031305 87.39373666
3.95031305 82.39373666
8.95031305 77.39373666
13.95031305 72.39373666
18.95031305 67.39373666
23.95031305 67.39373666
28.95031305 67.39373666
33.95031305 67.39373666
38.95031305 67.39373666
43.95031305 67.39373666
48.95031305 67.39373666
53.95031305 67.39373666
58.95031305 72.39373666
63.95031305 72.39373666
68.95031305 72.39373666
73.95031305 72.39373666
78.95031305 72.39373666
83.95031305 77.39373666
88.95031305 77.39373666
93.95031305 82.39373666
98.40394356 83.62824409
