2.35823118 96.27893688
7.35823118 91.27893688
12.35823118 86.27893688
17.35823118 81.27893688
22.35823118 76.27893688
27.35823118 71.27893688
32.35823118 66.27893688
37.35823118 61.27893688
42.35823118 56.27893688
47.35823118 51.27893688
52.35823118 46.27893688
57.35823118 41.27893688
62.35823118 36.27893688
67.35823118 36.27893688
72.35823118 36.27893688
77.35823118 31.27893688
82.35823118 26.27893688
87.35823118 21.27893688
92.35823118 16.27893688
92.35823118 11.27893688
97.35823118 6.27893688
99.59212565 0.01941635
