86.65327378 41.73969656
81.65327378 41.73969656
76.65327378 41.73969656
71.65327378 41.73969656
66.65327378 41.73969656
61.65327378 41.73969656
56.65327378 41.73969656
51.65327378 41.73969656
46.65327378 41.73969656
41.65327378 41.73969656
36.65327378 46.73969656
31.65327378 46.73969656
26.65327378 51.73969656
21.65327378 46.73969656
16.65327378 46.73969656
11.65327378 41.73969656
11.65327378 36.73969656
6.65327378 31.73969656
6.65327378 26.73969656
6.65327378 21.73969656
1.65327378 16.73969656
0.54355343 13.45870407
