42.73148358 2.14433442
42.73148358 7.14433442
42.73148358 12.14433442
42.73148358 17.14433442
47.73148358 22.14433442
52.73148358 27.14433442
57.73148358 32.14433442
62.73148358 37.14433442
67.73148358 42.14433442
72.73148358 42.14433442
77.73148358 47.14433442
82.73148358 47.14433442
87.73148358 52.14433442
92.73148358 57.14433442
92.73148358 62.14433442
92.73148358 67.14433442
92.73148358 72.14433442
92.73148358 77.14433442
92.73148358 82.14433442
92.73148358 87.14433442
97.73148358 92.14433442
99.31209292 98.66144969
