44.44692547 97.37274209
49.44692547 97.37274209
54.44692547 97.37274209
59.44692547 97.37274209
64.44692547 92.37274209
69.44692547 92.37274209
74.44692547 87.37274209
74.44692547 82.37274209
79.44692547 77.37274209
79.44692547 72.37274209
79.44692547 67.37274209
79.44692547 62.37274209
79.44692547 57.37274209
79.44692547 52.37274209
74.44692547 47.37274209
74.44692547 42.37274209
74.44692547 37.37274209
74.44692547 32.37274209
74.44692547 27.37274209
74.44692547 22.37274209
74.44692547 17.37274209
74.44692547 12.37274209
74.44692547 7.37274209
73.78663159 4.65838677
