90.79324561 87.35766289
85.79324561 82.35766289
80.79324561 82.35766289
75.79324561 82.35766289
70.79324561 82.35766289
65.79324561 82.35766289
60.79324561 82.35766289
55.79324561 82.35766289
50.79324561 77.35766289
45.79324561 72.35766289
40.79324561 67.35766289
35.79324561 62.35766289
30.79324561 57.35766289
25.79324561 52.35766289
20.79324561 52.35766289
15.79324561 52.35766289
10.79324561 52.35766289
5.79324561 52.35766289
0.79324561 57.35766289
0.79324561 62.35766289
0.79324561 67.35766289
0.79324561 72.35766289
5.79324561 77.35766289
7.89101264 80.49376322
