3.89801595 31.72560839
3.89801595 36.72560839
3.89801595 41.72560839
3.89801595 46.72560839
8.89801595 51.72560839
13.89801595 56.72560839
18.89801595 56.72560839
23.89801595 56.72560839
28.89801595 56.72560839
33.89801595 56.72560839
38.89801595 56.72560839
43.89801595 56.72560839
48.89801595 56.72560839
53.89801595 56.72560839
58.89801595 56.72560839
63.89801595 56.72560839
68.89801595 56.72560839
73.89801595 56.72560839
78.89801595 56.72560839
83.89801595 56.72560839
88.89801595 56.72560839
95.84426894 56.81942806
