21.23400202 94.10749511
26.23400202 99.10749511
31.23400202 99.10749511
36.23400202 99.10749511
41.23400202 99.10749511
46.23400202 94.10749511
46.23400202 89.10749511
51.23400202 84.10749511
51.23400202 79.10749511
56.23400202 74.10749511
56.23400202 69.10749511
61.23400202 64.10749511
61.23400202 59.10749511
66.23400202 54.10749511
66.23400202 49.10749511
71.23400202 44.10749511
71.23400202 39.10749511
71.23400202 34.10749511
71.23400202 29.10749511
76.23400202 24.10749511
81.23400202 19.10749511
81.23400202 14.10749511
86.23400202 9.10749511
86.14900815 6.70812237
