15.75415424 16.66920447
15.75415424 21.66920447
15.75415424 26.66920447
15.75415424 31.66920447
15.75415424 36.66920447
15.75415424 41.66920447
20.75415424 46.66920447
25.75415424 51.66920447
30.75415424 56.66920447
35.75415424 61.66920447
40.75415424 66.66920447
45.75415424 71.66920447
45.75415424 76.66920447
45.75415424 81.66920447
45.75415424 86.66920447
40.75415424 91.66920447
35.75415424 96.66920447
30.75415424 96.66920447
25.75415424 96.66920447
20.75415424 96.66920447
15.75415424 91.66920447
12.03088025 92.10442579
