7.94282928 82.9896036
7.94282928 77.9896036
7.94282928 72.9896036
7.94282928 67.9896036
7.94282928 62.9896036
7.94282928 57.9896036
7.94282928 52.9896036
7.94282928 47.9896036
7.94282928 42.9896036
7.94282928 37.9896036
12.94282928 32.9896036
17.94282928 32.9896036
22.94282928 32.9896036
27.94282928 32.9896036
32.94282928 32.9896036
37.94282928 37.9896036
42.94282928 42.9896036
47.94282928 47.9896036
52.94282928 52.9896036
57.94282928 57.9896036
62.94282928 57.9896036
67.94282928 57.9896036
72.94282928 62.9896036
77.94282928 62.9896036
82.94282928 67.9896036
88.50732091 69.68426377
