96.1572702 87.31373241
91.1572702 82.31373241
86.1572702 77.31373241
81.1572702 72.31373241
76.1572702 67.31373241
76.1572702 62.31373241
71.1572702 57.31373241
71.1572702 52.31373241
71.1572702 47.31373241
71.1572702 42.31373241
66.1572702 37.31373241
61.1572702 32.31373241
56.1572702 32.31373241
51.1572702 27.31373241
46.1572702 22.31373241
41.1572702 17.31373241
36.1572702 12.31373241
31.1572702 12.31373241
26.1572702 12.31373241
21.1572702 12.31373241
16.1572702 12.31373241
11.1572702 12.31373241
6.1572702 7.31373241
3.46211093 8.12858986
