19.55242293 6.53535747
24.55242293 1.53535747
29.55242293 1.53535747
34.55242293 1.53535747
39.55242293 1.53535747
44.55242293 6.53535747
49.55242293 11.53535747
54.55242293 16.53535747
54.55242293 21.53535747
59.55242293 26.53535747
59.55242293 31.53535747
64.55242293 36.53535747
64.55242293 41.53535747
69.55242293 46.53535747
69.55242293 51.53535747
74.55242293 56.53535747
74.55242293 61.53535747
74.55242293 66.53535747
79.55242293 71.53535747
84.55242293 76.53535747
84.55242293 81.53535747
84.55242293 86.53535747
89.55242293 91.53535747
90.06165415 95.03205898
