89.84852191 58.50621968
84.84852191 63.50621968
79.84852191 68.50621968
74.84852191 73.50621968
74.84852191 78.50621968
74.84852191 83.50621968
69.84852191 88.50621968
64.84852191 93.50621968
59.84852191 93.50621968
54.84852191 93.50621968
49.84852191 93.50621968
44.84852191 93.50621968
39.84852191 98.50621968
34.84852191 98.50621968
29.84852191 98.50621968
24.84852191 98.50621968
19.84852191 98.50621968
14.84852191 93.50621968
9.84852191 93.50621968
7.27213598 91.01512534
