84.90205625 37.68929552
79.90205625 37.68929552
74.90205625 37.68929552
69.90205625 37.68929552
64.90205625 32.68929552
59.90205625 27.68929552
54.90205625 27.68929552
49.90205625 32.68929552
44.90205625 32.68929552
39.90205625 32.68929552
34.90205625 32.68929552
29.90205625 32.68929552
24.90205625 32.68929552
19.90205625 37.68929552
19.90205625 42.68929552
14.90205625 47.68929552
14.90205625 52.68929552
14.90205625 57.68929552
14.90205625 62.68929552
14.90205625 67.68929552
14.90205625 72.68929552
14.90205625 77.68929552
14.90205625 82.68929552
9.90205625 87.68929552
9.72994939 91.62677861
