45.36434787 5.8227845
50.36434787 5.8227845
55.36434787 10.8227845
60.36434787 15.8227845
60.36434787 20.8227845
60.36434787 25.8227845
60.36434787 30.8227845
60.36434787 35.8227845
60.36434787 40.8227845
60.36434787 45.8227845
60.36434787 50.8227845
60.36434787 55.8227845
60.36434787 60.8227845
60.36434787 65.8227845
60.36434787 70.8227845
60.36434787 75.8227845
60.36434787 80.8227845
65.36434787 85.8227845
70.36434787 90.8227845
75.36434787 90.8227845
80.36434787 90.8227845
85.36434787 85.8227845
90.36434787 80.8227845
95.36434787 75.8227845
97.76594029 75.7866626
