2.94144605 2.63978965
2.94144605 7.63978965
2.94144605 12.63978965
7.94144605 17.63978965
12.94144605 22.63978965
12.94144605 27.63978965
12.94144605 32.63978965
12.94144605 37.63978965
12.94144605 42.63978965
12.94144605 47.63978965
12.94144605 52.63978965
17.94144605 57.63978965
22.94144605 62.63978965
27.94144605 67.63978965
32.94144605 67.63978965
37.94144605 67.63978965
42.94144605 67.63978965
47.94144605 67.63978965
52.94144605 67.63978965
57.94144605 67.63978965
62.94144605 67.63978965
67.94144605 67.63978965
72.94144605 62.63978965
77.68550114 61.98080297
