99.07132788 88.56720994
94.07132788 83.56720994
94.07132788 78.56720994
94.07132788 73.56720994
94.07132788 68.56720994
94.07132788 63.56720994
94.07132788 58.56720994
89.07132788 53.56720994
84.07132788 48.56720994
79.07132788 43.56720994
74.07132788 38.56720994
69.07132788 33.56720994
64.07132788 33.56720994
59.07132788 33.56720994
54.07132788 28.56720994
49.07132788 28.56720994
44.07132788 23.56720994
39.07132788 23.56720994
34.07132788 18.56720994
29.07132788 18.56720994
24.07132788 13.56720994
19.07132788 13.56720994
14.07132788 8.56720994
9.07132788 8.56720994
3.32630635 5.97984647
