99.67051269 0.33209976
94.67051269 5.33209976
94.67051269 10.33209976
94.67051269 15.33209976
89.67051269 20.33209976
84.67051269 25.33209976
79.67051269 30.33209976
74.67051269 35.33209976
69.67051269 40.33209976
64.67051269 45.33209976
59.67051269 50.33209976
54.67051269 55.33209976
49.67051269 60.33209976
44.67051269 60.33209976
39.67051269 65.33209976
34.67051269 65.33209976
29.67051269 70.33209976
24.67051269 70.33209976
19.67051269 70.33209976
14.67051269 75.33209976
9.67051269 75.33209976
4.67051269 80.33209976
0.50462871 81.22471598
