87.91408315 18.4813399
87.91408315 13.4813399
82.91408315 8.4813399
77.91408315 8.4813399
72.91408315 3.4813399
67.91408315 3.4813399
62.91408315 8.4813399
57.91408315 13.4813399
52.91408315 18.4813399
52.91408315 23.4813399
52.91408315 28.4813399
52.91408315 33.4813399
52.91408315 38.4813399
52.91408315 43.4813399
57.91408315 48.4813399
57.91408315 53.4813399
62.91408315 58.4813399
62.91408315 63.4813399
62.91408315 68.4813399
67.91408315 73.4813399
67.91408315 78.4813399
72.91408315 83.4813399
72.91408315 88.4813399
72.91408315 93.4813399
77.91408315 98.4813399
78.48062668 97.90896922
