83.72133779 6.66191019
78.72133779 11.66191019
78.72133779 16.66191019
78.72133779 21.66191019
73.72133779 26.66191019
68.72133779 31.66191019
63.72133779 36.66191019
58.72133779 41.66191019
53.72133779 46.66191019
48.72133779 51.66191019
43.72133779 56.66191019
38.72133779 56.66191019
33.72133779 56.66191019
28.72133779 56.66191019
23.72133779 56.66191019
18.72133779 61.66191019
13.72133779 66.66191019
13.72133779 71.66191019
13.72133779 76.66191019
13.72133779 81.66191019
13.72133779 86.66191019
13.72133779 91.66191019
8.72133779 96.66191019
8.13667975 99.82461943
