37.52788549 98.03249002
37.52788549 93.03249002
37.52788549 88.03249002
37.52788549 83.03249002
37.52788549 78.03249002
37.52788549 73.03249002
42.52788549 68.03249002
42.52788549 63.03249002
47.52788549 58.03249002
52.52788549 53.03249002
57.52788549 48.03249002
57.52788549 43.03249002
52.52788549 38.03249002
52.52788549 33.03249002
47.52788549 28.03249002
42.52788549 23.03249002
37.52788549 23.03249002
32.52788549 18.03249002
27.52788549 18.03249002
22.52788549 18.03249002
17.52788549 13.03249002
12.52788549 13.03249002
7.52788549 8.03249002
2.45915852 6.62039877
