93.23339211 10.75862181
93.23339211 15.75862181
88.23339211 20.75862181
88.23339211 25.75862181
88.23339211 30.75862181
88.23339211 35.75862181
88.23339211 40.75862181
88.23339211 45.75862181
88.23339211 50.75862181
88.23339211 55.75862181
88.23339211 60.75862181
83.23339211 65.75862181
78.23339211 70.75862181
73.23339211 70.75862181
68.23339211 70.75862181
63.23339211 70.75862181
58.23339211 75.75862181
53.23339211 75.75862181
48.23339211 75.75862181
43.23339211 80.75862181
38.23339211 85.75862181
33.23339211 85.75862181
28.23339211 90.75862181
23.23339211 90.75862181
18.23339211 95.75862181
13.23339211 95.75862181
7.00348826 98.82524987
