14.71497231 1.2877774
14.71497231 6.2877774
14.71497231 11.2877774
19.71497231 16.2877774
19.71497231 21.2877774
24.71497231 26.2877774
29.71497231 31.2877774
34.71497231 36.2877774
39.71497231 41.2877774
44.71497231 46.2877774
49.71497231 51.2877774
54.71497231 56.2877774
59.71497231 56.2877774
64.71497231 56.2877774
69.71497231 61.2877774
74.71497231 66.2877774
79.71497231 71.2877774
79.71497231 76.2877774
84.71497231 81.2877774
89.71497231 86.2877774
90.2068655 91.99067023
