78.03948167 26.23333164
73.03948167 26.23333164
68.03948167 26.23333164
63.03948167 26.23333164
58.03948167 26.23333164
53.03948167 31.23333164
48.03948167 36.23333164
43.03948167 41.23333164
38.03948167 41.23333164
33.03948167 41.23333164
28.03948167 46.23333164
23.03948167 51.23333164
23.03948167 56.23333164
23.03948167 61.23333164
23.03948167 66.23333164
23.03948167 71.23333164
23.03948167 76.23333164
23.03948167 81.23333164
28.03948167 86.23333164
28.03948167 91.23333164
31.07717407 93.37324174
