9.54750674 10.4104356
9.54750674 15.4104356
9.54750674 20.4104356
4.54750674 25.4104356
4.54750674 30.4104356
4.54750674 35.4104356
4.54750674 40.4104356
9.54750674 45.4104356
14.54750674 50.4104356
19.54750674 55.4104356
24.54750674 60.4104356
29.54750674 65.4104356
34.54750674 70.4104356
39.54750674 75.4104356
44.54750674 80.4104356
49.54750674 80.4104356
54.54750674 80.4104356
59.54750674 80.4104356
64.54750674 80.4104356
69.54750674 80.4104356
74.54750674 80.4104356
79.54750674 80.4104356
84.54750674 80.4104356
86.29967556 77.49252803
