1.41371852 1.54759302
6.41371852 6.54759302
11.41371852 11.54759302
16.41371852 16.54759302
21.41371852 21.54759302
21.41371852 26.54759302
21.41371852 31.54759302
21.41371852 36.54759302
21.41371852 41.54759302
21.41371852 46.54759302
21.41371852 51.54759302
21.41371852 56.54759302
26.41371852 61.54759302
31.41371852 61.54759302
36.41371852 66.54759302
41.41371852 66.54759302
46.41371852 66.54759302
51.41371852 66.54759302
56.41371852 71.54759302
61.41371852 76.54759302
66.41371852 81.54759302
71.41371852 81.54759302
76.41371852 81.54759302
81.41371852 81.54759302
86.41371852 81.54759302
89.38126848 84.71607249
