0.1973643 7.11906455
0.1973643 12.11906455
0.1973643 17.11906455
5.1973643 22.11906455
10.1973643 27.11906455
15.1973643 32.11906455
20.1973643 37.11906455
25.1973643 42.11906455
25.1973643 47.11906455
25.1973643 52.11906455
25.1973643 57.11906455
30.1973643 62.11906455
35.1973643 62.11906455
40.1973643 67.11906455
45.1973643 72.11906455
50.1973643 77.11906455
55.1973643 82.11906455
60.1973643 87.11906455
65.1973643 87.11906455
70.1973643 92.11906455
75.1973643 87.11906455
80.1973643 87.11906455
85.1973643 82.11906455
85.1973643 77.11906455
85.1973643 72.11906455
85.1973643 67.11906455
85.1973643 62.11906455
85.1973643 57.11906455
85.1973643 52.11906455
85.1973643 47.11906455
85.1973643 42.11906455
90.1973643 37.11906455
90.1973643 32.11906455
95.1973643 27.11906455
94.69066239 24.58482903
