85.48571299 21.62584151
80.48571299 26.62584151
80.48571299 31.62584151
80.48571299 36.62584151
80.48571299 41.62584151
80.48571299 46.62584151
80.48571299 51.62584151
80.48571299 56.62584151
80.48571299 61.62584151
80.48571299 66.62584151
80.48571299 71.62584151
75.48571299 76.62584151
70.48571299 76.62584151
65.48571299 81.62584151
60.48571299 81.62584151
55.48571299 81.62584151
50.48571299 81.62584151
45.48571299 81.62584151
40.48571299 81.62584151
35.48571299 81.62584151
30.48571299 81.62584151
25.48571299 86.62584151
20.48571299 86.62584151
15.33891634 89.00599125
