92.82734841 17.71659735
87.82734841 17.71659735
82.82734841 17.71659735
77.82734841 17.71659735
72.82734841 17.71659735
67.82734841 17.71659735
62.82734841 17.71659735
57.82734841 17.71659735
52.82734841 17.71659735
47.82734841 17.71659735
42.82734841 17.71659735
37.82734841 17.71659735
32.82734841 17.71659735
27.82734841 12.71659735
22.82734841 12.71659735
17.82734841 12.71659735
12.82734841 12.71659735
7.82734841 17.71659735
2.82734841 22.71659735
2.82734841 27.71659735
2.82734841 32.71659735
2.82734841 37.71659735
7.82734841 42.71659735
12.82734841 47.71659735
17.82734841 47.71659735
22.82734841 52.71659735
27.82734841 57.71659735
27.82734841 62.71659735
27.82734841 67.71659735
32.82734841 72.71659735
32.82734841 77.71659735
32.82734841 82.71659735
35.82161341 84.27553199
