89.36743987 23.7501951
84.36743987 23.7501951
79.36743987 23.7501951
74.36743987 23.7501951
69.36743987 23.7501951
64.36743987 28.7501951
59.36743987 28.7501951
54.36743987 33.7501951
49.36743987 33.7501951
44.36743987 33.7501951
39.36743987 38.7501951
34.36743987 38.7501951
29.36743987 38.7501951
24.36743987 38.7501951
19.36743987 38.7501951
14.36743987 38.7501951
9.36743987 38.7501951
4.36743987 43.7501951
4.36743987 48.7501951
4.36743987 53.7501951
0.29382175 55.98382684
