41.62328562 88.31052114
46.62328562 88.31052114
51.62328562 88.31052114
56.62328562 88.31052114
61.62328562 88.31052114
66.62328562 93.31052114
71.62328562 98.31052114
76.62328562 98.31052114
81.62328562 98.31052114
86.62328562 98.31052114
91.62328562 93.31052114
96.62328562 88.31052114
96.62328562 83.31052114
96.62328562 78.31052114
96.62328562 73.31052114
96.62328562 68.31052114
96.62328562 63.31052114
96.62328562 58.31052114
96.62328562 53.31052114
96.62328562 48.31052114
96.62328562 43.31052114
96.62328562 38.31052114
96.62328562 33.31052114
96.62328562 28.31052114
96.62328562 23.31052114
97.50165953 16.3279276
