97.21701192 5.42585813
97.21701192 10.42585813
92.21701192 15.42585813
87.21701192 20.42585813
82.21701192 20.42585813
77.21701192 20.42585813
72.21701192 20.42585813
67.21701192 20.42585813
62.21701192 20.42585813
57.21701192 20.42585813
52.21701192 20.42585813
47.21701192 20.42585813
42.21701192 20.42585813
37.21701192 20.42585813
32.21701192 20.42585813
27.21701192 20.42585813
22.21701192 25.42585813
17.21701192 25.42585813
12.21701192 30.42585813
7.21701192 30.42585813
1.99981104 33.40639525
