23.07477604 97.82646475
23.07477604 92.82646475
23.07477604 87.82646475
23.07477604 82.82646475
18.07477604 77.82646475
18.07477604 72.82646475
18.07477604 67.82646475
18.07477604 62.82646475
18.07477604 57.82646475
13.07477604 52.82646475
13.07477604 47.82646475
18.07477604 42.82646475
23.07477604 37.82646475
28.07477604 32.82646475
33.07477604 27.82646475
38.07477604 22.82646475
43.07477604 17.82646475
48.07477604 12.82646475
48.07477604 7.82646475
50.01449089 4.19168119
