2.16856939 69.977567
7.16856939 64.977567
12.16856939 64.977567
17.16856939 59.977567
22.16856939 59.977567
27.16856939 54.977567
32.16856939 49.977567
37.16856939 44.977567
42.16856939 44.977567
47.16856939 44.977567
52.16856939 44.977567
57.16856939 39.977567
62.16856939 39.977567
67.16856939 39.977567
72.16856939 34.977567
77.16856939 34.977567
82.16856939 34.977567
87.16856939 34.977567
92.16856939 29.977567
97.16856939 24.977567
96.45936522 24.48098549
