7.25877593 16.47311962
2.25877593 21.47311962
7.25877593 26.47311962
7.25877593 31.47311962
12.25877593 36.47311962
17.25877593 41.47311962
22.25877593 41.47311962
27.25877593 41.47311962
32.25877593 41.47311962
37.25877593 41.47311962
42.25877593 41.47311962
47.25877593 41.47311962
52.25877593 41.47311962
57.25877593 41.47311962
62.25877593 41.47311962
67.25877593 41.47311962
72.25877593 46.47311962
77.25877593 51.47311962
82.25877593 56.47311962
87.25877593 61.47311962
92.25877593 66.47311962
92.25877593 71.47311962
97.25877593 76.47311962
97.02055105 80.12501829
