94.89710587 32.62955823
89.89710587 37.62955823
84.89710587 42.62955823
79.89710587 47.62955823
74.89710587 52.62955823
69.89710587 57.62955823
69.89710587 62.62955823
64.89710587 67.62955823
59.89710587 67.62955823
54.89710587 67.62955823
49.89710587 72.62955823
44.89710587 72.62955823
39.89710587 77.62955823
34.89710587 77.62955823
29.89710587 82.62955823
24.89710587 82.62955823
19.89710587 87.62955823
14.89710587 87.62955823
9.89710587 87.62955823
4.89710587 92.62955823
0.86578224 94.34380899
