84.48836072 16.11970063
89.48836072 21.11970063
84.48836072 26.11970063
84.48836072 31.11970063
79.48836072 36.11970063
74.48836072 41.11970063
69.48836072 46.11970063
64.48836072 51.11970063
59.48836072 51.11970063
54.48836072 51.11970063
49.48836072 51.11970063
44.48836072 51.11970063
39.48836072 51.11970063
34.48836072 56.11970063
29.48836072 61.11970063
29.48836072 66.11970063
29.48836072 71.11970063
29.48836072 76.11970063
29.48836072 81.11970063
30.8087649 85.11614668
