16.35940248 97.08612775
21.35940248 92.08612775
26.35940248 92.08612775
31.35940248 92.08612775
36.35940248 92.08612775
41.35940248 87.08612775
46.35940248 82.08612775
46.35940248 77.08612775
46.35940248 72.08612775
46.35940248 67.08612775
41.35940248 62.08612775
36.35940248 57.08612775
31.35940248 52.08612775
31.35940248 47.08612775
26.35940248 42.08612775
21.35940248 37.08612775
16.35940248 32.08612775
11.35940248 27.08612775
6.35940248 22.08612775
6.35940248 17.08612775
1.35940248 12.08612775
0.56417533 7.74489832
