80.11697697 2.33368049
75.11697697 7.33368049
70.11697697 12.33368049
65.11697697 17.33368049
60.11697697 22.33368049
55.11697697 27.33368049
50.11697697 32.33368049
45.11697697 32.33368049
40.11697697 32.33368049
35.11697697 32.33368049
30.11697697 37.33368049
25.11697697 42.33368049
25.11697697 47.33368049
25.11697697 52.33368049
25.11697697 57.33368049
25.11697697 62.33368049
25.11697697 67.33368049
20.11697697 72.33368049
20.11697697 77.33368049
16.97554505 80.60044855
