8.82714242 14.53797264
13.82714242 19.53797264
18.82714242 24.53797264
23.82714242 29.53797264
28.82714242 29.53797264
33.82714242 29.53797264
38.82714242 29.53797264
43.82714242 29.53797264
48.82714242 34.53797264
53.82714242 34.53797264
58.82714242 39.53797264
63.82714242 44.53797264
68.82714242 49.53797264
73.82714242 49.53797264
78.82714242 49.53797264
83.82714242 54.53797264
88.82714242 59.53797264
88.82714242 64.53797264
88.82714242 69.53797264
88.82714242 74.53797264
83.82714242 79.53797264
78.82714242 84.53797264
73.82714242 84.53797264
68.82714242 84.53797264
63.82714242 84.53797264
58.82714242 84.53797264
53.82714242 84.53797264
50.06918975 84.87763493
