94.04408745 22.9801057
89.04408745 22.9801057
84.04408745 22.9801057
79.04408745 22.9801057
74.04408745 22.9801057
69.04408745 22.9801057
64.04408745 17.9801057
59.04408745 22.9801057
54.04408745 22.9801057
49.04408745 27.9801057
44.04408745 32.9801057
39.04408745 37.9801057
39.04408745 42.9801057
34.04408745 47.9801057
34.04408745 52.9801057
34.04408745 57.9801057
34.04408745 62.9801057
29.04408745 67.9801057
24.04408745 72.9801057
22.14100581 77.36562475
