99.71692781 92.12388838
94.71692781 87.12388838
89.71692781 82.12388838
84.71692781 77.12388838
79.71692781 72.12388838
74.71692781 67.12388838
69.71692781 62.12388838
64.71692781 57.12388838
64.71692781 52.12388838
64.71692781 47.12388838
59.71692781 42.12388838
54.71692781 37.12388838
49.71692781 32.12388838
44.71692781 32.12388838
39.71692781 32.12388838
34.71692781 32.12388838
29.71692781 32.12388838
24.71692781 32.12388838
19.71692781 32.12388838
14.71692781 27.12388838
14.71692781 22.12388838
9.71692781 17.12388838
9.71692781 12.12388838
14.71692781 7.12388838
17.11164956 0.58446289
