75.96798636 3.60933114
75.96798636 8.60933114
75.96798636 13.60933114
75.96798636 18.60933114
75.96798636 23.60933114
80.96798636 28.60933114
80.96798636 33.60933114
80.96798636 38.60933114
75.96798636 43.60933114
70.96798636 48.60933114
65.96798636 48.60933114
60.96798636 48.60933114
55.96798636 43.60933114
50.96798636 38.60933114
45.96798636 38.60933114
40.96798636 38.60933114
35.96798636 38.60933114
30.96798636 43.60933114
25.96798636 48.60933114
20.96798636 48.60933114
15.96798636 48.60933114
10.96798636 48.60933114
5.96798636 53.60933114
0.96798636 58.60933114
0.96798636 63.60933114
0.96798636 68.60933114
0.96798636 73.60933114
0.96798636 78.60933114
0.96798636 83.60933114
0.96798636 88.60933114
0.34951833 95.18320095
