57.68189647 26.26335752
57.68189647 31.26335752
57.68189647 36.26335752
57.68189647 41.26335752
57.68189647 46.26335752
57.68189647 51.26335752
57.68189647 56.26335752
57.68189647 61.26335752
57.68189647 66.26335752
57.68189647 71.26335752
57.68189647 76.26335752
57.68189647 81.26335752
52.68189647 86.26335752
47.68189647 91.26335752
42.68189647 91.26335752
37.68189647 91.26335752
32.68189647 91.26335752
27.68189647 91.26335752
22.68189647 91.26335752
17.36626314 92.63352849
