90.08751916 53.31790762
90.08751916 48.31790762
90.08751916 43.31790762
85.08751916 38.31790762
85.08751916 33.31790762
85.08751916 28.31790762
80.08751916 23.31790762
75.08751916 18.31790762
70.08751916 18.31790762
65.08751916 18.31790762
60.08751916 18.31790762
55.08751916 18.31790762
50.08751916 18.31790762
45.08751916 18.31790762
40.08751916 18.31790762
35.08751916 13.31790762
30.08751916 13.31790762
25.08751916 13.31790762
20.08751916 13.31790762
15.08751916 18.31790762
10.08327981 19.24788943
