8.37383885 45.38844249
13.37383885 40.38844249
13.37383885 35.38844249
18.37383885 30.38844249
18.37383885 25.38844249
23.37383885 25.38844249
28.37383885 20.38844249
33.37383885 20.38844249
38.37383885 20.38844249
43.37383885 20.38844249
48.37383885 20.38844249
53.37383885 20.38844249
58.37383885 20.38844249
63.37383885 20.38844249
68.37383885 20.38844249
73.37383885 20.38844249
78.37383885 20.38844249
83.37383885 20.38844249
88.37383885 25.38844249
93.30110163 26.96016712
