95.71925034 30.68778446
90.71925034 30.68778446
85.71925034 30.68778446
80.71925034 30.68778446
75.71925034 35.68778446
70.71925034 40.68778446
65.71925034 45.68778446
60.71925034 50.68778446
55.71925034 55.68778446
50.71925034 55.68778446
45.71925034 55.68778446
40.71925034 50.68778446
35.71925034 50.68778446
35.71925034 45.68778446
30.71925034 40.68778446
30.71925034 35.68778446
30.71925034 30.68778446
30.71925034 25.68778446
30.71925034 20.68778446
30.71925034 15.68778446
30.71925034 10.68778446
35.71925034 5.68778446
36.54459498 1.23035233
