75.78752026 81.89386552
75.78752026 76.89386552
75.78752026 71.89386552
80.78752026 66.89386552
80.78752026 61.89386552
80.78752026 56.89386552
75.78752026 51.89386552
70.78752026 46.89386552
65.78752026 41.89386552
60.78752026 36.89386552
55.78752026 31.89386552
50.78752026 26.89386552
45.78752026 21.89386552
40.78752026 21.89386552
35.78752026 16.89386552
30.78752026 16.89386552
25.78752026 11.89386552
20.78752026 11.89386552
15.78752026 6.89386552
12.3559109 6.49191644
