1.96807101 29.33648849
6.96807101 29.33648849
11.96807101 29.33648849
16.96807101 29.33648849
21.96807101 29.33648849
26.96807101 29.33648849
31.96807101 29.33648849
36.96807101 29.33648849
41.96807101 29.33648849
46.96807101 29.33648849
51.96807101 34.33648849
56.96807101 34.33648849
61.96807101 39.33648849
66.96807101 44.33648849
71.96807101 49.33648849
76.96807101 54.33648849
81.96807101 54.33648849
86.96807101 54.33648849
91.96807101 54.33648849
95.58891151 53.4998541
