87.01153276 1.68065946
87.01153276 6.68065946
87.01153276 11.68065946
87.01153276 16.68065946
87.01153276 21.68065946
87.01153276 26.68065946
87.01153276 31.68065946
92.01153276 36.68065946
97.01153276 41.68065946
97.01153276 46.68065946
97.01153276 51.68065946
92.01153276 56.68065946
87.01153276 61.68065946
82.01153276 66.68065946
77.01153276 71.68065946
72.01153276 76.68065946
72.01153276 81.68065946
67.01153276 86.68065946
67.01153276 91.68065946
65.83409843 94.03621494
