60.03197597 4.67227423
65.03197597 9.67227423
65.03197597 14.67227423
65.03197597 19.67227423
65.03197597 24.67227423
60.03197597 29.67227423
55.03197597 34.67227423
50.03197597 39.67227423
45.03197597 44.67227423
45.03197597 49.67227423
45.03197597 54.67227423
45.03197597 59.67227423
50.03197597 64.67227423
50.03197597 69.67227423
50.03197597 74.67227423
50.03197597 79.67227423
50.03197597 84.67227423
50.03197597 89.67227423
50.03197597 94.67227423
45.81884399 99.49990874
