42.51617684 96.28321468
47.51617684 91.28321468
52.51617684 91.28321468
57.51617684 91.28321468
62.51617684 91.28321468
67.51617684 91.28321468
72.51617684 91.28321468
77.51617684 91.28321468
82.51617684 86.28321468
87.51617684 81.28321468
87.51617684 76.28321468
87.51617684 71.28321468
87.51617684 66.28321468
87.51617684 61.28321468
87.51617684 56.28321468
87.51617684 51.28321468
87.51617684 46.28321468
87.51617684 41.28321468
87.51617684 36.28321468
82.51617684 31.28321468
77.51617684 26.28321468
77.51617684 21.28321468
77.51617684 16.28321468
77.51617684 11.28321468
82.51617684 6.28321468
84.18832011 1.64591661
