99.77040784 77.87230819
94.77040784 77.87230819
89.77040784 77.87230819
84.77040784 77.87230819
79.77040784 77.87230819
74.77040784 77.87230819
69.77040784 77.87230819
64.77040784 77.87230819
59.77040784 77.87230819
54.77040784 77.87230819
49.77040784 77.87230819
44.77040784 77.87230819
39.77040784 77.87230819
34.77040784 82.87230819
29.77040784 82.87230819
24.77040784 87.87230819
19.77040784 87.87230819
14.77040784 92.87230819
9.77040784 97.87230819
3.63097461 96.40452922
