34.95972829 25.44305247
39.95972829 20.44305247
44.95972829 15.44305247
49.95972829 10.44305247
54.95972829 5.44305247
59.95972829 0.44305247
64.95972829 0.44305247
69.95972829 0.44305247
74.95972829 5.44305247
79.95972829 10.44305247
79.95972829 15.44305247
79.95972829 20.44305247
79.95972829 25.44305247
79.95972829 30.44305247
79.95972829 35.44305247
79.95972829 40.44305247
79.95972829 45.44305247
79.95972829 50.44305247
79.95972829 55.44305247
79.95972829 60.44305247
79.95972829 65.44305247
84.95972829 70.44305247
84.95972829 75.44305247
89.95972829 80.44305247
89.95972829 85.44305247
89.95972829 90.44305247
84.95972829 95.44305247
83.85076247 99.61789236
