1.61180808 34.19773697
6.61180808 34.19773697
11.61180808 34.19773697
16.61180808 34.19773697
21.61180808 34.19773697
26.61180808 34.19773697
31.61180808 34.19773697
36.61180808 34.19773697
41.61180808 34.19773697
46.61180808 34.19773697
51.61180808 34.19773697
56.61180808 39.19773697
61.61180808 44.19773697
66.61180808 49.19773697
71.61180808 54.19773697
76.61180808 54.19773697
81.61180808 54.19773697
86.61180808 54.19773697
91.61180808 49.19773697
95.46257588 46.52674894
