10.3138398 15.08541783
15.3138398 20.08541783
20.3138398 25.08541783
25.3138398 30.08541783
30.3138398 35.08541783
35.3138398 40.08541783
40.3138398 45.08541783
40.3138398 50.08541783
40.3138398 55.08541783
40.3138398 60.08541783
40.3138398 65.08541783
40.3138398 70.08541783
45.3138398 75.08541783
50.3138398 80.08541783
55.3138398 80.08541783
60.3138398 85.08541783
65.3138398 85.08541783
70.3138398 90.08541783
75.3138398 90.08541783
80.3138398 95.08541783
85.3138398 95.08541783
88.48796063 97.58679783
