37.52972495 0.73709283
37.52972495 5.73709283
37.52972495 10.73709283
37.52972495 15.73709283
37.52972495 20.73709283
37.52972495 25.73709283
37.52972495 30.73709283
37.52972495 35.73709283
37.52972495 40.73709283
37.52972495 45.73709283
37.52972495 50.73709283
42.52972495 55.73709283
47.52972495 60.73709283
52.52972495 65.73709283
52.52972495 70.73709283
52.52972495 75.73709283
47.52972495 80.73709283
47.52972495 85.73709283
42.52972495 90.73709283
37.52972495 95.73709283
34.17109648 99.14862118
