1.99796436 5.16423853
6.99796436 10.16423853
11.99796436 10.16423853
16.99796436 10.16423853
21.99796436 10.16423853
26.99796436 10.16423853
31.99796436 10.16423853
36.99796436 10.16423853
41.99796436 15.16423853
46.99796436 20.16423853
51.99796436 25.16423853
56.99796436 30.16423853
61.99796436 35.16423853
61.99796436 40.16423853
61.99796436 45.16423853
66.99796436 50.16423853
71.99796436 55.16423853
76.99796436 60.16423853
81.99796436 65.16423853
86.99796436 70.16423853
91.99796436 75.16423853
97.49696166 75.5796465
