0.23486549 95.66848879
5.23486549 90.66848879
10.23486549 90.66848879
15.23486549 90.66848879
20.23486549 90.66848879
25.23486549 85.66848879
30.23486549 80.66848879
35.23486549 75.66848879
40.23486549 70.66848879
45.23486549 65.66848879
50.23486549 65.66848879
55.23486549 65.66848879
60.23486549 65.66848879
65.23486549 65.66848879
70.23486549 65.66848879
75.23486549 65.66848879
80.23486549 65.66848879
85.23486549 60.66848879
90.23486549 55.66848879
90.23486549 50.66848879
90.23486549 45.66848879
93.30360633 41.99483969
