46.7274497 91.00402672
51.7274497 86.00402672
56.7274497 86.00402672
61.7274497 86.00402672
66.7274497 86.00402672
71.7274497 86.00402672
76.7274497 86.00402672
81.7274497 81.00402672
81.7274497 76.00402672
86.7274497 71.00402672
86.7274497 66.00402672
86.7274497 61.00402672
86.7274497 56.00402672
86.7274497 51.00402672
86.7274497 46.00402672
86.7274497 41.00402672
81.7274497 36.00402672
81.7274497 31.00402672
76.7274497 26.00402672
76.7274497 21.00402672
75.69387563 18.62910666
