75.93040745 25.31734264
75.93040745 30.31734264
75.93040745 35.31734264
75.93040745 40.31734264
75.93040745 45.31734264
75.93040745 50.31734264
80.93040745 55.31734264
80.93040745 60.31734264
80.93040745 65.31734264
75.93040745 70.31734264
70.93040745 75.31734264
65.93040745 75.31734264
60.93040745 75.31734264
55.93040745 75.31734264
50.93040745 75.31734264
45.93040745 75.31734264
40.93040745 75.31734264
35.93040745 80.31734264
30.93040745 80.31734264
25.93040745 80.31734264
20.93040745 80.31734264
15.93040745 80.31734264
10.93040745 80.31734264
5.93040745 85.31734264
0.47205184 86.020741
