0.27848072 96.84437839
5.27848072 91.84437839
10.27848072 86.84437839
10.27848072 81.84437839
10.27848072 76.84437839
10.27848072 71.84437839
10.27848072 66.84437839
10.27848072 61.84437839
10.27848072 56.84437839
15.27848072 51.84437839
15.27848072 46.84437839
20.27848072 41.84437839
25.27848072 36.84437839
30.27848072 36.84437839
35.27848072 31.84437839
40.27848072 31.84437839
45.27848072 26.84437839
45.27848072 21.84437839
45.27848072 16.84437839
49.17756712 11.9992097
