87.74080113 49.58406475
82.74080113 44.58406475
77.74080113 39.58406475
77.74080113 34.58406475
72.74080113 34.58406475
67.74080113 29.58406475
62.74080113 29.58406475
57.74080113 34.58406475
52.74080113 39.58406475
47.74080113 44.58406475
42.74080113 49.58406475
37.74080113 54.58406475
37.74080113 59.58406475
32.74080113 64.58406475
32.74080113 69.58406475
27.74080113 74.58406475
27.74080113 79.58406475
22.74080113 84.58406475
22.74080113 89.58406475
20.68464915 92.8307753
