80.5575021 92.70859277
75.5575021 87.70859277
70.5575021 82.70859277
65.5575021 77.70859277
65.5575021 72.70859277
65.5575021 67.70859277
60.5575021 62.70859277
60.5575021 57.70859277
60.5575021 52.70859277
55.5575021 47.70859277
50.5575021 42.70859277
45.5575021 37.70859277
40.5575021 32.70859277
35.5575021 27.70859277
30.5575021 27.70859277
25.5575021 27.70859277
20.5575021 32.70859277
15.5575021 37.70859277
10.5575021 42.70859277
7.97330519 44.30633157
