9.36152344 51.24002432
14.36152344 51.24002432
19.36152344 51.24002432
24.36152344 51.24002432
29.36152344 46.24002432
34.36152344 46.24002432
39.36152344 41.24002432
44.36152344 41.24002432
49.36152344 41.24002432
54.36152344 36.24002432
59.36152344 36.24002432
64.36152344 31.24002432
69.36152344 26.24002432
74.36152344 21.24002432
79.36152344 16.24002432
84.36152344 16.24002432
89.36152344 11.24002432
94.36152344 11.24002432
99.36152344 16.24002432
99.97758782 15.77226111
