28.45770606 75.03035724
28.45770606 70.03035724
23.45770606 65.03035724
18.45770606 60.03035724
13.45770606 55.03035724
8.45770606 50.03035724
8.45770606 45.03035724
8.45770606 40.03035724
13.45770606 35.03035724
13.45770606 30.03035724
13.45770606 25.03035724
18.45770606 20.03035724
23.45770606 15.03035724
28.45770606 15.03035724
33.45770606 15.03035724
38.45770606 15.03035724
43.45770606 15.03035724
48.45770606 15.03035724
53.45770606 10.03035724
58.45770606 5.03035724
63.45770606 0.03035724
68.45770606 0.03035724
73.45770606 0.03035724
78.45770606 0.03035724
83.45770606 5.03035724
88.53346249 6.76669819
