89.92980914 76.03906464
94.92980914 71.03906464
99.92980914 66.03906464
99.92980914 61.03906464
99.92980914 56.03906464
94.92980914 51.03906464
89.92980914 46.03906464
84.92980914 46.03906464
79.92980914 46.03906464
74.92980914 46.03906464
69.92980914 46.03906464
64.92980914 46.03906464
59.92980914 46.03906464
54.92980914 46.03906464
49.92980914 46.03906464
44.92980914 46.03906464
39.92980914 46.03906464
34.92980914 46.03906464
29.92980914 46.03906464
24.92980914 46.03906464
19.92980914 46.03906464
14.92980914 46.03906464
9.92980914 46.03906464
4.92980914 46.03906464
1.9280612 48.39646453
