2.99029527 82.3976241
2.99029527 77.3976241
7.99029527 72.3976241
12.99029527 72.3976241
17.99029527 67.3976241
22.99029527 67.3976241
27.99029527 67.3976241
32.99029527 67.3976241
37.99029527 67.3976241
42.99029527 67.3976241
47.99029527 67.3976241
52.99029527 67.3976241
57.99029527 67.3976241
62.99029527 67.3976241
67.99029527 67.3976241
72.99029527 67.3976241
77.99029527 67.3976241
82.99029527 67.3976241
87.99029527 67.3976241
92.99029527 67.3976241
95.73424225 63.30161456
