76.81726021 90.51876035
71.81726021 85.51876035
66.81726021 85.51876035
61.81726021 85.51876035
56.81726021 85.51876035
51.81726021 85.51876035
46.81726021 85.51876035
41.81726021 85.51876035
36.81726021 85.51876035
31.81726021 85.51876035
26.81726021 85.51876035
21.81726021 85.51876035
16.81726021 85.51876035
11.81726021 85.51876035
6.81726021 80.51876035
1.81726021 75.51876035
1.81726021 70.51876035
1.81726021 65.51876035
1.81726021 60.51876035
1.81726021 55.51876035
1.81726021 50.51876035
1.81726021 45.51876035
6.81726021 40.51876035
6.81726021 35.51876035
11.81726021 30.51876035
11.81726021 25.51876035
16.81726021 20.51876035
21.81726021 15.51876035
20.64039615 9.08866013
