1.00138397 59.71490217
6.00138397 54.71490217
11.00138397 54.71490217
16.00138397 54.71490217
21.00138397 54.71490217
26.00138397 49.71490217
31.00138397 49.71490217
36.00138397 49.71490217
41.00138397 49.71490217
46.00138397 49.71490217
51.00138397 44.71490217
56.00138397 39.71490217
61.00138397 34.71490217
61.00138397 29.71490217
56.00138397 24.71490217
56.00138397 19.71490217
51.00138397 14.71490217
46.00138397 9.71490217
41.00138397 9.71490217
36.00138397 4.71490217
31.24267409 4.46374491
