40.78576855 99.50032653
40.78576855 94.50032653
40.78576855 89.50032653
40.78576855 84.50032653
40.78576855 79.50032653
40.78576855 74.50032653
40.78576855 69.50032653
40.78576855 64.50032653
40.78576855 59.50032653
40.78576855 54.50032653
40.78576855 49.50032653
40.78576855 44.50032653
35.78576855 39.50032653
30.78576855 34.50032653
25.78576855 29.50032653
25.78576855 24.50032653
25.78576855 19.50032653
30.78576855 14.50032653
35.78576855 9.50032653
40.78576855 9.50032653
45.78576855 9.50032653
50.78576855 9.50032653
55.78576855 9.50032653
60.78576855 9.50032653
65.78576855 4.50032653
70.78576855 4.50032653
75.45393215 1.72346099
