49.80605978 96.02471483
49.80605978 91.02471483
49.80605978 86.02471483
49.80605978 81.02471483
49.80605978 76.02471483
49.80605978 71.02471483
49.80605978 66.02471483
49.80605978 61.02471483
49.80605978 56.02471483
49.80605978 51.02471483
54.80605978 46.02471483
59.80605978 41.02471483
64.80605978 36.02471483
69.80605978 31.02471483
69.80605978 26.02471483
69.80605978 21.02471483
64.80605978 16.02471483
64.80605978 11.02471483
64.80605978 6.02471483
60.98372376 1.86301097
