0.87319305 35.82834598
5.87319305 35.82834598
10.87319305 35.82834598
15.87319305 40.82834598
20.87319305 40.82834598
25.87319305 40.82834598
30.87319305 40.82834598
35.87319305 40.82834598
40.87319305 40.82834598
45.87319305 40.82834598
50.87319305 40.82834598
55.87319305 40.82834598
60.87319305 40.82834598
65.87319305 40.82834598
70.87319305 40.82834598
75.87319305 40.82834598
80.87319305 40.82834598
85.87319305 40.82834598
90.87319305 40.82834598
93.04256546 42.49718531
