96.20926622 39.50789992
96.20926622 44.50789992
96.20926622 49.50789992
96.20926622 54.50789992
96.20926622 59.50789992
96.20926622 64.50789992
96.20926622 69.50789992
96.20926622 74.50789992
96.20926622 79.50789992
91.20926622 84.50789992
86.20926622 89.50789992
81.20926622 89.50789992
76.20926622 89.50789992
71.20926622 89.50789992
66.20926622 94.50789992
61.20926622 94.50789992
56.20926622 94.50789992
51.20926622 94.50789992
46.20926622 94.50789992
41.20926622 94.50789992
36.20926622 94.50789992
31.20926622 94.50789992
26.20926622 94.50789992
21.20926622 89.50789992
16.20926622 89.50789992
11.58353417 87.33037602
