92.45383539 82.68656646
87.45383539 77.68656646
82.45383539 72.68656646
82.45383539 67.68656646
82.45383539 62.68656646
82.45383539 57.68656646
77.45383539 52.68656646
72.45383539 47.68656646
67.45383539 47.68656646
62.45383539 42.68656646
57.45383539 37.68656646
52.45383539 32.68656646
47.45383539 32.68656646
42.45383539 32.68656646
37.45383539 32.68656646
32.45383539 27.68656646
27.45383539 22.68656646
22.45383539 17.68656646
17.45383539 12.68656646
12.45383539 7.68656646
12.45383539 2.68656646
9.66044511 0.46693217
