65.82259297 0.54766685
65.82259297 5.54766685
65.82259297 10.54766685
65.82259297 15.54766685
65.82259297 20.54766685
70.82259297 25.54766685
70.82259297 30.54766685
75.82259297 35.54766685
70.82259297 40.54766685
70.82259297 45.54766685
65.82259297 50.54766685
60.82259297 55.54766685
55.82259297 60.54766685
50.82259297 65.54766685
45.82259297 70.54766685
40.82259297 75.54766685
35.82259297 80.54766685
30.82259297 85.54766685
25.82259297 90.54766685
25.82259297 95.54766685
22.82306725 98.8828287
