23.67083054 27.25776663
28.67083054 27.25776663
33.67083054 27.25776663
38.67083054 27.25776663
43.67083054 27.25776663
48.67083054 27.25776663
53.67083054 27.25776663
58.67083054 27.25776663
63.67083054 27.25776663
68.67083054 22.25776663
73.67083054 17.25776663
78.67083054 12.25776663
83.67083054 12.25776663
88.67083054 12.25776663
93.67083054 17.25776663
98.67083054 22.25776663
98.67083054 27.25776663
98.67083054 32.25776663
98.67083054 37.25776663
98.67083054 42.25776663
93.67083054 47.25776663
93.67083054 52.25776663
88.67083054 57.25776663
88.67083054 62.25776663
83.67083054 67.25776663
82.2381752 73.07188184
