4.40750802 92.88382912
9.40750802 87.88382912
9.40750802 82.88382912
9.40750802 77.88382912
14.40750802 72.88382912
14.40750802 67.88382912
14.40750802 62.88382912
14.40750802 57.88382912
14.40750802 52.88382912
14.40750802 47.88382912
19.40750802 42.88382912
24.40750802 37.88382912
29.40750802 32.88382912
34.40750802 27.88382912
39.40750802 22.88382912
44.40750802 17.88382912
49.40750802 12.88382912
49.40750802 7.88382912
54.40750802 2.88382912
59.40750802 2.88382912
64.40750802 2.88382912
69.40750802 2.88382912
74.40750802 2.88382912
79.40750802 7.88382912
80.05475014 9.69099766
