18.51732755 99.35006467
23.51732755 94.35006467
28.51732755 89.35006467
33.51732755 84.35006467
38.51732755 79.35006467
43.51732755 74.35006467
48.51732755 69.35006467
53.51732755 64.35006467
53.51732755 59.35006467
53.51732755 54.35006467
53.51732755 49.35006467
58.51732755 44.35006467
63.51732755 39.35006467
63.51732755 34.35006467
63.51732755 29.35006467
68.51732755 24.35006467
73.51732755 19.35006467
78.51732755 19.35006467
83.51732755 19.35006467
88.51732755 19.35006467
93.51732755 19.35006467
99.80655722 19.74718716
