94.25022555 41.866026
89.25022555 46.866026
89.25022555 51.866026
89.25022555 56.866026
89.25022555 61.866026
84.25022555 66.866026
79.25022555 71.866026
74.25022555 76.866026
69.25022555 76.866026
64.25022555 76.866026
59.25022555 71.866026
54.25022555 66.866026
49.25022555 61.866026
44.25022555 56.866026
39.25022555 51.866026
34.25022555 46.866026
29.25022555 41.866026
24.25022555 36.866026
19.25022555 31.866026
14.25022555 26.866026
10.50863155 27.1234668
