78.82375018 99.21167768
73.82375018 94.21167768
68.82375018 89.21167768
63.82375018 84.21167768
58.82375018 79.21167768
53.82375018 74.21167768
48.82375018 69.21167768
43.82375018 64.21167768
38.82375018 59.21167768
33.82375018 59.21167768
28.82375018 59.21167768
23.82375018 54.21167768
18.82375018 49.21167768
18.82375018 44.21167768
18.82375018 39.21167768
18.82375018 34.21167768
13.82375018 29.21167768
13.82375018 24.21167768
8.82375018 19.21167768
8.82375018 14.21167768
8.82375018 9.21167768
4.51741917 4.48419908
