1.14449631 43.33411676
6.14449631 43.33411676
11.14449631 38.33411676
16.14449631 33.33411676
21.14449631 33.33411676
26.14449631 28.33411676
31.14449631 28.33411676
36.14449631 33.33411676
41.14449631 33.33411676
46.14449631 38.33411676
46.14449631 43.33411676
46.14449631 48.33411676
41.14449631 53.33411676
41.14449631 58.33411676
36.14449631 63.33411676
36.14449631 68.33411676
36.14449631 73.33411676
36.14449631 78.33411676
31.14449631 83.33411676
26.14449631 88.33411676
21.14449631 93.33411676
16.14449631 93.33411676
10.79149358 93.69347375
