8.92919666 95.30134345
13.92919666 90.30134345
18.92919666 85.30134345
23.92919666 80.30134345
28.92919666 75.30134345
33.92919666 70.30134345
38.92919666 65.30134345
43.92919666 60.30134345
48.92919666 55.30134345
53.92919666 50.30134345
58.92919666 45.30134345
63.92919666 40.30134345
63.92919666 35.30134345
63.92919666 30.30134345
63.92919666 25.30134345
63.92919666 20.30134345
68.92919666 15.30134345
73.92919666 10.30134345
78.92919666 5.30134345
83.92919666 5.30134345
88.92919666 5.30134345
94.16837226 4.32871678
