95.00689255 14.92047609
90.00689255 19.92047609
85.00689255 19.92047609
80.00689255 19.92047609
75.00689255 19.92047609
70.00689255 19.92047609
65.00689255 19.92047609
60.00689255 24.92047609
55.00689255 29.92047609
50.00689255 34.92047609
45.00689255 39.92047609
40.00689255 44.92047609
35.00689255 49.92047609
35.00689255 54.92047609
30.00689255 59.92047609
30.00689255 64.92047609
25.00689255 69.92047609
25.00689255 74.92047609
20.00689255 79.92047609
20.00689255 84.92047609
18.09926541 89.3133962
