80.11793382 91.87485734
75.11793382 96.87485734
70.11793382 96.87485734
65.11793382 96.87485734
60.11793382 91.87485734
55.11793382 86.87485734
50.11793382 81.87485734
50.11793382 76.87485734
45.11793382 71.87485734
45.11793382 66.87485734
45.11793382 61.87485734
40.11793382 56.87485734
40.11793382 51.87485734
35.11793382 46.87485734
35.11793382 41.87485734
30.11793382 36.87485734
30.11793382 31.87485734
25.11793382 26.87485734
25.11793382 21.87485734
25.11793382 16.87485734
20.11793382 11.87485734
17.93290508 6.96569039
