17.12871348 95.1059015
22.12871348 95.1059015
27.12871348 90.1059015
32.12871348 85.1059015
32.12871348 80.1059015
32.12871348 75.1059015
32.12871348 70.1059015
37.12871348 65.1059015
37.12871348 60.1059015
42.12871348 55.1059015
42.12871348 50.1059015
42.12871348 45.1059015
47.12871348 40.1059015
47.12871348 35.1059015
52.12871348 30.1059015
52.12871348 25.1059015
57.12871348 20.1059015
57.12871348 15.1059015
57.12871348 10.1059015
62.12871348 5.1059015
63.50721464 3.11299167
