44.18368588 5.57908025
44.18368588 10.57908025
44.18368588 15.57908025
44.18368588 20.57908025
44.18368588 25.57908025
44.18368588 30.57908025
44.18368588 35.57908025
44.18368588 40.57908025
44.18368588 45.57908025
44.18368588 50.57908025
44.18368588 55.57908025
39.18368588 60.57908025
39.18368588 65.57908025
39.18368588 70.57908025
44.18368588 75.57908025
49.18368588 80.57908025
54.18368588 80.57908025
59.18368588 80.57908025
64.18368588 80.57908025
69.18368588 80.57908025
74.18368588 85.57908025
79.18368588 85.57908025
84.18368588 90.57908025
89.15248378 91.9886019
