93.97945027 77.00757407
88.97945027 72.00757407
83.97945027 67.00757407
83.97945027 62.00757407
83.97945027 57.00757407
78.97945027 52.00757407
73.97945027 47.00757407
68.97945027 42.00757407
63.97945027 42.00757407
58.97945027 42.00757407
53.97945027 42.00757407
48.97945027 47.00757407
43.97945027 52.00757407
38.97945027 57.00757407
33.97945027 62.00757407
28.97945027 62.00757407
23.97945027 67.00757407
18.97945027 67.00757407
13.97945027 72.00757407
8.97945027 72.00757407
6.9845235 74.24496956
