35.10469381 80.69543065
30.10469381 80.69543065
25.10469381 80.69543065
20.10469381 80.69543065
15.10469381 75.69543065
10.10469381 70.69543065
10.10469381 65.69543065
15.10469381 60.69543065
20.10469381 55.69543065
25.10469381 50.69543065
30.10469381 45.69543065
35.10469381 40.69543065
40.10469381 35.69543065
45.10469381 30.69543065
50.10469381 25.69543065
55.10469381 25.69543065
60.10469381 25.69543065
65.10469381 20.69543065
70.10469381 20.69543065
75.10469381 15.69543065
81.14966037 13.71155326
