90.24651697 88.86790554
85.24651697 83.86790554
80.24651697 78.86790554
75.24651697 73.86790554
70.24651697 68.86790554
65.24651697 63.86790554
60.24651697 58.86790554
55.24651697 53.86790554
55.24651697 48.86790554
50.24651697 43.86790554
45.24651697 38.86790554
40.24651697 38.86790554
35.24651697 38.86790554
30.24651697 38.86790554
25.24651697 38.86790554
20.24651697 38.86790554
15.24651697 38.86790554
10.24651697 33.86790554
5.24651697 33.86790554
1.26027339 30.42457617
