87.60074218 2.44942322
82.60074218 7.44942322
77.60074218 7.44942322
72.60074218 12.44942322
67.60074218 17.44942322
67.60074218 22.44942322
67.60074218 27.44942322
67.60074218 32.44942322
67.60074218 37.44942322
67.60074218 42.44942322
67.60074218 47.44942322
67.60074218 52.44942322
67.60074218 57.44942322
67.60074218 62.44942322
67.60074218 67.44942322
67.60074218 72.44942322
67.60074218 77.44942322
62.60074218 82.44942322
62.60074218 87.44942322
58.45763262 91.87562181
