95.38823021 82.21019543
90.38823021 77.21019543
85.38823021 72.21019543
80.38823021 67.21019543
75.38823021 62.21019543
70.38823021 57.21019543
70.38823021 52.21019543
70.38823021 47.21019543
70.38823021 42.21019543
65.38823021 37.21019543
60.38823021 32.21019543
55.38823021 32.21019543
50.38823021 32.21019543
45.38823021 32.21019543
40.38823021 27.21019543
35.38823021 27.21019543
30.38823021 22.21019543
25.38823021 22.21019543
20.38823021 17.21019543
15.38823021 17.21019543
9.42837052 14.36325028
