20.78969391 47.60192835
25.78969391 52.60192835
30.78969391 57.60192835
35.78969391 62.60192835
40.78969391 67.60192835
45.78969391 72.60192835
50.78969391 72.60192835
55.78969391 72.60192835
60.78969391 72.60192835
65.78969391 72.60192835
70.78969391 72.60192835
75.78969391 72.60192835
80.78969391 72.60192835
85.78969391 72.60192835
90.78969391 77.60192835
95.78969391 82.60192835
95.78969391 87.60192835
95.78969391 92.60192835
95.78969391 97.60192835
91.88038576 98.5135132
