98.13722013 88.40199857
93.13722013 83.40199857
88.13722013 78.40199857
83.13722013 73.40199857
78.13722013 68.40199857
73.13722013 68.40199857
68.13722013 68.40199857
63.13722013 68.40199857
58.13722013 68.40199857
53.13722013 68.40199857
48.13722013 68.40199857
43.13722013 68.40199857
38.13722013 68.40199857
33.13722013 68.40199857
28.13722013 68.40199857
23.13722013 68.40199857
18.13722013 63.40199857
13.13722013 63.40199857
8.13722013 58.40199857
1.75663349 57.63277703
