90.62909893 1.23698525
85.62909893 6.23698525
80.62909893 11.23698525
75.62909893 16.23698525
70.62909893 21.23698525
65.62909893 26.23698525
60.62909893 31.23698525
55.62909893 31.23698525
50.62909893 31.23698525
45.62909893 36.23698525
45.62909893 41.23698525
40.62909893 46.23698525
40.62909893 51.23698525
40.62909893 56.23698525
40.62909893 61.23698525
40.62909893 66.23698525
40.62909893 71.23698525
35.62909893 76.23698525
35.62909893 81.23698525
33.30402748 83.15018126
