96.83158388 80.36499777
91.83158388 75.36499777
86.83158388 70.36499777
81.83158388 70.36499777
76.83158388 70.36499777
71.83158388 70.36499777
66.83158388 70.36499777
61.83158388 70.36499777
56.83158388 70.36499777
51.83158388 70.36499777
46.83158388 70.36499777
41.83158388 70.36499777
36.83158388 70.36499777
31.83158388 70.36499777
26.83158388 70.36499777
21.83158388 70.36499777
16.83158388 70.36499777
11.83158388 70.36499777
6.83158388 65.36499777
3.92828584 65.05986916
