10.5218425 2.27046437
15.5218425 7.27046437
20.5218425 12.27046437
25.5218425 17.27046437
30.5218425 22.27046437
30.5218425 27.27046437
30.5218425 32.27046437
30.5218425 37.27046437
30.5218425 42.27046437
35.5218425 47.27046437
35.5218425 52.27046437
40.5218425 57.27046437
45.5218425 57.27046437
50.5218425 57.27046437
55.5218425 57.27046437
60.5218425 57.27046437
65.5218425 57.27046437
70.5218425 57.27046437
75.5218425 57.27046437
80.5218425 52.27046437
85.5218425 52.27046437
88.34980395 50.3254439
