97.66430482 9.45567945
92.66430482 14.45567945
92.66430482 19.45567945
92.66430482 24.45567945
92.66430482 29.45567945
92.66430482 34.45567945
92.66430482 39.45567945
92.66430482 44.45567945
92.66430482 49.45567945
87.66430482 54.45567945
87.66430482 59.45567945
82.66430482 64.45567945
82.66430482 69.45567945
82.66430482 74.45567945
77.66430482 79.45567945
72.66430482 84.45567945
67.66430482 89.45567945
62.66430482 89.45567945
57.66430482 89.45567945
52.66430482 94.45567945
47.66430482 94.45567945
42.66430482 94.45567945
37.66430482 94.45567945
32.66430482 94.45567945
27.66430482 94.45567945
22.66430482 89.45567945
17.66430482 84.45567945
18.21850302 80.47427562
