58.09403609 25.48768559
58.09403609 30.48768559
53.09403609 35.48768559
48.09403609 40.48768559
43.09403609 45.48768559
43.09403609 50.48768559
38.09403609 55.48768559
38.09403609 60.48768559
38.09403609 65.48768559
33.09403609 70.48768559
33.09403609 75.48768559
33.09403609 80.48768559
38.09403609 85.48768559
43.09403609 90.48768559
48.09403609 90.48768559
53.09403609 95.48768559
58.09403609 95.48768559
63.09403609 95.48768559
68.09403609 95.48768559
73.09403609 95.48768559
78.09403609 95.48768559
80.41106778 93.64787531
