11.71071688 64.29512732
16.71071688 59.29512732
21.71071688 54.29512732
21.71071688 49.29512732
21.71071688 44.29512732
26.71071688 39.29512732
26.71071688 34.29512732
31.71071688 29.29512732
36.71071688 29.29512732
41.71071688 29.29512732
46.71071688 24.29512732
51.71071688 24.29512732
56.71071688 24.29512732
61.71071688 24.29512732
66.71071688 24.29512732
71.71071688 24.29512732
76.71071688 24.29512732
81.71071688 24.29512732
86.71071688 24.29512732
88.83845889 23.26801476
