81.82916994 2.95119984
76.82916994 7.95119984
71.82916994 12.95119984
71.82916994 17.95119984
71.82916994 22.95119984
71.82916994 27.95119984
71.82916994 32.95119984
66.82916994 37.95119984
61.82916994 42.95119984
56.82916994 47.95119984
51.82916994 52.95119984
46.82916994 57.95119984
41.82916994 57.95119984
36.82916994 57.95119984
31.82916994 57.95119984
26.82916994 62.95119984
21.82916994 67.95119984
16.82916994 67.95119984
11.82916994 72.95119984
6.82916994 77.95119984
6.82916994 82.95119984
5.6249043 89.34127772
