2.05247626 84.45404334
7.05247626 79.45404334
12.05247626 79.45404334
17.05247626 74.45404334
22.05247626 74.45404334
27.05247626 74.45404334
32.05247626 74.45404334
37.05247626 74.45404334
42.05247626 74.45404334
47.05247626 74.45404334
52.05247626 74.45404334
57.05247626 74.45404334
62.05247626 74.45404334
67.05247626 74.45404334
72.05247626 69.45404334
77.05247626 69.45404334
82.05247626 64.45404334
82.05247626 59.45404334
82.05247626 54.45404334
87.05247626 49.45404334
89.58795461 43.03897817
