99.36560406 61.33491116
94.36560406 61.33491116
89.36560406 61.33491116
84.36560406 61.33491116
79.36560406 61.33491116
74.36560406 61.33491116
69.36560406 61.33491116
64.36560406 61.33491116
59.36560406 61.33491116
54.36560406 56.33491116
49.36560406 51.33491116
44.36560406 46.33491116
39.36560406 41.33491116
34.36560406 36.33491116
29.36560406 31.33491116
24.36560406 31.33491116
19.36560406 31.33491116
14.36560406 36.33491116
9.36560406 36.33491116
7.14272769 39.64691942
