23.87587397 75.66320029
28.87587397 80.66320029
33.87587397 80.66320029
38.87587397 80.66320029
43.87587397 80.66320029
48.87587397 75.66320029
53.87587397 70.66320029
58.87587397 70.66320029
63.87587397 70.66320029
68.87587397 70.66320029
73.87587397 70.66320029
78.87587397 65.66320029
83.87587397 65.66320029
88.87587397 60.66320029
88.87587397 55.66320029
88.87587397 50.66320029
83.87587397 45.66320029
78.87587397 40.66320029
73.87587397 35.66320029
68.87587397 35.66320029
63.87587397 30.66320029
58.87587397 25.66320029
53.87587397 25.66320029
48.87587397 25.66320029
43.87587397 25.66320029
38.87587397 20.66320029
33.87587397 20.66320029
28.87587397 15.66320029
23.87587397 15.66320029
22.00872308 13.79864938
