23.16008006 12.95337976
28.16008006 17.95337976
33.16008006 22.95337976
38.16008006 22.95337976
43.16008006 22.95337976
48.16008006 22.95337976
53.16008006 22.95337976
58.16008006 22.95337976
63.16008006 22.95337976
68.16008006 27.95337976
68.16008006 32.95337976
73.16008006 37.95337976
73.16008006 42.95337976
78.16008006 47.95337976
78.16008006 52.95337976
78.16008006 57.95337976
73.16008006 62.95337976
73.16008006 67.95337976
68.16008006 72.95337976
68.16008006 77.95337976
63.16008006 82.95337976
63.16008006 87.95337976
58.16008006 92.95337976
57.90282165 99.35219111
