8.51563104 17.40582037
13.51563104 22.40582037
18.51563104 27.40582037
23.51563104 32.40582037
28.51563104 37.40582037
33.51563104 42.40582037
38.51563104 42.40582037
43.51563104 42.40582037
48.51563104 42.40582037
53.51563104 42.40582037
58.51563104 42.40582037
63.51563104 42.40582037
68.51563104 42.40582037
73.51563104 47.40582037
78.51563104 52.40582037
83.51563104 57.40582037
88.51563104 62.40582037
88.51563104 67.40582037
93.51563104 72.40582037
93.51563104 77.40582037
96.25869156 81.53120898
