94.68599483 71.19799423
89.68599483 66.19799423
84.68599483 61.19799423
79.68599483 56.19799423
79.68599483 51.19799423
79.68599483 46.19799423
79.68599483 41.19799423
74.68599483 36.19799423
74.68599483 31.19799423
69.68599483 26.19799423
64.68599483 26.19799423
59.68599483 21.19799423
54.68599483 21.19799423
49.68599483 21.19799423
44.68599483 21.19799423
39.68599483 21.19799423
34.68599483 21.19799423
29.68599483 26.19799423
24.68599483 31.19799423
19.68599483 31.19799423
14.68599483 31.19799423
9.68599483 31.19799423
4.68599483 31.19799423
0.48876335 30.62425825
