6.03274913 28.38576861
11.03274913 28.38576861
16.03274913 28.38576861
21.03274913 28.38576861
26.03274913 28.38576861
31.03274913 28.38576861
36.03274913 23.38576861
41.03274913 18.38576861
46.03274913 13.38576861
51.03274913 8.38576861
56.03274913 3.38576861
61.03274913 3.38576861
66.03274913 3.38576861
71.03274913 3.38576861
76.03274913 8.38576861
81.03274913 13.38576861
81.03274913 18.38576861
81.03274913 23.38576861
76.03274913 28.38576861
76.03274913 33.38576861
71.03274913 38.38576861
71.03274913 43.38576861
67.88801643 49.29801796
