7.65328091 5.46878367
12.65328091 10.46878367
17.65328091 15.46878367
22.65328091 15.46878367
27.65328091 15.46878367
32.65328091 15.46878367
37.65328091 15.46878367
42.65328091 15.46878367
47.65328091 15.46878367
52.65328091 20.46878367
57.65328091 25.46878367
57.65328091 30.46878367
57.65328091 35.46878367
57.65328091 40.46878367
57.65328091 45.46878367
62.65328091 50.46878367
62.65328091 55.46878367
62.65328091 60.46878367
67.65328091 65.46878367
67.65328091 70.46878367
72.65328091 75.46878367
77.65328091 80.46878367
82.65328091 85.46878367
82.65328091 90.46878367
80.38918613 94.11899126
