21.0939474 12.97111409
26.0939474 17.97111409
31.0939474 22.97111409
36.0939474 27.97111409
41.0939474 32.97111409
46.0939474 37.97111409
51.0939474 37.97111409
56.0939474 37.97111409
61.0939474 37.97111409
66.0939474 37.97111409
71.0939474 42.97111409
76.0939474 47.97111409
81.0939474 52.97111409
81.0939474 57.97111409
81.0939474 62.97111409
81.0939474 67.97111409
81.0939474 72.97111409
81.0939474 77.97111409
86.0939474 82.97111409
86.0939474 87.97111409
91.0939474 92.97111409
91.06377651 97.14388149
