9.6897515 8.77893311
14.6897515 13.77893311
19.6897515 18.77893311
24.6897515 23.77893311
29.6897515 23.77893311
34.6897515 23.77893311
39.6897515 23.77893311
44.6897515 23.77893311
49.6897515 28.77893311
54.6897515 33.77893311
59.6897515 38.77893311
64.6897515 43.77893311
64.6897515 48.77893311
64.6897515 53.77893311
69.6897515 58.77893311
74.6897515 63.77893311
79.6897515 68.77893311
79.6897515 73.77893311
84.6897515 78.77893311
84.6897515 83.77893311
86.92037793 87.91875243
