35.16887242 4.01528678
35.16887242 9.01528678
35.16887242 14.01528678
35.16887242 19.01528678
35.16887242 24.01528678
35.16887242 29.01528678
35.16887242 34.01528678
35.16887242 39.01528678
35.16887242 44.01528678
40.16887242 49.01528678
45.16887242 54.01528678
50.16887242 59.01528678
55.16887242 64.01528678
60.16887242 69.01528678
60.16887242 74.01528678
60.16887242 79.01528678
60.16887242 84.01528678
55.16887242 89.01528678
50.16887242 94.01528678
45.16887242 94.01528678
41.70447208 96.18582092
