10.07155679 77.68349237
15.07155679 82.68349237
20.07155679 82.68349237
25.07155679 82.68349237
30.07155679 77.68349237
35.07155679 77.68349237
40.07155679 77.68349237
45.07155679 77.68349237
50.07155679 77.68349237
55.07155679 77.68349237
60.07155679 77.68349237
65.07155679 72.68349237
70.07155679 67.68349237
70.07155679 62.68349237
70.07155679 57.68349237
70.07155679 52.68349237
70.07155679 47.68349237
75.07155679 42.68349237
75.07155679 37.68349237
80.07155679 32.68349237
80.07155679 27.68349237
85.07155679 22.68349237
85.07155679 17.68349237
90.07155679 12.68349237
90.5622093 6.45907345
