11.75446101 87.4890916
16.75446101 82.4890916
16.75446101 77.4890916
16.75446101 72.4890916
16.75446101 67.4890916
16.75446101 62.4890916
16.75446101 57.4890916
16.75446101 52.4890916
16.75446101 47.4890916
16.75446101 42.4890916
16.75446101 37.4890916
16.75446101 32.4890916
16.75446101 27.4890916
16.75446101 22.4890916
16.75446101 17.4890916
21.75446101 12.4890916
26.75446101 12.4890916
31.75446101 7.4890916
36.75446101 7.4890916
41.75446101 7.4890916
46.75446101 7.4890916
51.75446101 7.4890916
56.75446101 2.4890916
61.75446101 2.4890916
64.75358944 0.74818311
