83.79315719 33.25367618
78.79315719 33.25367618
73.79315719 33.25367618
68.79315719 33.25367618
63.79315719 33.25367618
58.79315719 33.25367618
53.79315719 33.25367618
48.79315719 33.25367618
43.79315719 33.25367618
38.79315719 28.25367618
33.79315719 23.25367618
28.79315719 23.25367618
23.79315719 23.25367618
18.79315719 23.25367618
13.79315719 28.25367618
13.79315719 33.25367618
13.79315719 38.25367618
13.79315719 43.25367618
13.79315719 48.25367618
13.79315719 53.25367618
13.79315719 58.25367618
13.79315719 63.25367618
18.79315719 68.25367618
23.79315719 73.25367618
28.79315719 78.25367618
33.79315719 78.25367618
38.79315719 73.25367618
39.29544005 73.16600311
