64.97111142 88.69905774
69.97111142 83.69905774
74.97111142 78.69905774
79.97111142 73.69905774
84.97111142 73.69905774
89.97111142 73.69905774
94.97111142 68.69905774
94.97111142 63.69905774
99.97111142 58.69905774
94.97111142 53.69905774
94.97111142 48.69905774
89.97111142 43.69905774
84.97111142 38.69905774
84.97111142 33.69905774
79.97111142 28.69905774
74.97111142 23.69905774
69.97111142 23.69905774
64.97111142 23.69905774
59.97111142 18.69905774
54.97111142 18.69905774
49.97111142 13.69905774
44.97111142 8.69905774
38.98162643 9.57806935
