83.24225451 98.51566069
88.24225451 98.51566069
93.24225451 93.51566069
98.24225451 88.51566069
98.24225451 83.51566069
98.24225451 78.51566069
98.24225451 73.51566069
93.24225451 68.51566069
88.24225451 63.51566069
83.24225451 58.51566069
78.24225451 53.51566069
73.24225451 53.51566069
68.24225451 48.51566069
63.24225451 48.51566069
58.24225451 43.51566069
53.24225451 43.51566069
48.24225451 38.51566069
43.24225451 38.51566069
38.24225451 33.51566069
33.24225451 33.51566069
28.24225451 33.51566069
23.24225451 28.51566069
18.11093037 26.47878124
