3.41500477 47.24889041
8.41500477 52.24889041
8.41500477 57.24889041
8.41500477 62.24889041
8.41500477 67.24889041
8.41500477 72.24889041
8.41500477 77.24889041
8.41500477 82.24889041
13.41500477 87.24889041
18.41500477 87.24889041
23.41500477 92.24889041
28.41500477 92.24889041
33.41500477 92.24889041
38.41500477 92.24889041
43.41500477 92.24889041
48.41500477 92.24889041
53.41500477 92.24889041
58.41500477 92.24889041
63.41500477 87.24889041
68.41500477 87.24889041
71.33610438 85.50960044
