4.6817421 94.42067281
9.6817421 89.42067281
14.6817421 84.42067281
19.6817421 84.42067281
24.6817421 84.42067281
29.6817421 79.42067281
34.6817421 74.42067281
39.6817421 69.42067281
44.6817421 64.42067281
49.6817421 59.42067281
54.6817421 54.42067281
59.6817421 54.42067281
64.6817421 54.42067281
69.6817421 54.42067281
74.6817421 49.42067281
74.6817421 44.42067281
79.6817421 39.42067281
84.6817421 34.42067281
89.6817421 29.42067281
89.6817421 24.42067281
89.6817421 19.42067281
84.6817421 14.42067281
84.6817421 9.42067281
79.6817421 4.42067281
79.5689592 0.20723678
