29.27971968 99.80257615
34.27971968 99.80257615
39.27971968 99.80257615
44.27971968 94.80257615
49.27971968 89.80257615
49.27971968 84.80257615
49.27971968 79.80257615
49.27971968 74.80257615
54.27971968 69.80257615
59.27971968 64.80257615
64.27971968 59.80257615
64.27971968 54.80257615
64.27971968 49.80257615
64.27971968 44.80257615
59.27971968 39.80257615
54.27971968 34.80257615
49.27971968 29.80257615
44.27971968 24.80257615
39.27971968 19.80257615
34.27971968 14.80257615
29.27971968 9.80257615
29.27971968 4.80257615
27.02045223 1.59789086
