22.32679162 97.31900175
22.32679162 92.31900175
22.32679162 87.31900175
22.32679162 82.31900175
17.32679162 77.31900175
17.32679162 72.31900175
17.32679162 67.31900175
17.32679162 62.31900175
22.32679162 57.31900175
27.32679162 52.31900175
32.32679162 52.31900175
37.32679162 47.31900175
42.32679162 47.31900175
47.32679162 47.31900175
52.32679162 42.31900175
57.32679162 37.31900175
62.32679162 37.31900175
67.32679162 37.31900175
72.32679162 32.31900175
77.32679162 32.31900175
80.48860681 29.06661971
