46.48239219 4.24598837
46.48239219 9.24598837
46.48239219 14.24598837
46.48239219 19.24598837
46.48239219 24.24598837
46.48239219 29.24598837
46.48239219 34.24598837
41.48239219 39.24598837
36.48239219 44.24598837
31.48239219 49.24598837
31.48239219 54.24598837
26.48239219 59.24598837
26.48239219 64.24598837
31.48239219 69.24598837
31.48239219 74.24598837
31.48239219 79.24598837
31.48239219 84.24598837
31.48239219 89.24598837
26.48239219 94.24598837
24.86605743 99.75876906
