18.70227098 3.17023718
23.70227098 8.17023718
28.70227098 13.17023718
28.70227098 18.17023718
28.70227098 23.17023718
28.70227098 28.17023718
28.70227098 33.17023718
28.70227098 38.17023718
28.70227098 43.17023718
28.70227098 48.17023718
28.70227098 53.17023718
33.70227098 58.17023718
33.70227098 63.17023718
38.70227098 68.17023718
38.70227098 73.17023718
43.70227098 78.17023718
43.70227098 83.17023718
48.70227098 88.17023718
53.70227098 93.17023718
52.03187198 99.42244459
