85.66727698 33.34597928
80.66727698 28.34597928
75.66727698 23.34597928
70.66727698 23.34597928
65.66727698 23.34597928
60.66727698 23.34597928
55.66727698 28.34597928
50.66727698 33.34597928
45.66727698 33.34597928
40.66727698 33.34597928
35.66727698 33.34597928
30.66727698 33.34597928
25.66727698 38.34597928
20.66727698 43.34597928
15.66727698 48.34597928
10.66727698 53.34597928
10.66727698 58.34597928
5.66727698 63.34597928
5.66727698 68.34597928
2.45150649 74.19430906
