6.6415038 7.22138747
11.6415038 12.22138747
16.6415038 17.22138747
21.6415038 22.22138747
21.6415038 27.22138747
21.6415038 32.22138747
26.6415038 37.22138747
31.6415038 42.22138747
36.6415038 47.22138747
41.6415038 52.22138747
46.6415038 57.22138747
51.6415038 62.22138747
56.6415038 67.22138747
61.6415038 67.22138747
66.6415038 72.22138747
71.6415038 72.22138747
76.6415038 77.22138747
81.6415038 77.22138747
86.6415038 82.22138747
91.6415038 82.22138747
94.68500525 84.25641194
