97.9246017 94.2328189
97.9246017 89.2328189
92.9246017 84.2328189
87.9246017 79.2328189
82.9246017 74.2328189
77.9246017 69.2328189
72.9246017 64.2328189
67.9246017 59.2328189
62.9246017 54.2328189
57.9246017 49.2328189
52.9246017 44.2328189
47.9246017 39.2328189
42.9246017 34.2328189
37.9246017 29.2328189
32.9246017 24.2328189
27.9246017 24.2328189
22.9246017 19.2328189
17.9246017 19.2328189
12.9246017 14.2328189
7.9246017 14.2328189
2.9246017 9.2328189
0.70310775 9.96108265
