51.22719936 6.53593405
51.22719936 11.53593405
51.22719936 16.53593405
51.22719936 21.53593405
51.22719936 26.53593405
51.22719936 31.53593405
56.22719936 36.53593405
61.22719936 41.53593405
66.22719936 46.53593405
66.22719936 51.53593405
66.22719936 56.53593405
66.22719936 61.53593405
66.22719936 66.53593405
66.22719936 71.53593405
71.22719936 76.53593405
76.22719936 81.53593405
76.22719936 86.53593405
76.22719936 91.53593405
76.22719936 96.53593405
73.53216106 98.5361632
