9.65386802 99.29898581
9.65386802 94.29898581
9.65386802 89.29898581
9.65386802 84.29898581
14.65386802 79.29898581
19.65386802 74.29898581
24.65386802 69.29898581
29.65386802 64.29898581
34.65386802 59.29898581
39.65386802 54.29898581
44.65386802 49.29898581
49.65386802 44.29898581
54.65386802 39.29898581
59.65386802 39.29898581
64.65386802 39.29898581
69.65386802 34.29898581
74.65386802 34.29898581
79.65386802 29.29898581
84.65386802 29.29898581
89.65386802 24.29898581
95.69172403 23.03616233
