93.72035488 92.54425042
88.72035488 97.54425042
83.72035488 97.54425042
78.72035488 92.54425042
73.72035488 92.54425042
68.72035488 87.54425042
63.72035488 82.54425042
58.72035488 77.54425042
53.72035488 72.54425042
48.72035488 67.54425042
43.72035488 62.54425042
38.72035488 57.54425042
33.72035488 52.54425042
28.72035488 47.54425042
23.72035488 42.54425042
23.72035488 37.54425042
18.72035488 32.54425042
18.72035488 27.54425042
13.72035488 22.54425042
13.72035488 17.54425042
8.72035488 12.54425042
8.72035488 7.54425042
6.81645642 4.85957936
