3.44250929 91.73820652
3.44250929 86.73820652
8.44250929 81.73820652
13.44250929 76.73820652
18.44250929 71.73820652
18.44250929 66.73820652
23.44250929 61.73820652
28.44250929 56.73820652
33.44250929 51.73820652
38.44250929 46.73820652
43.44250929 41.73820652
48.44250929 36.73820652
48.44250929 31.73820652
53.44250929 26.73820652
58.44250929 21.73820652
63.44250929 16.73820652
68.44250929 16.73820652
73.44250929 16.73820652
78.44250929 16.73820652
83.44250929 11.73820652
86.01338942 11.30927606
