84.82822915 5.67059634
79.82822915 5.67059634
74.82822915 0.67059634
69.82822915 0.67059634
64.82822915 0.67059634
59.82822915 5.67059634
54.82822915 10.67059634
49.82822915 15.67059634
49.82822915 20.67059634
49.82822915 25.67059634
49.82822915 30.67059634
49.82822915 35.67059634
49.82822915 40.67059634
44.82822915 45.67059634
44.82822915 50.67059634
44.82822915 55.67059634
39.82822915 60.67059634
39.82822915 65.67059634
34.82822915 70.67059634
34.82822915 75.67059634
29.82822915 80.67059634
24.82822915 85.67059634
25.74783681 92.25913277
