88.35924547 57.45692284
83.35924547 57.45692284
78.35924547 57.45692284
73.35924547 57.45692284
68.35924547 57.45692284
63.35924547 57.45692284
58.35924547 57.45692284
53.35924547 57.45692284
48.35924547 57.45692284
43.35924547 57.45692284
38.35924547 57.45692284
33.35924547 57.45692284
28.35924547 57.45692284
23.35924547 57.45692284
18.35924547 57.45692284
13.35924547 62.45692284
8.35924547 67.45692284
8.35924547 72.45692284
8.35924547 77.45692284
8.35924547 82.45692284
6.09619292 87.54036268
