91.72874665 7.30841156
86.72874665 12.30841156
81.72874665 17.30841156
76.72874665 22.30841156
71.72874665 27.30841156
66.72874665 32.30841156
61.72874665 37.30841156
56.72874665 42.30841156
56.72874665 47.30841156
56.72874665 52.30841156
51.72874665 57.30841156
46.72874665 57.30841156
41.72874665 62.30841156
36.72874665 57.30841156
31.72874665 57.30841156
26.72874665 52.30841156
21.72874665 52.30841156
16.72874665 47.30841156
11.72874665 47.30841156
7.45761376 45.17607323
