4.13680803 68.68624746
9.13680803 63.68624746
9.13680803 58.68624746
9.13680803 53.68624746
9.13680803 48.68624746
14.13680803 43.68624746
19.13680803 38.68624746
24.13680803 38.68624746
29.13680803 38.68624746
34.13680803 38.68624746
39.13680803 38.68624746
44.13680803 38.68624746
49.13680803 38.68624746
54.13680803 38.68624746
59.13680803 38.68624746
64.13680803 38.68624746
69.13680803 38.68624746
74.13680803 33.68624746
79.13680803 33.68624746
81.69754487 32.1399681
