94.21380311 9.92715708
89.21380311 14.92715708
84.21380311 19.92715708
79.21380311 24.92715708
79.21380311 29.92715708
79.21380311 34.92715708
79.21380311 39.92715708
74.21380311 44.92715708
74.21380311 49.92715708
69.21380311 54.92715708
64.21380311 59.92715708
59.21380311 64.92715708
54.21380311 69.92715708
49.21380311 69.92715708
44.21380311 69.92715708
39.21380311 69.92715708
34.21380311 69.92715708
29.21380311 74.92715708
24.21380311 79.92715708
21.82614786 82.81258037
