4.18143971 79.99724056
4.18143971 74.99724056
4.18143971 69.99724056
4.18143971 64.99724056
4.18143971 59.99724056
9.18143971 54.99724056
14.18143971 49.99724056
19.18143971 44.99724056
24.18143971 44.99724056
29.18143971 44.99724056
34.18143971 49.99724056
39.18143971 49.99724056
44.18143971 49.99724056
49.18143971 54.99724056
54.18143971 59.99724056
59.18143971 64.99724056
64.18143971 69.99724056
69.18143971 74.99724056
74.18143971 79.99724056
79.18143971 84.99724056
84.18143971 89.99724056
89.96609561 93.70161546
