99.28822378 45.70679997
94.28822378 45.70679997
89.28822378 45.70679997
84.28822378 45.70679997
79.28822378 45.70679997
74.28822378 45.70679997
69.28822378 45.70679997
64.28822378 50.70679997
59.28822378 50.70679997
54.28822378 50.70679997
49.28822378 50.70679997
44.28822378 55.70679997
39.28822378 60.70679997
34.28822378 60.70679997
29.28822378 60.70679997
24.28822378 60.70679997
19.28822378 55.70679997
14.28822378 50.70679997
9.28822378 45.70679997
6.4467357 43.61283693
