88.98844085 94.59514925
83.98844085 89.59514925
78.98844085 84.59514925
73.98844085 79.59514925
68.98844085 74.59514925
63.98844085 69.59514925
63.98844085 64.59514925
63.98844085 59.59514925
63.98844085 54.59514925
58.98844085 49.59514925
58.98844085 44.59514925
53.98844085 39.59514925
48.98844085 34.59514925
43.98844085 34.59514925
38.98844085 29.59514925
33.98844085 29.59514925
28.98844085 24.59514925
23.98844085 24.59514925
18.98844085 19.59514925
13.98844085 19.59514925
10.45429246 17.90975459
