97.04784755 62.37327702
92.04784755 62.37327702
87.04784755 62.37327702
82.04784755 62.37327702
77.04784755 67.37327702
72.04784755 67.37327702
67.04784755 72.37327702
62.04784755 67.37327702
57.04784755 67.37327702
52.04784755 67.37327702
47.04784755 67.37327702
42.04784755 67.37327702
37.04784755 67.37327702
32.04784755 67.37327702
27.04784755 62.37327702
27.04784755 57.37327702
27.04784755 52.37327702
27.04784755 47.37327702
27.04784755 42.37327702
22.04784755 37.37327702
20.90755763 30.46481336
