15.46212789 84.0664755
15.46212789 79.0664755
15.46212789 74.0664755
15.46212789 69.0664755
15.46212789 64.0664755
20.46212789 59.0664755
25.46212789 54.0664755
30.46212789 54.0664755
35.46212789 54.0664755
40.46212789 54.0664755
45.46212789 54.0664755
50.46212789 54.0664755
55.46212789 54.0664755
60.46212789 54.0664755
65.46212789 54.0664755
70.46212789 54.0664755
75.46212789 54.0664755
80.46212789 54.0664755
85.46212789 54.0664755
90.46212789 54.0664755
92.50122341 56.04428447
