90.78045035 2.05771867
90.78045035 7.05771867
90.78045035 12.05771867
90.78045035 17.05771867
90.78045035 22.05771867
90.78045035 27.05771867
90.78045035 32.05771867
90.78045035 37.05771867
85.78045035 42.05771867
85.78045035 47.05771867
80.78045035 52.05771867
80.78045035 57.05771867
75.78045035 62.05771867
75.78045035 67.05771867
75.78045035 72.05771867
70.78045035 77.05771867
70.78045035 82.05771867
65.78045035 87.05771867
65.78045035 92.05771867
63.03411106 95.3297507
