2.70632599 81.44709234
7.70632599 76.44709234
12.70632599 71.44709234
17.70632599 66.44709234
17.70632599 61.44709234
17.70632599 56.44709234
17.70632599 51.44709234
17.70632599 46.44709234
17.70632599 41.44709234
17.70632599 36.44709234
17.70632599 31.44709234
17.70632599 26.44709234
17.70632599 21.44709234
22.70632599 16.44709234
22.70632599 11.44709234
27.70632599 6.44709234
32.70632599 6.44709234
37.70632599 6.44709234
42.70632599 6.44709234
47.70632599 6.44709234
52.70632599 6.44709234
57.70632599 6.44709234
62.70632599 1.44709234
67.70632599 1.44709234
72.70632599 6.44709234
77.70632599 6.44709234
82.70632599 11.44709234
88.25398189 12.26973008
