6.65418282 74.16147593
11.65418282 74.16147593
16.65418282 74.16147593
21.65418282 74.16147593
26.65418282 74.16147593
31.65418282 79.16147593
36.65418282 79.16147593
41.65418282 84.16147593
46.65418282 89.16147593
51.65418282 94.16147593
56.65418282 94.16147593
61.65418282 94.16147593
66.65418282 94.16147593
71.65418282 89.16147593
76.65418282 84.16147593
76.65418282 79.16147593
76.65418282 74.16147593
76.65418282 69.16147593
76.65418282 64.16147593
76.65418282 59.16147593
76.65418282 54.16147593
76.77529677 47.90050567
