90.89168664 98.46746512
85.89168664 98.46746512
80.89168664 98.46746512
75.89168664 93.46746512
70.89168664 88.46746512
65.89168664 83.46746512
60.89168664 78.46746512
55.89168664 73.46746512
50.89168664 68.46746512
45.89168664 63.46746512
40.89168664 58.46746512
35.89168664 53.46746512
30.89168664 48.46746512
25.89168664 43.46746512
20.89168664 38.46746512
15.89168664 33.46746512
10.89168664 28.46746512
5.89168664 23.46746512
5.89168664 18.46746512
0.89168664 13.46746512
0.25309003 11.11211964
