45.07254998 99.19734891
45.07254998 94.19734891
45.07254998 89.19734891
45.07254998 84.19734891
45.07254998 79.19734891
45.07254998 74.19734891
45.07254998 69.19734891
45.07254998 64.19734891
45.07254998 59.19734891
45.07254998 54.19734891
45.07254998 49.19734891
45.07254998 44.19734891
45.07254998 39.19734891
45.07254998 34.19734891
45.07254998 29.19734891
45.07254998 24.19734891
45.07254998 19.19734891
45.07254998 14.19734891
45.07254998 9.19734891
45.07254998 4.19734891
48.91728044 0.99305068
