1.75389764 1.4349787
6.75389764 1.4349787
11.75389764 1.4349787
16.75389764 1.4349787
21.75389764 1.4349787
26.75389764 1.4349787
31.75389764 1.4349787
36.75389764 1.4349787
41.75389764 1.4349787
46.75389764 1.4349787
51.75389764 1.4349787
56.75389764 1.4349787
61.75389764 1.4349787
66.75389764 6.4349787
71.75389764 11.4349787
76.75389764 16.4349787
81.75389764 21.4349787
86.75389764 21.4349787
91.75389764 16.4349787
96.75389764 16.4349787
96.75389764 11.4349787
99.30112339 8.70788433
