6.09095455 93.72978983
11.09095455 88.72978983
16.09095455 83.72978983
21.09095455 78.72978983
26.09095455 73.72978983
26.09095455 68.72978983
26.09095455 63.72978983
26.09095455 58.72978983
26.09095455 53.72978983
31.09095455 48.72978983
31.09095455 43.72978983
36.09095455 38.72978983
41.09095455 38.72978983
46.09095455 38.72978983
51.09095455 38.72978983
56.09095455 38.72978983
61.09095455 38.72978983
66.09095455 38.72978983
71.09095455 38.72978983
76.09095455 43.72978983
81.09095455 43.72978983
86.09095455 48.72978983
91.09095455 48.72978983
96.09095455 48.72978983
99.05001693 52.87898102
