24.08485046 99.38847562
29.08485046 94.38847562
34.08485046 94.38847562
39.08485046 94.38847562
44.08485046 89.38847562
49.08485046 84.38847562
49.08485046 79.38847562
49.08485046 74.38847562
49.08485046 69.38847562
49.08485046 64.38847562
44.08485046 59.38847562
44.08485046 54.38847562
44.08485046 49.38847562
44.08485046 44.38847562
44.08485046 39.38847562
49.08485046 34.38847562
54.08485046 34.38847562
59.08485046 29.38847562
64.08485046 34.38847562
69.08485046 34.38847562
74.08485046 39.38847562
79.08485046 44.38847562
79.08485046 49.38847562
79.78468657 53.06535547
