0.93345596 77.8029607
5.93345596 72.8029607
10.93345596 67.8029607
15.93345596 62.8029607
20.93345596 57.8029607
25.93345596 52.8029607
30.93345596 52.8029607
35.93345596 47.8029607
40.93345596 42.8029607
45.93345596 42.8029607
50.93345596 42.8029607
55.93345596 42.8029607
60.93345596 42.8029607
65.93345596 37.8029607
70.93345596 32.8029607
75.93345596 27.8029607
80.93345596 22.8029607
85.93345596 17.8029607
90.93345596 12.8029607
95.93345596 7.8029607
96.51520755 4.63647223
