88.7140105 19.44142031
83.7140105 24.44142031
78.7140105 29.44142031
73.7140105 34.44142031
68.7140105 39.44142031
63.7140105 44.44142031
58.7140105 49.44142031
53.7140105 54.44142031
48.7140105 59.44142031
43.7140105 59.44142031
38.7140105 59.44142031
33.7140105 59.44142031
28.7140105 59.44142031
23.7140105 59.44142031
18.7140105 59.44142031
13.7140105 64.44142031
8.7140105 69.44142031
8.7140105 74.44142031
8.7140105 79.44142031
8.7140105 84.44142031
8.7140105 89.44142031
11.55146184 94.26073236
