25.82499158 93.39471953
30.82499158 88.39471953
30.82499158 83.39471953
30.82499158 78.39471953
30.82499158 73.39471953
30.82499158 68.39471953
30.82499158 63.39471953
30.82499158 58.39471953
35.82499158 53.39471953
40.82499158 48.39471953
45.82499158 43.39471953
45.82499158 38.39471953
45.82499158 33.39471953
45.82499158 28.39471953
45.82499158 23.39471953
50.82499158 18.39471953
50.82499158 13.39471953
55.82499158 8.39471953
60.82499158 8.39471953
65.82499158 8.39471953
70.82499158 8.39471953
74.73088152 9.132879
