98.21273475 34.92295203
93.21273475 34.92295203
88.21273475 34.92295203
83.21273475 34.92295203
78.21273475 34.92295203
73.21273475 34.92295203
68.21273475 34.92295203
63.21273475 34.92295203
58.21273475 34.92295203
53.21273475 34.92295203
48.21273475 39.92295203
43.21273475 39.92295203
38.21273475 39.92295203
33.21273475 39.92295203
28.21273475 39.92295203
23.21273475 39.92295203
18.21273475 39.92295203
13.21273475 39.92295203
8.21273475 39.92295203
5.33764218 36.79805409
