26.07536601 99.20747597
31.07536601 94.20747597
36.07536601 89.20747597
41.07536601 84.20747597
41.07536601 79.20747597
41.07536601 74.20747597
46.07536601 69.20747597
51.07536601 64.20747597
56.07536601 59.20747597
61.07536601 54.20747597
66.07536601 49.20747597
66.07536601 44.20747597
71.07536601 39.20747597
71.07536601 34.20747597
71.07536601 29.20747597
71.07536601 24.20747597
71.07536601 19.20747597
76.07536601 14.20747597
81.07536601 9.20747597
86.07536601 4.20747597
87.38893684 1.09379361
