95.31105025 4.82702712
90.31105025 9.82702712
85.31105025 14.82702712
80.31105025 19.82702712
80.31105025 24.82702712
80.31105025 29.82702712
80.31105025 34.82702712
80.31105025 39.82702712
80.31105025 44.82702712
80.31105025 49.82702712
80.31105025 54.82702712
80.31105025 59.82702712
80.31105025 64.82702712
80.31105025 69.82702712
75.31105025 74.82702712
70.31105025 79.82702712
65.31105025 79.82702712
60.31105025 79.82702712
55.31105025 79.82702712
50.31105025 79.82702712
45.31105025 79.82702712
40.31105025 74.82702712
35.31105025 74.82702712
30.31105025 69.82702712
25.31105025 69.82702712
20.31105025 64.82702712
15.12262384 63.89863014
