66.89178253 89.76914603
61.89178253 89.76914603
56.89178253 89.76914603
51.89178253 89.76914603
46.89178253 89.76914603
41.89178253 84.76914603
36.89178253 79.76914603
31.89178253 74.76914603
26.89178253 69.76914603
21.89178253 69.76914603
16.89178253 69.76914603
11.89178253 64.76914603
6.89178253 59.76914603
1.89178253 54.76914603
1.89178253 49.76914603
6.89178253 44.76914603
6.89178253 39.76914603
11.89178253 34.76914603
16.89178253 29.76914603
23.27290416 27.84657494
