97.30736692 3.42013915
92.30736692 8.42013915
87.30736692 13.42013915
82.30736692 18.42013915
77.30736692 23.42013915
72.30736692 28.42013915
67.30736692 33.42013915
62.30736692 38.42013915
57.30736692 43.42013915
52.30736692 48.42013915
47.30736692 53.42013915
42.30736692 53.42013915
37.30736692 53.42013915
32.30736692 53.42013915
27.30736692 58.42013915
22.30736692 63.42013915
22.30736692 68.42013915
22.30736692 73.42013915
22.30736692 78.42013915
27.30736692 83.42013915
32.30736692 88.42013915
37.30736692 88.42013915
42.30736692 88.42013915
47.30736692 88.42013915
52.30736692 88.42013915
57.30736692 88.42013915
62.30736692 88.42013915
67.30736692 88.42013915
72.30736692 88.42013915
77.30736692 88.42013915
82.30736692 88.42013915
87.30736692 88.42013915
92.30736692 83.42013915
94.4402236 83.90250415
