93.1805307 81.2593141
88.1805307 81.2593141
83.1805307 81.2593141
78.1805307 81.2593141
73.1805307 81.2593141
68.1805307 81.2593141
63.1805307 81.2593141
58.1805307 86.2593141
53.1805307 86.2593141
48.1805307 86.2593141
43.1805307 86.2593141
38.1805307 86.2593141
33.1805307 81.2593141
33.1805307 76.2593141
28.1805307 71.2593141
28.1805307 66.2593141
28.1805307 61.2593141
28.1805307 56.2593141
28.1805307 51.2593141
28.1805307 46.2593141
28.1805307 41.2593141
28.1805307 36.2593141
28.1805307 31.2593141
28.1805307 26.2593141
28.1805307 21.2593141
23.1805307 16.2593141
21.99691656 11.9896167
