83.87495856 0.14488325
78.87495856 5.14488325
73.87495856 10.14488325
68.87495856 15.14488325
68.87495856 20.14488325
68.87495856 25.14488325
68.87495856 30.14488325
68.87495856 35.14488325
63.87495856 40.14488325
58.87495856 45.14488325
53.87495856 50.14488325
48.87495856 55.14488325
43.87495856 60.14488325
43.87495856 65.14488325
38.87495856 70.14488325
33.87495856 75.14488325
28.87495856 80.14488325
23.87495856 85.14488325
18.87495856 90.14488325
13.87495856 95.14488325
12.86636694 98.88736955
