9.85981701 4.15886189
14.85981701 9.15886189
19.85981701 14.15886189
24.85981701 19.15886189
29.85981701 24.15886189
29.85981701 29.15886189
29.85981701 34.15886189
34.85981701 39.15886189
39.85981701 44.15886189
44.85981701 49.15886189
49.85981701 54.15886189
54.85981701 59.15886189
59.85981701 64.15886189
64.85981701 69.15886189
69.85981701 74.15886189
74.85981701 79.15886189
79.85981701 84.15886189
84.85981701 89.15886189
84.85981701 94.15886189
89.85981701 94.15886189
94.85981701 99.15886189
97.75424488 98.1570384
