18.35000907 16.46040059
23.35000907 21.46040059
28.35000907 26.46040059
33.35000907 31.46040059
38.35000907 36.46040059
43.35000907 41.46040059
48.35000907 46.46040059
48.35000907 51.46040059
48.35000907 56.46040059
48.35000907 61.46040059
48.35000907 66.46040059
48.35000907 71.46040059
48.35000907 76.46040059
48.35000907 81.46040059
53.35000907 86.46040059
58.35000907 91.46040059
63.35000907 91.46040059
68.35000907 91.46040059
73.35000907 91.46040059
78.35000907 91.46040059
83.35000907 91.46040059
88.35000907 91.46040059
90.43552689 88.70019474
