1.94571065 98.19840663
1.94571065 93.19840663
1.94571065 88.19840663
1.94571065 83.19840663
1.94571065 78.19840663
1.94571065 73.19840663
1.94571065 68.19840663
1.94571065 63.19840663
1.94571065 58.19840663
1.94571065 53.19840663
1.94571065 48.19840663
1.94571065 43.19840663
1.94571065 38.19840663
1.94571065 33.19840663
1.94571065 28.19840663
6.94571065 23.19840663
6.94571065 18.19840663
11.94571065 13.19840663
11.94571065 8.19840663
13.97788218 6.40763738
