74.17199368 81.66179922
69.17199368 81.66179922
64.17199368 86.66179922
59.17199368 91.66179922
54.17199368 96.66179922
49.17199368 96.66179922
44.17199368 91.66179922
39.17199368 91.66179922
34.17199368 86.66179922
29.17199368 81.66179922
24.17199368 81.66179922
19.17199368 76.66179922
14.17199368 71.66179922
14.17199368 66.66179922
14.17199368 61.66179922
14.17199368 56.66179922
14.17199368 51.66179922
14.17199368 46.66179922
14.17199368 41.66179922
14.17199368 36.66179922
14.17199368 31.66179922
14.17199368 26.66179922
14.17199368 21.66179922
14.17199368 16.66179922
14.17199368 11.66179922
9.17199368 6.66179922
7.24923839 0.91963401
