1.25127956 20.92649812
6.25127956 25.92649812
11.25127956 30.92649812
16.25127956 35.92649812
21.25127956 40.92649812
26.25127956 45.92649812
31.25127956 50.92649812
36.25127956 55.92649812
41.25127956 60.92649812
46.25127956 65.92649812
51.25127956 65.92649812
56.25127956 65.92649812
61.25127956 65.92649812
66.25127956 65.92649812
71.25127956 65.92649812
76.25127956 70.92649812
81.25127956 75.92649812
81.25127956 80.92649812
81.25127956 85.92649812
81.25127956 90.92649812
81.58172061 96.7349506
