48.20388274 78.67260006
53.20388274 73.67260006
58.20388274 68.67260006
63.20388274 63.67260006
68.20388274 63.67260006
73.20388274 63.67260006
78.20388274 63.67260006
83.20388274 63.67260006
88.20388274 58.67260006
93.20388274 53.67260006
93.20388274 48.67260006
98.20388274 43.67260006
98.20388274 38.67260006
98.20388274 33.67260006
98.20388274 28.67260006
98.20388274 23.67260006
98.20388274 18.67260006
93.20388274 13.67260006
88.20388274 8.67260006
86.95079204 9.48055541
