12.49142867 13.96769216
17.49142867 18.96769216
22.49142867 23.96769216
27.49142867 28.96769216
32.49142867 33.96769216
37.49142867 38.96769216
42.49142867 43.96769216
42.49142867 48.96769216
47.49142867 53.96769216
52.49142867 58.96769216
57.49142867 58.96769216
62.49142867 58.96769216
67.49142867 58.96769216
72.49142867 58.96769216
77.49142867 58.96769216
82.49142867 58.96769216
87.49142867 58.96769216
92.49142867 58.96769216
97.49142867 58.96769216
99.57084525 61.36228873
