3.86569365 65.65499411
8.86569365 65.65499411
13.86569365 65.65499411
18.86569365 65.65499411
23.86569365 60.65499411
28.86569365 55.65499411
33.86569365 50.65499411
38.86569365 45.65499411
43.86569365 40.65499411
48.86569365 35.65499411
53.86569365 35.65499411
58.86569365 30.65499411
63.86569365 25.65499411
68.86569365 25.65499411
73.86569365 30.65499411
78.86569365 35.65499411
83.86569365 40.65499411
88.86569365 45.65499411
88.86569365 50.65499411
93.86569365 55.65499411
93.86569365 60.65499411
98.86569365 65.65499411
98.38323654 67.92843168
