99.74361933 98.80063329
94.74361933 93.80063329
89.74361933 88.80063329
84.74361933 83.80063329
79.74361933 78.80063329
74.74361933 73.80063329
69.74361933 68.80063329
64.74361933 63.80063329
59.74361933 58.80063329
54.74361933 53.80063329
49.74361933 48.80063329
44.74361933 48.80063329
39.74361933 48.80063329
34.74361933 43.80063329
29.74361933 43.80063329
24.74361933 38.80063329
19.74361933 33.80063329
19.74361933 28.80063329
14.74361933 23.80063329
15.02882723 21.09736713
