99.51661527 21.92454558
94.51661527 26.92454558
94.51661527 31.92454558
94.51661527 36.92454558
89.51661527 41.92454558
84.51661527 41.92454558
79.51661527 46.92454558
74.51661527 46.92454558
69.51661527 46.92454558
64.51661527 51.92454558
59.51661527 51.92454558
54.51661527 56.92454558
49.51661527 56.92454558
44.51661527 61.92454558
39.51661527 61.92454558
34.51661527 66.92454558
29.51661527 66.92454558
24.51661527 66.92454558
19.51661527 71.92454558
14.51661527 71.92454558
9.51661527 76.92454558
4.51661527 76.92454558
0.43450231 79.97459326
