67.72568671 82.38911032
62.72568671 87.38911032
57.72568671 92.38911032
52.72568671 92.38911032
47.72568671 87.38911032
42.72568671 87.38911032
42.72568671 82.38911032
37.72568671 77.38911032
37.72568671 72.38911032
37.72568671 67.38911032
37.72568671 62.38911032
37.72568671 57.38911032
37.72568671 52.38911032
37.72568671 47.38911032
32.72568671 42.38911032
32.72568671 37.38911032
27.72568671 32.38911032
27.72568671 27.38911032
22.72568671 22.38911032
22.72568671 17.38911032
17.72568671 12.38911032
17.41976068 7.97982985
