99.52762388 36.87653543
94.52762388 36.87653543
89.52762388 31.87653543
84.52762388 26.87653543
79.52762388 21.87653543
74.52762388 16.87653543
69.52762388 11.87653543
64.52762388 6.87653543
59.52762388 1.87653543
54.52762388 1.87653543
49.52762388 1.87653543
44.52762388 6.87653543
39.52762388 11.87653543
34.52762388 16.87653543
34.52762388 21.87653543
34.52762388 26.87653543
34.52762388 31.87653543
34.52762388 36.87653543
29.52762388 41.87653543
24.52762388 46.87653543
24.52762388 51.87653543
24.52762388 56.87653543
24.52762388 61.87653543
24.52762388 66.87653543
24.52762388 71.87653543
24.52762388 76.87653543
24.52762388 81.87653543
24.52762388 86.87653543
23.09509172 91.81370716
