6.56516059 19.78320979
11.56516059 19.78320979
16.56516059 19.78320979
21.56516059 19.78320979
26.56516059 14.78320979
31.56516059 9.78320979
36.56516059 4.78320979
41.56516059 4.78320979
46.56516059 9.78320979
51.56516059 9.78320979
56.56516059 14.78320979
56.56516059 19.78320979
61.56516059 24.78320979
61.56516059 29.78320979
61.56516059 34.78320979
61.56516059 39.78320979
61.56516059 44.78320979
66.56516059 49.78320979
66.56516059 54.78320979
71.56516059 59.78320979
76.56516059 64.78320979
81.56516059 69.78320979
86.56516059 74.78320979
85.86585512 81.42725815
