97.53121771 43.59174685
92.53121771 48.59174685
87.53121771 53.59174685
82.53121771 58.59174685
77.53121771 63.59174685
72.53121771 63.59174685
67.53121771 68.59174685
62.53121771 68.59174685
57.53121771 73.59174685
52.53121771 78.59174685
47.53121771 83.59174685
42.53121771 88.59174685
37.53121771 88.59174685
32.53121771 88.59174685
27.53121771 88.59174685
22.53121771 88.59174685
17.53121771 93.59174685
12.53121771 93.59174685
7.53121771 93.59174685
4.11476521 96.27856151
