43.70262709 93.42566104
43.70262709 88.42566104
43.70262709 83.42566104
43.70262709 78.42566104
43.70262709 73.42566104
43.70262709 68.42566104
43.70262709 63.42566104
43.70262709 58.42566104
43.70262709 53.42566104
43.70262709 48.42566104
43.70262709 43.42566104
43.70262709 38.42566104
43.70262709 33.42566104
43.70262709 28.42566104
43.70262709 23.42566104
43.70262709 18.42566104
48.70262709 13.42566104
53.70262709 8.42566104
58.70262709 3.42566104
63.70262709 3.42566104
68.70262709 3.42566104
72.86675082 4.56752219
