6.80795308 18.84844234
11.80795308 23.84844234
16.80795308 23.84844234
21.80795308 28.84844234
26.80795308 28.84844234
31.80795308 28.84844234
36.80795308 28.84844234
41.80795308 28.84844234
46.80795308 28.84844234
51.80795308 28.84844234
56.80795308 28.84844234
61.80795308 28.84844234
66.80795308 28.84844234
71.80795308 28.84844234
76.80795308 33.84844234
81.80795308 33.84844234
86.80795308 38.84844234
86.80795308 43.84844234
91.80795308 48.84844234
91.80795308 53.84844234
96.80795308 58.84844234
96.07726089 61.75142697
