80.9557619 10.74813409
75.9557619 15.74813409
70.9557619 15.74813409
65.9557619 15.74813409
60.9557619 15.74813409
55.9557619 15.74813409
50.9557619 15.74813409
45.9557619 15.74813409
40.9557619 15.74813409
35.9557619 20.74813409
30.9557619 25.74813409
30.9557619 30.74813409
30.9557619 35.74813409
30.9557619 40.74813409
30.9557619 45.74813409
30.9557619 50.74813409
30.9557619 55.74813409
25.9557619 60.74813409
25.9557619 65.74813409
20.9557619 70.74813409
20.9557619 75.74813409
15.9557619 80.74813409
15.9557619 85.74813409
10.9557619 90.74813409
9.75537352 97.00400638
