9.73221479 99.62319043
9.73221479 94.62319043
9.73221479 89.62319043
9.73221479 84.62319043
14.73221479 79.62319043
19.73221479 74.62319043
24.73221479 69.62319043
29.73221479 64.62319043
34.73221479 59.62319043
34.73221479 54.62319043
34.73221479 49.62319043
34.73221479 44.62319043
29.73221479 39.62319043
24.73221479 34.62319043
19.73221479 29.62319043
14.73221479 24.62319043
14.73221479 19.62319043
9.73221479 14.62319043
9.73221479 9.62319043
9.73221479 4.62319043
5.64215193 1.75114269
