85.64280257 67.94693054
80.64280257 62.94693054
75.64280257 57.94693054
70.64280257 57.94693054
65.64280257 57.94693054
60.64280257 52.94693054
55.64280257 47.94693054
50.64280257 42.94693054
45.64280257 42.94693054
40.64280257 42.94693054
35.64280257 42.94693054
30.64280257 42.94693054
25.64280257 42.94693054
20.64280257 42.94693054
15.64280257 42.94693054
10.64280257 37.94693054
5.64280257 32.94693054
5.64280257 27.94693054
0.64280257 22.94693054
0.46576872 17.81553999
