93.68947567 6.68198304
88.68947567 6.68198304
83.68947567 6.68198304
78.68947567 6.68198304
73.68947567 6.68198304
68.68947567 6.68198304
63.68947567 6.68198304
58.68947567 6.68198304
53.68947567 6.68198304
48.68947567 6.68198304
43.68947567 6.68198304
38.68947567 6.68198304
33.68947567 11.68198304
28.68947567 16.68198304
23.68947567 21.68198304
18.68947567 26.68198304
13.68947567 26.68198304
8.68947567 26.68198304
3.68947567 26.68198304
0.47714748 24.84868771
