42.71618484 24.43755415
47.71618484 24.43755415
52.71618484 24.43755415
57.71618484 24.43755415
62.71618484 19.43755415
67.71618484 14.43755415
72.71618484 14.43755415
77.71618484 9.43755415
82.71618484 9.43755415
87.71618484 14.43755415
92.71618484 14.43755415
97.71618484 19.43755415
97.71618484 24.43755415
97.71618484 29.43755415
97.71618484 34.43755415
97.71618484 39.43755415
92.71618484 44.43755415
92.71618484 49.43755415
92.71618484 54.43755415
87.71618484 59.43755415
87.71618484 64.43755415
87.71618484 69.43755415
87.71618484 74.43755415
87.71618484 79.43755415
87.71618484 84.43755415
82.71618484 89.43755415
77.71618484 94.43755415
72.71618484 99.43755415
67.70425647 99.47868595
