84.8365222 65.00357765
79.8365222 60.00357765
74.8365222 55.00357765
69.8365222 50.00357765
64.8365222 45.00357765
59.8365222 40.00357765
54.8365222 35.00357765
54.8365222 30.00357765
54.8365222 25.00357765
54.8365222 20.00357765
49.8365222 15.00357765
44.8365222 10.00357765
39.8365222 10.00357765
34.8365222 10.00357765
29.8365222 10.00357765
24.8365222 15.00357765
19.8365222 20.00357765
14.8365222 25.00357765
9.8365222 30.00357765
4.8365222 35.00357765
0.35875887 36.37110099
