10.86835396 34.34771003
10.86835396 29.34771003
10.86835396 24.34771003
15.86835396 19.34771003
15.86835396 14.34771003
20.86835396 9.34771003
25.86835396 9.34771003
30.86835396 4.34771003
35.86835396 9.34771003
40.86835396 9.34771003
45.86835396 14.34771003
50.86835396 19.34771003
55.86835396 24.34771003
60.86835396 29.34771003
60.86835396 34.34771003
65.86835396 39.34771003
65.86835396 44.34771003
70.86835396 49.34771003
70.86835396 54.34771003
75.86835396 59.34771003
75.86835396 64.34771003
80.86835396 69.34771003
80.86835396 74.34771003
80.86835396 79.34771003
85.86835396 84.34771003
85.86835396 89.34771003
88.86340693 92.02332161
