2.2309687 30.6103707
2.2309687 35.6103707
2.2309687 40.6103707
2.2309687 45.6103707
2.2309687 50.6103707
2.2309687 55.6103707
2.2309687 60.6103707
2.2309687 65.6103707
2.2309687 70.6103707
2.2309687 75.6103707
7.2309687 80.6103707
12.2309687 85.6103707
17.2309687 90.6103707
22.2309687 90.6103707
27.2309687 90.6103707
32.2309687 90.6103707
37.2309687 90.6103707
42.2309687 90.6103707
47.2309687 90.6103707
52.2309687 90.6103707
57.2309687 90.6103707
62.2309687 95.6103707
68.49848296 95.44067527
