84.64073426 9.54110809
79.64073426 14.54110809
74.64073426 19.54110809
69.64073426 24.54110809
64.64073426 29.54110809
64.64073426 34.54110809
64.64073426 39.54110809
59.64073426 44.54110809
54.64073426 49.54110809
49.64073426 49.54110809
44.64073426 49.54110809
39.64073426 49.54110809
34.64073426 49.54110809
29.64073426 49.54110809
24.64073426 49.54110809
19.64073426 49.54110809
14.64073426 54.54110809
9.64073426 59.54110809
4.64073426 64.54110809
4.64073426 69.54110809
4.64073426 74.54110809
4.64073426 79.54110809
4.64073426 84.54110809
4.0699468 87.41442835
