98.20381333 7.90284174
93.20381333 12.90284174
93.20381333 17.90284174
88.20381333 22.90284174
88.20381333 27.90284174
83.20381333 32.90284174
78.20381333 32.90284174
73.20381333 37.90284174
68.20381333 37.90284174
63.20381333 42.90284174
58.20381333 47.90284174
53.20381333 52.90284174
48.20381333 57.90284174
43.20381333 62.90284174
38.20381333 67.90284174
33.20381333 72.90284174
28.20381333 77.90284174
23.20381333 77.90284174
18.20381333 77.90284174
13.20381333 72.90284174
8.20381333 72.90284174
3.82687045 67.91525305
