92.37203872 21.35821316
87.37203872 26.35821316
82.37203872 31.35821316
77.37203872 36.35821316
72.37203872 41.35821316
67.37203872 46.35821316
62.37203872 51.35821316
57.37203872 56.35821316
57.37203872 61.35821316
57.37203872 66.35821316
57.37203872 71.35821316
57.37203872 76.35821316
57.37203872 81.35821316
52.37203872 86.35821316
47.37203872 91.35821316
42.37203872 91.35821316
37.37203872 91.35821316
32.37203872 91.35821316
27.37203872 91.35821316
22.37203872 91.35821316
17.37203872 91.35821316
12.37203872 91.35821316
7.22733145 89.48397981
