62.83912783 10.14790484
57.83912783 10.14790484
52.83912783 15.14790484
47.83912783 20.14790484
42.83912783 25.14790484
42.83912783 30.14790484
42.83912783 35.14790484
42.83912783 40.14790484
42.83912783 45.14790484
42.83912783 50.14790484
42.83912783 55.14790484
42.83912783 60.14790484
42.83912783 65.14790484
42.83912783 70.14790484
37.83912783 75.14790484
32.83912783 80.14790484
27.83912783 80.14790484
22.83912783 80.14790484
17.83912783 85.14790484
12.83912783 90.14790484
7.83912783 90.14790484
2.83912783 90.14790484
0.7103784 93.31903848
