0.16873204 87.73733358
5.16873204 82.73733358
10.16873204 77.73733358
15.16873204 77.73733358
20.16873204 77.73733358
25.16873204 77.73733358
30.16873204 77.73733358
35.16873204 77.73733358
40.16873204 77.73733358
45.16873204 72.73733358
50.16873204 67.73733358
50.16873204 62.73733358
55.16873204 57.73733358
55.16873204 52.73733358
55.16873204 47.73733358
55.16873204 42.73733358
60.16873204 37.73733358
65.16873204 32.73733358
70.16873204 27.73733358
69.85139883 23.81928643
