86.39884572 61.24265635
81.39884572 61.24265635
76.39884572 61.24265635
71.39884572 61.24265635
66.39884572 61.24265635
61.39884572 66.24265635
56.39884572 66.24265635
51.39884572 66.24265635
46.39884572 66.24265635
41.39884572 66.24265635
36.39884572 66.24265635
31.39884572 66.24265635
26.39884572 66.24265635
21.39884572 66.24265635
16.39884572 61.24265635
11.39884572 56.24265635
11.39884572 51.24265635
11.39884572 46.24265635
11.39884572 41.24265635
6.39884572 36.24265635
6.39884572 31.24265635
6.39884572 26.24265635
3.06994971 24.8213098
