2.8962493 58.84392171
7.8962493 58.84392171
12.8962493 58.84392171
17.8962493 58.84392171
22.8962493 58.84392171
27.8962493 58.84392171
32.8962493 58.84392171
37.8962493 58.84392171
42.8962493 58.84392171
47.8962493 58.84392171
52.8962493 58.84392171
57.8962493 58.84392171
62.8962493 58.84392171
67.8962493 53.84392171
72.8962493 53.84392171
77.8962493 53.84392171
82.8962493 58.84392171
87.8962493 63.84392171
87.8962493 68.84392171
92.8962493 73.84392171
95.07679734 78.89188653
