12.58974756 72.02038256
12.58974756 77.02038256
12.58974756 82.02038256
12.58974756 87.02038256
17.58974756 92.02038256
22.58974756 97.02038256
27.58974756 97.02038256
32.58974756 97.02038256
37.58974756 92.02038256
42.58974756 87.02038256
47.58974756 82.02038256
52.58974756 77.02038256
57.58974756 72.02038256
62.58974756 67.02038256
67.58974756 67.02038256
72.58974756 62.02038256
77.58974756 62.02038256
82.58974756 57.02038256
87.58974756 57.02038256
92.58974756 57.02038256
94.74528273 53.12202412
