21.80019045 95.57242412
21.80019045 90.57242412
26.80019045 85.57242412
26.80019045 80.57242412
31.80019045 75.57242412
31.80019045 70.57242412
36.80019045 65.57242412
36.80019045 60.57242412
36.80019045 55.57242412
41.80019045 50.57242412
41.80019045 45.57242412
46.80019045 40.57242412
51.80019045 35.57242412
56.80019045 30.57242412
61.80019045 25.57242412
66.80019045 20.57242412
71.80019045 15.57242412
71.80019045 10.57242412
66.80019045 5.57242412
63.9187719 1.49103794
