94.83001348 96.84672053
94.83001348 91.84672053
99.83001348 86.84672053
99.83001348 81.84672053
99.83001348 76.84672053
99.83001348 71.84672053
94.83001348 66.84672053
89.83001348 61.84672053
84.83001348 61.84672053
79.83001348 61.84672053
74.83001348 61.84672053
69.83001348 61.84672053
64.83001348 61.84672053
59.83001348 61.84672053
54.83001348 61.84672053
49.83001348 61.84672053
44.83001348 61.84672053
39.83001348 61.84672053
34.83001348 61.84672053
29.83001348 56.84672053
24.83001348 51.84672053
19.83001348 51.84672053
14.83001348 51.84672053
9.83001348 56.84672053
4.83001348 61.84672053
4.83001348 66.84672053
4.83001348 71.84672053
4.83001348 76.84672053
9.83001348 81.84672053
14.83001348 86.84672053
15.13271807 90.4813617
