18.05021554 2.54584709
23.05021554 2.54584709
28.05021554 7.54584709
28.05021554 12.54584709
33.05021554 17.54584709
33.05021554 22.54584709
28.05021554 27.54584709
23.05021554 32.54584709
18.05021554 37.54584709
18.05021554 42.54584709
13.05021554 47.54584709
13.05021554 52.54584709
18.05021554 57.54584709
18.05021554 62.54584709
23.05021554 67.54584709
23.05021554 72.54584709
23.05021554 77.54584709
28.05021554 82.54584709
28.05021554 87.54584709
31.81792592 91.49711779
