69.70684792 8.09622337
69.70684792 13.09622337
69.70684792 18.09622337
69.70684792 23.09622337
69.70684792 28.09622337
69.70684792 33.09622337
69.70684792 38.09622337
64.70684792 43.09622337
59.70684792 48.09622337
54.70684792 53.09622337
49.70684792 58.09622337
44.70684792 63.09622337
39.70684792 68.09622337
39.70684792 73.09622337
34.70684792 78.09622337
39.70684792 83.09622337
39.70684792 88.09622337
44.70684792 93.09622337
49.70684792 98.09622337
55.16230634 99.92149342
