3.54003781 91.22216492
3.54003781 86.22216492
3.54003781 81.22216492
3.54003781 76.22216492
8.54003781 71.22216492
13.54003781 66.22216492
18.54003781 61.22216492
23.54003781 56.22216492
28.54003781 56.22216492
33.54003781 56.22216492
38.54003781 56.22216492
43.54003781 56.22216492
48.54003781 56.22216492
53.54003781 56.22216492
58.54003781 51.22216492
63.54003781 51.22216492
68.54003781 46.22216492
68.54003781 41.22216492
68.54003781 36.22216492
73.54003781 31.22216492
73.54003781 26.22216492
78.54003781 21.22216492
79.15400154 17.84274858
