3.66749941 85.41854368
8.66749941 85.41854368
13.66749941 90.41854368
18.66749941 95.41854368
23.66749941 95.41854368
28.66749941 95.41854368
33.66749941 95.41854368
38.66749941 90.41854368
43.66749941 85.41854368
48.66749941 80.41854368
53.66749941 80.41854368
58.66749941 80.41854368
63.66749941 75.41854368
68.66749941 75.41854368
73.66749941 70.41854368
73.66749941 65.41854368
73.66749941 60.41854368
78.66749941 55.41854368
78.66749941 50.41854368
83.66749941 45.41854368
83.66749941 40.41854368
88.66749941 35.41854368
88.66749941 30.41854368
93.66749941 25.41854368
93.66749941 20.41854368
98.66749941 15.41854368
98.66749941 10.41854368
99.77720454 8.33973559
