15.95375008 90.94106485
20.95375008 90.94106485
25.95375008 90.94106485
30.95375008 90.94106485
35.95375008 90.94106485
40.95375008 90.94106485
45.95375008 90.94106485
50.95375008 90.94106485
55.95375008 85.94106485
60.95375008 80.94106485
65.95375008 75.94106485
70.95375008 70.94106485
70.95375008 65.94106485
70.95375008 60.94106485
70.95375008 55.94106485
70.95375008 50.94106485
70.95375008 45.94106485
70.95375008 40.94106485
70.95375008 35.94106485
75.95375008 30.94106485
75.95375008 25.94106485
80.95375008 20.94106485
80.95375008 15.94106485
85.95375008 10.94106485
85.95375008 5.94106485
87.97319238 3.9880957
