88.37147825 97.68524314
88.37147825 92.68524314
88.37147825 87.68524314
88.37147825 82.68524314
88.37147825 77.68524314
88.37147825 72.68524314
88.37147825 67.68524314
88.37147825 62.68524314
93.37147825 57.68524314
93.37147825 52.68524314
98.37147825 47.68524314
93.37147825 42.68524314
93.37147825 37.68524314
88.37147825 32.68524314
83.37147825 27.68524314
78.37147825 27.68524314
73.37147825 22.68524314
68.37147825 22.68524314
63.37147825 17.68524314
58.37147825 12.68524314
53.37147825 12.68524314
48.37147825 12.68524314
43.37147825 7.68524314
38.37147825 7.68524314
33.37147825 2.68524314
30.04743007 1.87779237
