38.40806155 85.43400699
38.40806155 80.43400699
38.40806155 75.43400699
38.40806155 70.43400699
38.40806155 65.43400699
38.40806155 60.43400699
38.40806155 55.43400699
33.40806155 50.43400699
28.40806155 45.43400699
28.40806155 40.43400699
28.40806155 35.43400699
28.40806155 30.43400699
33.40806155 25.43400699
38.40806155 20.43400699
43.40806155 20.43400699
48.40806155 20.43400699
53.40806155 20.43400699
58.40806155 15.43400699
63.40806155 15.43400699
68.40806155 10.43400699
73.40806155 10.43400699
78.40806155 5.43400699
83.40806155 5.43400699
88.18971249 2.13466506
