91.76733852 54.29498323
86.76733852 54.29498323
81.76733852 54.29498323
76.76733852 54.29498323
71.76733852 54.29498323
66.76733852 49.29498323
61.76733852 49.29498323
56.76733852 44.29498323
51.76733852 39.29498323
46.76733852 34.29498323
41.76733852 34.29498323
36.76733852 34.29498323
31.76733852 34.29498323
26.76733852 34.29498323
21.76733852 34.29498323
16.76733852 34.29498323
11.76733852 34.29498323
6.76733852 29.29498323
1.76733852 24.29498323
1.76733852 19.29498323
1.76733852 14.29498323
2.20705946 10.36712239
