85.92408373 89.47047661
80.92408373 84.47047661
75.92408373 79.47047661
70.92408373 74.47047661
65.92408373 69.47047661
60.92408373 64.47047661
55.92408373 64.47047661
50.92408373 64.47047661
45.92408373 59.47047661
40.92408373 54.47047661
40.92408373 49.47047661
35.92408373 44.47047661
35.92408373 39.47047661
30.92408373 34.47047661
30.92408373 29.47047661
25.92408373 24.47047661
25.92408373 19.47047661
20.92408373 14.47047661
20.92408373 9.47047661
20.92408373 4.47047661
18.03984601 2.98997909
