4.41586524 41.0809573
9.41586524 41.0809573
14.41586524 41.0809573
19.41586524 41.0809573
24.41586524 36.0809573
29.41586524 36.0809573
34.41586524 36.0809573
39.41586524 31.0809573
44.41586524 31.0809573
49.41586524 31.0809573
54.41586524 31.0809573
59.41586524 31.0809573
64.41586524 31.0809573
69.41586524 31.0809573
74.41586524 26.0809573
79.41586524 21.0809573
84.41586524 21.0809573
89.41586524 21.0809573
94.41586524 16.0809573
94.41586524 11.0809573
94.48896241 6.56647547
