95.52030372 0.23287307
95.52030372 5.23287307
95.52030372 10.23287307
95.52030372 15.23287307
90.52030372 20.23287307
85.52030372 25.23287307
85.52030372 30.23287307
85.52030372 35.23287307
85.52030372 40.23287307
80.52030372 45.23287307
75.52030372 50.23287307
70.52030372 55.23287307
65.52030372 60.23287307
60.52030372 65.23287307
60.52030372 70.23287307
55.52030372 75.23287307
55.52030372 80.23287307
50.52030372 85.23287307
50.52030372 90.23287307
48.37468674 93.59741555
