0.40922444 99.27293616
5.40922444 94.27293616
10.40922444 89.27293616
15.40922444 84.27293616
20.40922444 79.27293616
25.40922444 74.27293616
30.40922444 69.27293616
35.40922444 64.27293616
35.40922444 59.27293616
35.40922444 54.27293616
35.40922444 49.27293616
35.40922444 44.27293616
35.40922444 39.27293616
40.40922444 34.27293616
45.40922444 34.27293616
50.40922444 34.27293616
55.40922444 34.27293616
60.40922444 34.27293616
65.40922444 34.27293616
70.40922444 34.27293616
75.40922444 34.27293616
80.40922444 34.27293616
85.40922444 34.27293616
90.40922444 34.27293616
94.07064053 33.06626553
