2.22876677 39.04117688
7.22876677 39.04117688
12.22876677 39.04117688
17.22876677 39.04117688
22.22876677 44.04117688
27.22876677 49.04117688
32.22876677 54.04117688
37.22876677 59.04117688
42.22876677 59.04117688
47.22876677 64.04117688
52.22876677 59.04117688
57.22876677 59.04117688
62.22876677 54.04117688
67.22876677 49.04117688
72.22876677 44.04117688
77.22876677 39.04117688
82.22876677 39.04117688
87.22876677 34.04117688
92.22876677 34.04117688
97.22876677 34.04117688
99.24319452 30.30320063
