3.30425906 6.71927478
3.30425906 11.71927478
3.30425906 16.71927478
3.30425906 21.71927478
8.30425906 26.71927478
13.30425906 31.71927478
18.30425906 31.71927478
23.30425906 31.71927478
28.30425906 31.71927478
33.30425906 31.71927478
38.30425906 31.71927478
43.30425906 31.71927478
48.30425906 36.71927478
53.30425906 36.71927478
53.30425906 41.71927478
58.30425906 46.71927478
58.30425906 51.71927478
53.30425906 56.71927478
48.30425906 61.71927478
43.30425906 66.71927478
42.48362796 68.35510422
