37.53922583 28.09756888
37.53922583 33.09756888
32.53922583 38.09756888
32.53922583 43.09756888
32.53922583 48.09756888
32.53922583 53.09756888
32.53922583 58.09756888
32.53922583 63.09756888
32.53922583 68.09756888
32.53922583 73.09756888
32.53922583 78.09756888
32.53922583 83.09756888
37.53922583 88.09756888
42.53922583 93.09756888
47.53922583 93.09756888
52.53922583 98.09756888
57.53922583 98.09756888
62.53922583 98.09756888
67.53922583 98.09756888
72.53922583 98.09756888
76.93924353 94.69896522
