89.77415608 5.54811792
84.77415608 10.54811792
79.77415608 15.54811792
74.77415608 20.54811792
69.77415608 20.54811792
64.77415608 25.54811792
59.77415608 30.54811792
59.77415608 35.54811792
59.77415608 40.54811792
59.77415608 45.54811792
59.77415608 50.54811792
59.77415608 55.54811792
59.77415608 60.54811792
59.77415608 65.54811792
54.77415608 70.54811792
49.77415608 70.54811792
44.77415608 75.54811792
39.77415608 75.54811792
34.77415608 75.54811792
29.77415608 70.54811792
24.77415608 70.54811792
19.77415608 70.54811792
14.77415608 65.54811792
9.77415608 65.54811792
5.46448245 61.6248085
