10.29412551 92.90370792
15.29412551 87.90370792
20.29412551 82.90370792
25.29412551 77.90370792
30.29412551 72.90370792
35.29412551 67.90370792
40.29412551 62.90370792
45.29412551 57.90370792
50.29412551 57.90370792
55.29412551 52.90370792
60.29412551 47.90370792
60.29412551 42.90370792
60.29412551 37.90370792
60.29412551 32.90370792
60.29412551 27.90370792
60.29412551 22.90370792
60.29412551 17.90370792
60.29412551 12.90370792
60.29412551 7.90370792
59.69457941 3.79934861
