75.23933559 14.61364795
70.23933559 9.61364795
65.23933559 9.61364795
60.23933559 9.61364795
55.23933559 9.61364795
50.23933559 14.61364795
45.23933559 19.61364795
40.23933559 24.61364795
35.23933559 29.61364795
35.23933559 34.61364795
30.23933559 39.61364795
25.23933559 44.61364795
25.23933559 49.61364795
25.23933559 54.61364795
20.23933559 59.61364795
20.23933559 64.61364795
15.23933559 69.61364795
15.23933559 74.61364795
15.23933559 79.61364795
10.23933559 84.61364795
10.23933559 89.61364795
7.30742868 91.44150712
