86.14039947 10.21149951
81.14039947 15.21149951
76.14039947 20.21149951
71.14039947 25.21149951
66.14039947 30.21149951
61.14039947 35.21149951
56.14039947 40.21149951
51.14039947 45.21149951
46.14039947 50.21149951
41.14039947 55.21149951
36.14039947 60.21149951
31.14039947 65.21149951
26.14039947 70.21149951
21.14039947 70.21149951
16.14039947 70.21149951
11.14039947 70.21149951
6.14039947 75.21149951
1.14039947 80.21149951
1.14039947 85.21149951
1.14039947 90.21149951
0.87226522 93.58056015
