89.97431793 61.98646112
89.97431793 66.98646112
84.97431793 66.98646112
79.97431793 71.98646112
74.97431793 71.98646112
69.97431793 66.98646112
64.97431793 61.98646112
59.97431793 56.98646112
54.97431793 51.98646112
49.97431793 46.98646112
44.97431793 41.98646112
39.97431793 36.98646112
34.97431793 31.98646112
29.97431793 31.98646112
24.97431793 31.98646112
19.97431793 31.98646112
14.97431793 26.98646112
9.97431793 21.98646112
4.97431793 16.98646112
4.97431793 11.98646112
0.87192557 6.69003413
