1.6573634 98.00817533
1.6573634 93.00817533
1.6573634 88.00817533
1.6573634 83.00817533
1.6573634 78.00817533
1.6573634 73.00817533
1.6573634 68.00817533
6.6573634 63.00817533
11.6573634 58.00817533
16.6573634 53.00817533
21.6573634 48.00817533
21.6573634 43.00817533
21.6573634 38.00817533
21.6573634 33.00817533
21.6573634 28.00817533
21.6573634 23.00817533
21.6573634 18.00817533
21.6573634 13.00817533
21.6573634 8.00817533
21.6573634 3.00817533
24.44620408 0.34994921
