0.23262547 28.97575508
5.23262547 28.97575508
10.23262547 28.97575508
15.23262547 28.97575508
20.23262547 28.97575508
25.23262547 28.97575508
30.23262547 23.97575508
35.23262547 18.97575508
40.23262547 18.97575508
45.23262547 18.97575508
50.23262547 18.97575508
55.23262547 23.97575508
60.23262547 28.97575508
65.23262547 33.97575508
70.23262547 33.97575508
75.23262547 38.97575508
80.23262547 38.97575508
85.23262547 38.97575508
90.23262547 43.97575508
92.52919582 44.83354038
