43.99732153 90.3871817
38.99732153 85.3871817
33.99732153 80.3871817
28.99732153 75.3871817
23.99732153 70.3871817
18.99732153 70.3871817
13.99732153 65.3871817
8.99732153 65.3871817
3.99732153 60.3871817
3.99732153 55.3871817
3.99732153 50.3871817
3.99732153 45.3871817
3.99732153 40.3871817
3.99732153 35.3871817
3.99732153 30.3871817
3.99732153 25.3871817
3.99732153 20.3871817
3.99732153 15.3871817
8.99732153 10.3871817
8.99732153 5.3871817
11.62179299 3.11943204
