39.82143418 21.36932016
39.82143418 26.36932016
39.82143418 31.36932016
39.82143418 36.36932016
39.82143418 41.36932016
39.82143418 46.36932016
39.82143418 51.36932016
44.82143418 56.36932016
49.82143418 61.36932016
54.82143418 66.36932016
59.82143418 71.36932016
59.82143418 76.36932016
59.82143418 81.36932016
59.82143418 86.36932016
64.82143418 91.36932016
69.82143418 96.36932016
74.82143418 96.36932016
79.82143418 96.36932016
84.82143418 96.36932016
87.06024428 95.06232892
