80.35806254 14.62677946
75.35806254 19.62677946
75.35806254 24.62677946
75.35806254 29.62677946
75.35806254 34.62677946
75.35806254 39.62677946
75.35806254 44.62677946
75.35806254 49.62677946
75.35806254 54.62677946
70.35806254 59.62677946
65.35806254 64.62677946
60.35806254 69.62677946
55.35806254 69.62677946
50.35806254 69.62677946
45.35806254 69.62677946
40.35806254 74.62677946
35.35806254 79.62677946
30.35806254 79.62677946
25.35806254 79.62677946
20.35806254 79.62677946
15.35806254 79.62677946
10.35806254 79.62677946
7.87542169 80.64547115
