82.41537967 95.89510835
77.41537967 90.89510835
72.41537967 90.89510835
67.41537967 90.89510835
62.41537967 90.89510835
57.41537967 90.89510835
52.41537967 85.89510835
47.41537967 85.89510835
42.41537967 80.89510835
37.41537967 75.89510835
37.41537967 70.89510835
37.41537967 65.89510835
37.41537967 60.89510835
37.41537967 55.89510835
32.41537967 50.89510835
32.41537967 45.89510835
32.41537967 40.89510835
27.41537967 35.89510835
27.41537967 30.89510835
22.41537967 25.89510835
20.5626194 20.1236466
