14.2722528 74.3864348
19.2722528 69.3864348
19.2722528 64.3864348
19.2722528 59.3864348
19.2722528 54.3864348
19.2722528 49.3864348
24.2722528 44.3864348
29.2722528 39.3864348
34.2722528 34.3864348
39.2722528 29.3864348
44.2722528 29.3864348
49.2722528 29.3864348
54.2722528 29.3864348
59.2722528 29.3864348
64.2722528 29.3864348
69.2722528 29.3864348
74.2722528 24.3864348
79.2722528 24.3864348
84.2722528 19.3864348
89.2722528 19.3864348
94.2722528 14.3864348
97.36667499 14.14076798
