94.73304683 29.37405763
89.73304683 29.37405763
84.73304683 29.37405763
79.73304683 29.37405763
74.73304683 29.37405763
69.73304683 29.37405763
64.73304683 29.37405763
59.73304683 29.37405763
54.73304683 29.37405763
49.73304683 29.37405763
44.73304683 29.37405763
39.73304683 29.37405763
34.73304683 29.37405763
29.73304683 24.37405763
24.73304683 24.37405763
19.73304683 24.37405763
14.73304683 24.37405763
9.73304683 29.37405763
4.73304683 34.37405763
2.05373466 40.49945909
