7.97797977 22.71904355
12.97797977 27.71904355
17.97797977 32.71904355
22.97797977 37.71904355
27.97797977 42.71904355
27.97797977 47.71904355
27.97797977 52.71904355
27.97797977 57.71904355
27.97797977 62.71904355
32.97797977 67.71904355
37.97797977 72.71904355
42.97797977 72.71904355
47.97797977 72.71904355
52.97797977 77.71904355
57.97797977 77.71904355
62.97797977 82.71904355
67.97797977 82.71904355
72.97797977 87.71904355
77.97797977 92.71904355
84.78286461 91.36755541
