13.14099953 81.62248143
18.14099953 76.62248143
23.14099953 71.62248143
28.14099953 66.62248143
33.14099953 61.62248143
38.14099953 61.62248143
43.14099953 61.62248143
48.14099953 61.62248143
53.14099953 56.62248143
53.14099953 51.62248143
53.14099953 46.62248143
53.14099953 41.62248143
53.14099953 36.62248143
53.14099953 31.62248143
53.14099953 26.62248143
53.14099953 21.62248143
53.14099953 16.62248143
53.14099953 11.62248143
58.14099953 6.62248143
58.2743279 0.49760225
