93.0028087 7.79493866
88.0028087 7.79493866
83.0028087 7.79493866
78.0028087 7.79493866
73.0028087 7.79493866
68.0028087 7.79493866
63.0028087 7.79493866
58.0028087 7.79493866
53.0028087 12.79493866
48.0028087 17.79493866
48.0028087 22.79493866
48.0028087 27.79493866
48.0028087 32.79493866
48.0028087 37.79493866
48.0028087 42.79493866
48.0028087 47.79493866
48.0028087 52.79493866
48.0028087 57.79493866
48.0028087 62.79493866
48.0028087 67.79493866
48.0028087 72.79493866
48.0028087 77.79493866
51.51684654 80.70736839
