74.06118176 81.63509489
74.06118176 76.63509489
74.06118176 71.63509489
74.06118176 66.63509489
74.06118176 61.63509489
74.06118176 56.63509489
69.06118176 51.63509489
69.06118176 46.63509489
64.06118176 41.63509489
59.06118176 41.63509489
54.06118176 41.63509489
49.06118176 41.63509489
44.06118176 46.63509489
39.06118176 51.63509489
34.06118176 56.63509489
29.06118176 61.63509489
24.06118176 61.63509489
19.06118176 66.63509489
14.06118176 66.63509489
9.06118176 71.63509489
4.06118176 71.63509489
0.56994036 74.6309541
