21.62054773 99.63331353
21.62054773 94.63331353
21.62054773 89.63331353
21.62054773 84.63331353
21.62054773 79.63331353
21.62054773 74.63331353
21.62054773 69.63331353
21.62054773 64.63331353
21.62054773 59.63331353
21.62054773 54.63331353
21.62054773 49.63331353
21.62054773 44.63331353
21.62054773 39.63331353
21.62054773 34.63331353
21.62054773 29.63331353
26.62054773 24.63331353
31.62054773 19.63331353
36.62054773 14.63331353
41.62054773 14.63331353
46.62054773 14.63331353
52.78332306 12.67977046
