13.34729763 11.7947856
18.34729763 16.7947856
23.34729763 21.7947856
28.34729763 26.7947856
33.34729763 31.7947856
38.34729763 36.7947856
43.34729763 36.7947856
48.34729763 36.7947856
53.34729763 36.7947856
58.34729763 36.7947856
63.34729763 36.7947856
68.34729763 36.7947856
73.34729763 41.7947856
73.34729763 46.7947856
73.34729763 51.7947856
73.34729763 56.7947856
73.34729763 61.7947856
73.34729763 66.7947856
78.34729763 71.7947856
78.34729763 76.7947856
83.34729763 81.7947856
83.34729763 86.7947856
85.76351622 91.95397542
