11.57044238 70.63186116
16.57044238 65.63186116
21.57044238 65.63186116
26.57044238 65.63186116
31.57044238 65.63186116
36.57044238 65.63186116
41.57044238 60.63186116
46.57044238 60.63186116
51.57044238 55.63186116
56.57044238 50.63186116
61.57044238 45.63186116
66.57044238 40.63186116
71.57044238 35.63186116
76.57044238 35.63186116
81.57044238 30.63186116
86.57044238 25.63186116
86.57044238 20.63186116
86.57044238 15.63186116
86.57044238 10.63186116
84.02068703 8.30995343
