98.78904633 29.37774213
93.78904633 29.37774213
88.78904633 29.37774213
83.78904633 29.37774213
78.78904633 34.37774213
73.78904633 34.37774213
68.78904633 39.37774213
63.78904633 44.37774213
58.78904633 49.37774213
53.78904633 54.37774213
48.78904633 59.37774213
43.78904633 64.37774213
38.78904633 69.37774213
33.78904633 74.37774213
28.78904633 79.37774213
23.78904633 84.37774213
18.78904633 89.37774213
13.78904633 94.37774213
8.78904633 94.37774213
3.78904633 99.37774213
1.35555221 98.79737445
