67.97938839 99.05093666
67.97938839 94.05093666
67.97938839 89.05093666
67.97938839 84.05093666
67.97938839 79.05093666
67.97938839 74.05093666
67.97938839 69.05093666
67.97938839 64.05093666
67.97938839 59.05093666
67.97938839 54.05093666
67.97938839 49.05093666
67.97938839 44.05093666
62.97938839 39.05093666
62.97938839 34.05093666
57.97938839 29.05093666
62.97938839 24.05093666
62.97938839 19.05093666
67.97938839 14.05093666
72.97938839 14.05093666
77.97938839 14.05093666
82.97938839 14.05093666
88.53665362 12.06183159
