1.44367255 40.81352769
6.44367255 40.81352769
11.44367255 40.81352769
16.44367255 40.81352769
21.44367255 40.81352769
26.44367255 40.81352769
31.44367255 40.81352769
36.44367255 45.81352769
41.44367255 45.81352769
46.44367255 40.81352769
51.44367255 35.81352769
56.44367255 30.81352769
61.44367255 25.81352769
66.44367255 20.81352769
71.44367255 15.81352769
76.44367255 10.81352769
81.44367255 10.81352769
86.44367255 10.81352769
91.44367255 5.81352769
95.89102315 4.21907217
