24.33850226 11.81829097
24.33850226 16.81829097
24.33850226 21.81829097
24.33850226 26.81829097
24.33850226 31.81829097
24.33850226 36.81829097
24.33850226 41.81829097
19.33850226 46.81829097
19.33850226 51.81829097
14.33850226 56.81829097
14.33850226 61.81829097
19.33850226 66.81829097
24.33850226 71.81829097
29.33850226 76.81829097
34.33850226 76.81829097
39.33850226 81.81829097
44.33850226 86.81829097
49.33850226 86.81829097
54.33850226 86.81829097
59.33850226 86.81829097
61.7819852 88.37372609
