67.23281889 8.53430545
67.23281889 13.53430545
67.23281889 18.53430545
67.23281889 23.53430545
67.23281889 28.53430545
62.23281889 33.53430545
57.23281889 38.53430545
52.23281889 43.53430545
47.23281889 43.53430545
42.23281889 43.53430545
37.23281889 48.53430545
32.23281889 48.53430545
27.23281889 53.53430545
22.23281889 58.53430545
17.23281889 63.53430545
12.23281889 68.53430545
7.23281889 73.53430545
2.23281889 78.53430545
2.23281889 83.53430545
2.23281889 88.53430545
2.23281889 93.53430545
3.61209228 96.26444336
