2.86756493 15.32968186
7.86756493 15.32968186
12.86756493 15.32968186
17.86756493 15.32968186
22.86756493 10.32968186
27.86756493 10.32968186
32.86756493 5.32968186
37.86756493 5.32968186
42.86756493 5.32968186
47.86756493 5.32968186
52.86756493 5.32968186
57.86756493 5.32968186
62.86756493 5.32968186
67.86756493 10.32968186
72.86756493 15.32968186
72.86756493 20.32968186
72.86756493 25.32968186
72.86756493 30.32968186
72.86756493 35.32968186
72.86756493 40.32968186
72.86756493 45.32968186
72.86756493 50.32968186
72.86756493 55.32968186
72.86756493 60.32968186
72.86756493 65.32968186
72.86756493 70.32968186
72.86756493 75.32968186
72.86756493 80.32968186
77.86756493 85.32968186
77.86756493 90.32968186
77.86756493 95.32968186
81.65237125 98.84484215
