5.67414528 69.3454244
10.67414528 69.3454244
15.67414528 74.3454244
20.67414528 74.3454244
25.67414528 74.3454244
30.67414528 74.3454244
35.67414528 74.3454244
40.67414528 69.3454244
45.67414528 64.3454244
50.67414528 59.3454244
55.67414528 54.3454244
60.67414528 49.3454244
65.67414528 44.3454244
70.67414528 39.3454244
75.67414528 34.3454244
80.67414528 29.3454244
85.67414528 24.3454244
90.67414528 19.3454244
95.67414528 14.3454244
98.91777905 12.53939593
