95.22268437 4.80041797
90.22268437 4.80041797
85.22268437 4.80041797
80.22268437 4.80041797
75.22268437 4.80041797
70.22268437 4.80041797
65.22268437 4.80041797
60.22268437 9.80041797
55.22268437 14.80041797
50.22268437 19.80041797
45.22268437 24.80041797
40.22268437 24.80041797
35.22268437 24.80041797
30.22268437 24.80041797
25.22268437 24.80041797
20.22268437 24.80041797
15.22268437 29.80041797
10.22268437 29.80041797
5.22268437 34.80041797
0.82253432 35.76052884
