86.08655351 39.96347941
81.08655351 39.96347941
76.08655351 39.96347941
71.08655351 34.96347941
66.08655351 29.96347941
61.08655351 24.96347941
56.08655351 24.96347941
51.08655351 29.96347941
46.08655351 29.96347941
41.08655351 29.96347941
36.08655351 29.96347941
31.08655351 29.96347941
26.08655351 29.96347941
21.08655351 34.96347941
16.08655351 39.96347941
16.08655351 44.96347941
16.08655351 49.96347941
16.08655351 54.96347941
16.08655351 59.96347941
11.08655351 64.96347941
11.08655351 69.96347941
6.08655351 74.96347941
6.08655351 79.96347941
1.08655351 84.96347941
0.38478766 89.93629943
