12.94544442 96.23724995
17.94544442 96.23724995
22.94544442 96.23724995
27.94544442 91.23724995
32.94544442 86.23724995
37.94544442 81.23724995
37.94544442 76.23724995
37.94544442 71.23724995
37.94544442 66.23724995
37.94544442 61.23724995
37.94544442 56.23724995
37.94544442 51.23724995
42.94544442 46.23724995
47.94544442 41.23724995
52.94544442 36.23724995
57.94544442 31.23724995
62.94544442 26.23724995
67.94544442 21.23724995
72.94544442 21.23724995
77.94544442 16.23724995
82.94544442 16.23724995
87.94544442 11.23724995
92.94544442 11.23724995
97.29156564 8.83933981
