31.74716035 97.71903278
36.74716035 92.71903278
41.74716035 87.71903278
46.74716035 82.71903278
51.74716035 82.71903278
56.74716035 77.71903278
61.74716035 72.71903278
66.74716035 67.71903278
71.74716035 62.71903278
71.74716035 57.71903278
71.74716035 52.71903278
76.74716035 47.71903278
76.74716035 42.71903278
81.74716035 37.71903278
81.74716035 32.71903278
86.74716035 27.71903278
86.74716035 22.71903278
91.74716035 17.71903278
91.74716035 12.71903278
93.52092039 9.73748058
