0.16648294 87.68857349
5.16648294 82.68857349
10.16648294 77.68857349
15.16648294 72.68857349
20.16648294 67.68857349
25.16648294 67.68857349
30.16648294 67.68857349
35.16648294 67.68857349
40.16648294 62.68857349
45.16648294 62.68857349
50.16648294 57.68857349
55.16648294 52.68857349
55.16648294 47.68857349
55.16648294 42.68857349
55.16648294 37.68857349
55.16648294 32.68857349
55.16648294 27.68857349
55.16648294 22.68857349
50.16648294 17.68857349
45.16648294 17.68857349
40.16648294 17.68857349
33.35181323 17.14532972
