88.37161101 4.91404091
83.37161101 4.91404091
78.37161101 4.91404091
73.37161101 9.91404091
68.37161101 14.91404091
68.37161101 19.91404091
63.37161101 24.91404091
58.37161101 29.91404091
53.37161101 34.91404091
48.37161101 39.91404091
48.37161101 44.91404091
48.37161101 49.91404091
48.37161101 54.91404091
48.37161101 59.91404091
48.37161101 64.91404091
53.37161101 69.91404091
58.37161101 74.91404091
63.37161101 79.91404091
68.37161101 84.91404091
63.37161101 89.91404091
63.37161101 94.91404091
58.37161101 99.91404091
54.38214599 99.77587839
