35.35980873 14.25367236
35.35980873 19.25367236
30.35980873 24.25367236
25.35980873 29.25367236
20.35980873 34.25367236
15.35980873 39.25367236
15.35980873 44.25367236
20.35980873 49.25367236
25.35980873 54.25367236
25.35980873 59.25367236
25.35980873 64.25367236
25.35980873 69.25367236
25.35980873 74.25367236
30.35980873 79.25367236
35.35980873 84.25367236
40.35980873 84.25367236
45.35980873 84.25367236
50.35980873 84.25367236
55.35980873 84.25367236
60.35980873 84.25367236
65.35980873 84.25367236
70.35980873 84.25367236
75.35980873 84.25367236
80.35980873 84.25367236
85.35980873 84.25367236
90.35980873 84.25367236
95.35980873 84.25367236
99.32852155 79.78001581
