20.81200062 83.41347388
20.81200062 78.41347388
15.81200062 73.41347388
15.81200062 68.41347388
20.81200062 63.41347388
20.81200062 58.41347388
25.81200062 58.41347388
30.81200062 53.41347388
35.81200062 53.41347388
40.81200062 53.41347388
45.81200062 53.41347388
50.81200062 53.41347388
55.81200062 53.41347388
60.81200062 53.41347388
65.81200062 53.41347388
70.81200062 53.41347388
75.81200062 58.41347388
80.81200062 63.41347388
85.81200062 68.41347388
89.49441597 70.70944676
