24.03044339 33.37530002
29.03044339 38.37530002
34.03044339 43.37530002
39.03044339 48.37530002
44.03044339 53.37530002
49.03044339 58.37530002
54.03044339 63.37530002
59.03044339 63.37530002
64.03044339 63.37530002
69.03044339 63.37530002
74.03044339 63.37530002
79.03044339 63.37530002
84.03044339 63.37530002
89.03044339 68.37530002
94.03044339 73.37530002
99.03044339 78.37530002
99.03044339 83.37530002
99.03044339 88.37530002
99.03044339 93.37530002
99.59430136 99.37708746
