9.25384453 97.35520612
9.25384453 92.35520612
9.25384453 87.35520612
9.25384453 82.35520612
9.25384453 77.35520612
14.25384453 72.35520612
14.25384453 67.35520612
14.25384453 62.35520612
14.25384453 57.35520612
14.25384453 52.35520612
19.25384453 47.35520612
24.25384453 42.35520612
29.25384453 37.35520612
34.25384453 32.35520612
39.25384453 27.35520612
44.25384453 22.35520612
49.25384453 22.35520612
54.25384453 22.35520612
59.25384453 17.35520612
64.25384453 12.35520612
69.25384453 7.35520612
71.37708765 0.79513118
