57.60526995 97.6640441
57.60526995 92.6640441
57.60526995 87.6640441
57.60526995 82.6640441
57.60526995 77.6640441
57.60526995 72.6640441
57.60526995 67.6640441
57.60526995 62.6640441
57.60526995 57.6640441
57.60526995 52.6640441
57.60526995 47.6640441
57.60526995 42.6640441
57.60526995 37.6640441
62.60526995 32.6640441
62.60526995 27.6640441
67.60526995 22.6640441
67.60526995 17.6640441
72.60526995 12.6640441
72.60526995 7.6640441
72.60526995 2.6640441
75.07361629 0.93458295
