92.0247768 97.70061173
87.0247768 97.70061173
82.0247768 92.70061173
77.0247768 92.70061173
72.0247768 87.70061173
67.0247768 82.70061173
62.0247768 77.70061173
57.0247768 72.70061173
52.0247768 67.70061173
47.0247768 62.70061173
42.0247768 62.70061173
37.0247768 57.70061173
32.0247768 52.70061173
27.0247768 47.70061173
27.0247768 42.70061173
27.0247768 37.70061173
27.0247768 32.70061173
27.0247768 27.70061173
27.0247768 22.70061173
23.85057007 17.16692658
