5.33626466 15.62621254
10.33626466 20.62621254
15.33626466 25.62621254
20.33626466 30.62621254
25.33626466 35.62621254
30.33626466 40.62621254
35.33626466 45.62621254
40.33626466 50.62621254
45.33626466 50.62621254
50.33626466 50.62621254
55.33626466 55.62621254
60.33626466 55.62621254
65.33626466 60.62621254
70.33626466 60.62621254
75.33626466 60.62621254
80.33626466 60.62621254
85.33626466 60.62621254
90.33626466 65.62621254
95.33626466 70.62621254
96.62523903 74.16329941
