99.64479376 52.98204001
94.64479376 57.98204001
89.64479376 62.98204001
84.64479376 67.98204001
79.64479376 67.98204001
74.64479376 67.98204001
69.64479376 67.98204001
64.64479376 67.98204001
59.64479376 67.98204001
54.64479376 62.98204001
49.64479376 62.98204001
44.64479376 57.98204001
39.64479376 57.98204001
34.64479376 52.98204001
29.64479376 52.98204001
24.64479376 47.98204001
19.64479376 47.98204001
14.64479376 42.98204001
9.64479376 42.98204001
6.12111953 41.33384635
