0.24185907 81.61478768
5.24185907 76.61478768
10.24185907 71.61478768
15.24185907 66.61478768
15.24185907 61.61478768
20.24185907 56.61478768
25.24185907 51.61478768
30.24185907 51.61478768
35.24185907 51.61478768
40.24185907 56.61478768
45.24185907 56.61478768
45.24185907 61.61478768
50.24185907 66.61478768
55.24185907 71.61478768
60.24185907 76.61478768
60.24185907 81.61478768
60.24185907 86.61478768
60.24185907 91.61478768
55.24185907 96.61478768
52.23865335 96.99466061
