96.42663742 22.27590048
91.42663742 22.27590048
86.42663742 22.27590048
81.42663742 22.27590048
76.42663742 22.27590048
71.42663742 22.27590048
66.42663742 22.27590048
61.42663742 17.27590048
56.42663742 17.27590048
51.42663742 12.27590048
46.42663742 12.27590048
41.42663742 17.27590048
36.42663742 22.27590048
36.42663742 27.27590048
36.42663742 32.27590048
31.42663742 37.27590048
26.42663742 42.27590048
21.42663742 47.27590048
16.42663742 52.27590048
11.42663742 57.27590048
11.42663742 62.27590048
11.42663742 67.27590048
11.42663742 72.27590048
16.42663742 77.27590048
21.42663742 82.27590048
26.42663742 87.27590048
31.42663742 87.27590048
36.42663742 92.27590048
41.42663742 92.27590048
46.42663742 97.27590048
49.10271943 96.74505074
