99.95911489 86.73288244
94.95911489 81.73288244
89.95911489 76.73288244
84.95911489 71.73288244
79.95911489 66.73288244
74.95911489 61.73288244
69.95911489 56.73288244
64.95911489 51.73288244
59.95911489 51.73288244
54.95911489 51.73288244
49.95911489 51.73288244
44.95911489 51.73288244
39.95911489 51.73288244
34.95911489 51.73288244
29.95911489 51.73288244
24.95911489 46.73288244
19.95911489 41.73288244
14.95911489 36.73288244
14.95911489 31.73288244
14.95911489 26.73288244
11.10480549 24.57364077
