93.80470272 56.35612987
98.80470272 61.35612987
98.80470272 66.35612987
98.80470272 71.35612987
98.80470272 76.35612987
98.80470272 81.35612987
98.80470272 86.35612987
93.80470272 91.35612987
88.80470272 91.35612987
83.80470272 91.35612987
78.80470272 91.35612987
73.80470272 86.35612987
68.80470272 81.35612987
63.80470272 81.35612987
58.80470272 76.35612987
53.80470272 76.35612987
48.80470272 71.35612987
43.80470272 71.35612987
38.80470272 66.35612987
33.80470272 66.35612987
28.80470272 61.35612987
23.80470272 61.35612987
21.76870849 60.03564818
