6.63078782 9.57568833
11.63078782 14.57568833
16.63078782 19.57568833
16.63078782 24.57568833
16.63078782 29.57568833
16.63078782 34.57568833
16.63078782 39.57568833
21.63078782 44.57568833
26.63078782 49.57568833
31.63078782 54.57568833
36.63078782 59.57568833
36.63078782 64.57568833
36.63078782 69.57568833
36.63078782 74.57568833
36.63078782 79.57568833
36.63078782 84.57568833
41.63078782 89.57568833
46.63078782 94.57568833
51.63078782 94.57568833
56.63078782 94.57568833
61.63078782 94.57568833
66.63078782 94.57568833
71.63078782 89.57568833
76.63078782 84.57568833
82.56035819 84.81730646
