0.44126082 97.07003846
5.44126082 92.07003846
10.44126082 87.07003846
15.44126082 82.07003846
20.44126082 82.07003846
25.44126082 77.07003846
30.44126082 72.07003846
35.44126082 67.07003846
40.44126082 62.07003846
45.44126082 57.07003846
45.44126082 52.07003846
45.44126082 47.07003846
45.44126082 42.07003846
45.44126082 37.07003846
50.44126082 32.07003846
50.44126082 27.07003846
55.44126082 22.07003846
60.44126082 17.07003846
65.44126082 17.07003846
70.44126082 17.07003846
72.74566636 15.5120934
