9.84021337 34.82308217
14.84021337 29.82308217
19.84021337 24.82308217
19.84021337 19.82308217
24.84021337 14.82308217
29.84021337 14.82308217
34.84021337 14.82308217
39.84021337 14.82308217
44.84021337 14.82308217
49.84021337 14.82308217
54.84021337 14.82308217
59.84021337 14.82308217
64.84021337 14.82308217
69.84021337 14.82308217
74.84021337 14.82308217
79.84021337 19.82308217
84.84021337 24.82308217
84.84021337 29.82308217
84.84021337 34.82308217
84.84021337 39.82308217
84.84021337 44.82308217
89.84021337 49.82308217
89.84021337 54.82308217
89.84021337 59.82308217
89.84021337 64.82308217
89.84021337 69.82308217
89.84021337 74.82308217
94.84021337 79.82308217
93.80429447 81.96502453
