51.19997684 97.50971938
51.19997684 92.50971938
51.19997684 87.50971938
51.19997684 82.50971938
51.19997684 77.50971938
51.19997684 72.50971938
51.19997684 67.50971938
51.19997684 62.50971938
56.19997684 57.50971938
61.19997684 52.50971938
66.19997684 47.50971938
66.19997684 42.50971938
66.19997684 37.50971938
66.19997684 32.50971938
66.19997684 27.50971938
66.19997684 22.50971938
66.19997684 17.50971938
66.19997684 12.50971938
66.19997684 7.50971938
69.02153365 4.64077941
