33.85403386 2.85178502
33.85403386 7.85178502
33.85403386 12.85178502
33.85403386 17.85178502
33.85403386 22.85178502
33.85403386 27.85178502
38.85403386 32.85178502
43.85403386 37.85178502
48.85403386 42.85178502
48.85403386 47.85178502
53.85403386 52.85178502
48.85403386 57.85178502
43.85403386 62.85178502
38.85403386 67.85178502
38.85403386 72.85178502
38.85403386 77.85178502
38.85403386 82.85178502
43.85403386 87.85178502
48.85403386 92.85178502
53.85403386 97.85178502
55.25230852 98.85209389
