0.47160485 74.02682373
5.47160485 74.02682373
10.47160485 74.02682373
15.47160485 74.02682373
20.47160485 74.02682373
25.47160485 74.02682373
30.47160485 74.02682373
35.47160485 74.02682373
40.47160485 74.02682373
45.47160485 69.02682373
50.47160485 64.02682373
55.47160485 59.02682373
60.47160485 54.02682373
65.47160485 54.02682373
70.47160485 54.02682373
75.47160485 59.02682373
80.47160485 59.02682373
85.47160485 64.02682373
90.47160485 69.02682373
95.63144394 69.41463336
