82.39322099 82.70219578
77.39322099 77.70219578
72.39322099 72.70219578
67.39322099 67.70219578
62.39322099 62.70219578
57.39322099 57.70219578
52.39322099 52.70219578
47.39322099 47.70219578
47.39322099 42.70219578
47.39322099 37.70219578
47.39322099 32.70219578
42.39322099 27.70219578
37.39322099 22.70219578
32.39322099 22.70219578
27.39322099 22.70219578
22.39322099 22.70219578
17.39322099 22.70219578
12.39322099 17.70219578
7.39322099 17.70219578
1.69013226 15.07513161
