53.28495151 92.79809263
58.28495151 87.79809263
63.28495151 82.79809263
63.28495151 77.79809263
68.28495151 72.79809263
68.28495151 67.79809263
68.28495151 62.79809263
68.28495151 57.79809263
68.28495151 52.79809263
68.28495151 47.79809263
68.28495151 42.79809263
68.28495151 37.79809263
68.28495151 32.79809263
68.28495151 27.79809263
73.28495151 22.79809263
78.28495151 17.79809263
83.28495151 12.79809263
88.28495151 12.79809263
93.28495151 12.79809263
97.18480389 8.81533269
