4.46563028 19.53001456
4.46563028 24.53001456
4.46563028 29.53001456
4.46563028 34.53001456
4.46563028 39.53001456
4.46563028 44.53001456
9.46563028 49.53001456
9.46563028 54.53001456
9.46563028 59.53001456
9.46563028 64.53001456
14.46563028 69.53001456
19.46563028 74.53001456
24.46563028 74.53001456
29.46563028 74.53001456
34.46563028 74.53001456
39.46563028 74.53001456
44.46563028 74.53001456
49.46563028 74.53001456
54.46563028 74.53001456
59.46563028 79.53001456
64.46563028 79.53001456
68.07608636 78.05231976
