51.96048922 99.64161646
51.96048922 94.64161646
51.96048922 89.64161646
51.96048922 84.64161646
51.96048922 79.64161646
51.96048922 74.64161646
51.96048922 69.64161646
51.96048922 64.64161646
51.96048922 59.64161646
51.96048922 54.64161646
51.96048922 49.64161646
51.96048922 44.64161646
56.96048922 39.64161646
61.96048922 34.64161646
66.96048922 29.64161646
66.96048922 24.64161646
66.96048922 19.64161646
66.96048922 14.64161646
61.96048922 9.64161646
56.96048922 9.64161646
51.96048922 4.64161646
46.96048922 4.64161646
41.96048922 4.64161646
36.96048922 4.64161646
31.96048922 4.64161646
26.96048922 4.64161646
21.96048922 4.64161646
16.96048922 4.64161646
11.96048922 9.64161646
6.96048922 9.64161646
2.99211764 11.70867696
