97.32596706 54.24895638
92.32596706 54.24895638
87.32596706 54.24895638
82.32596706 54.24895638
77.32596706 59.24895638
72.32596706 59.24895638
67.32596706 59.24895638
62.32596706 59.24895638
57.32596706 59.24895638
52.32596706 59.24895638
47.32596706 59.24895638
42.32596706 59.24895638
37.32596706 59.24895638
32.32596706 64.24895638
27.32596706 69.24895638
22.32596706 69.24895638
17.32596706 64.24895638
12.32596706 59.24895638
7.32596706 54.24895638
7.32596706 49.24895638
7.32596706 44.24895638
7.32596706 39.24895638
7.32596706 34.24895638
3.80726294 30.77664628
