56.26589104 61.38067942
51.26589104 61.38067942
46.26589104 61.38067942
41.26589104 61.38067942
36.26589104 61.38067942
31.26589104 66.38067942
26.26589104 66.38067942
21.26589104 66.38067942
16.26589104 61.38067942
11.26589104 61.38067942
6.26589104 56.38067942
6.26589104 51.38067942
6.26589104 46.38067942
6.26589104 41.38067942
6.26589104 36.38067942
6.26589104 31.38067942
6.26589104 26.38067942
6.26589104 21.38067942
6.26589104 16.38067942
6.26589104 11.38067942
6.72882735 4.39479333
