59.76168432 97.88544569
64.76168432 92.88544569
69.76168432 92.88544569
74.76168432 87.88544569
79.76168432 82.88544569
79.76168432 77.88544569
84.76168432 72.88544569
84.76168432 67.88544569
84.76168432 62.88544569
84.76168432 57.88544569
84.76168432 52.88544569
84.76168432 47.88544569
84.76168432 42.88544569
84.76168432 37.88544569
84.76168432 32.88544569
84.76168432 27.88544569
84.76168432 22.88544569
84.76168432 17.88544569
84.76168432 12.88544569
84.76168432 7.88544569
84.76168432 2.88544569
86.0082955 0.64451085
