8.26768075 3.18688513
13.26768075 8.18688513
18.26768075 13.18688513
18.26768075 18.18688513
18.26768075 23.18688513
18.26768075 28.18688513
23.26768075 33.18688513
28.26768075 38.18688513
33.26768075 43.18688513
38.26768075 48.18688513
43.26768075 53.18688513
48.26768075 58.18688513
53.26768075 63.18688513
53.26768075 68.18688513
58.26768075 73.18688513
58.26768075 78.18688513
63.26768075 83.18688513
63.26768075 88.18688513
63.26768075 93.18688513
67.21523756 96.08937488
