92.30251959 48.16578359
87.30251959 48.16578359
82.30251959 48.16578359
77.30251959 48.16578359
72.30251959 48.16578359
67.30251959 53.16578359
62.30251959 58.16578359
57.30251959 63.16578359
52.30251959 68.16578359
47.30251959 73.16578359
42.30251959 78.16578359
37.30251959 83.16578359
32.30251959 88.16578359
27.30251959 93.16578359
22.30251959 93.16578359
17.30251959 93.16578359
12.30251959 93.16578359
7.30251959 88.16578359
2.30251959 83.16578359
2.30251959 78.16578359
2.30251959 73.16578359
2.30251959 68.16578359
2.30251959 63.16578359
2.30251959 58.16578359
1.04138581 53.4184349
