26.59591233 94.91561362
26.59591233 89.91561362
26.59591233 84.91561362
21.59591233 79.91561362
16.59591233 74.91561362
11.59591233 69.91561362
6.59591233 64.91561362
6.59591233 59.91561362
6.59591233 54.91561362
6.59591233 49.91561362
6.59591233 44.91561362
6.59591233 39.91561362
6.59591233 34.91561362
6.59591233 29.91561362
6.59591233 24.91561362
6.59591233 19.91561362
6.59591233 14.91561362
6.59591233 9.91561362
11.59591233 4.91561362
12.21948583 1.18853254
