99.16259358 59.95955992
94.16259358 59.95955992
89.16259358 59.95955992
84.16259358 59.95955992
79.16259358 59.95955992
74.16259358 64.95955992
69.16259358 64.95955992
64.16259358 64.95955992
59.16259358 64.95955992
54.16259358 64.95955992
49.16259358 64.95955992
44.16259358 64.95955992
39.16259358 59.95955992
34.16259358 59.95955992
29.16259358 59.95955992
24.16259358 54.95955992
19.16259358 54.95955992
14.16259358 49.95955992
9.16259358 44.95955992
2.9727432 45.8674541
