0.57236343 23.46131207
5.57236343 28.46131207
5.57236343 33.46131207
5.57236343 38.46131207
5.57236343 43.46131207
5.57236343 48.46131207
5.57236343 53.46131207
5.57236343 58.46131207
5.57236343 63.46131207
5.57236343 68.46131207
10.57236343 73.46131207
15.57236343 78.46131207
20.57236343 78.46131207
25.57236343 78.46131207
30.57236343 83.46131207
35.57236343 88.46131207
40.57236343 93.46131207
45.57236343 93.46131207
50.57236343 93.46131207
55.57236343 93.46131207
60.57236343 88.46131207
65.57236343 83.46131207
70.57236343 78.46131207
70.57236343 73.46131207
75.57236343 68.46131207
80.57236343 63.46131207
80.57236343 58.46131207
80.57236343 53.46131207
80.57236343 48.46131207
75.57236343 43.46131207
70.57236343 38.46131207
70.03297925 38.43779389
