1.05489399 80.12724085
6.05489399 75.12724085
11.05489399 70.12724085
16.05489399 65.12724085
21.05489399 60.12724085
26.05489399 55.12724085
31.05489399 50.12724085
31.05489399 45.12724085
31.05489399 40.12724085
31.05489399 35.12724085
31.05489399 30.12724085
31.05489399 25.12724085
36.05489399 20.12724085
36.05489399 15.12724085
41.05489399 15.12724085
46.05489399 10.12724085
51.05489399 10.12724085
56.05489399 10.12724085
61.05489399 15.12724085
66.05489399 20.12724085
71.05489399 25.12724085
75.67568769 29.79051342
